* tel	csi	Z	A	CutStart	CutEnd	ChanelStep
0	0	1	1	86	1000	3
0	0	1	2	86	1350	4
0	0	1	3	86	1500	5
0	0	2	3	86	1750	6
0	0	2	4	86	1750	6
0	0	2	6	86	1750	6
0	0	3	6	86	1550	5
0	0	3	7	86	1550	5
0	0	3	8	86	1550	5
0	0	4	7	86	1150	4
0	0	4	9	86	1150	4
0	0	4	10	86	1150	4
0	1	1	1	70	970	3
0	1	1	2	70	1270	4
0	1	1	3	70	1410	4
0	1	2	3	70	1570	5
0	1	2	4	70	1830	6
0	1	2	6	70	1670	5
0	1	3	6	70	1750	6
0	1	3	7	70	1750	6
0	1	3	8	70	1750	6
0	1	4	7	70	1590	5
0	1	4	9	70	1590	5
0	1	4	10	70	1590	5
0	2	1	1	87	1010	3
0	2	1	2	87	1300	4
0	2	1	3	87	1400	4
0	2	2	3	87	1720	5
0	2	2	4	87	1950	6
0	2	2	6	87	1700	5
0	2	3	6	87	1720	5
0	2	3	7	87	1720	5
0	2	3	8	87	1720	5
0	2	4	7	87	1500	5
0	2	4	9	87	1500	5
0	2	4	10	87	1500	5
0	3	1	1	39	910	3
0	3	1	2	39	1150	4
0	3	1	3	39	1350	4
0	3	2	3	39	1350	4
0	3	2	4	39	1620	5
0	3	2	6	39	1310	4
0	3	3	6	39	1570	5
0	3	3	7	39	1570	5
0	3	3	8	39	1570	5
0	3	4	7	39	1240	4
0	3	4	9	39	1240	4
0	3	4	10	39	1240	4
1	0	1	1	99	1040	3
1	0	1	2	99	1350	4
1	0	1	3	99	1510	5
1	0	2	3	99	1540	5
1	0	2	4	99	1860	6
1	0	2	6	99	1690	5
1	0	3	6	99	2090	7
1	0	3	7	99	2090	7
1	0	3	8	99	2090	7
1	0	4	7	99	1730	5
1	0	4	9	99	1730	5
1	0	4	10	99	1730	5
1	1	1	1	85	1000	3
1	1	1	2	85	1350	4
1	1	1	3	85	1470	5
1	1	2	3	85	1550	5
1	1	2	4	85	1850	6
1	1	2	6	85	1620	5
1	1	3	6	85	2150	7
1	1	3	7	85	2150	7
1	1	3	8	85	2150	7
1	1	4	7	85	1800	6
1	1	4	9	85	1800	6
1	1	4	10	85	1800	6
1	2	1	1	72	970	3
1	2	1	2	72	1270	4
1	2	1	3	72	1350	4
1	2	2	3	72	1510	5
1	2	2	4	72	1670	5
1	2	2	6	72	1490	5
1	2	3	6	72	1710	5
1	2	3	7	72	1710	5
1	2	3	8	72	1710	5
1	2	4	7	72	1400	4
1	2	4	9	72	1400	4
1	2	4	10	72	1400	4
1	3	1	1	98	960	3
1	3	1	2	98	1230	4
1	3	1	3	98	1370	4
1	3	2	3	98	1490	5
1	3	2	4	98	1700	5
1	3	2	6	98	1490	5
1	3	3	6	98	1730	5
1	3	3	7	98	1730	5
1	3	3	8	98	1730	5
1	3	4	7	98	1400	4
1	3	4	9	98	1400	4
1	3	4	10	98	1400	4
2	0	1	1	68	950	3
2	0	1	2	68	1280	4
2	0	1	3	68	1410	4
2	0	2	3	68	1450	5
2	0	2	4	68	1650	5
2	0	2	6	68	1420	5
2	0	3	6	68	1650	5
2	0	3	7	68	1650	5
2	0	3	8	68	1650	5
2	0	4	7	68	1350	4
2	0	4	9	68	1350	4
2	0	4	10	68	1350	4
2	1	1	1	97	910	3
2	1	1	2	97	1150	4
2	1	1	3	97	1310	4
2	1	2	3	97	1370	4
2	1	2	4	97	1480	5
2	1	2	6	97	1280	4
2	1	3	6	97	1450	5
2	1	3	7	97	1450	5
2	1	3	8	97	1450	5
2	1	4	7	97	1250	4
2	1	4	9	97	1250	4
2	1	4	10	97	1250	4
2	2	1	1	66	980	3
2	2	1	2	66	1270	4
2	2	1	3	66	1380	4
2	2	2	3	66	1470	5
2	2	2	4	66	1610	5
2	2	2	6	66	1350	4
2	2	3	6	66	1320	4
2	2	3	7	66	1320	4
2	2	3	8	66	1320	4
2	2	4	7	66	990	3
2	2	4	9	66	990	3
2	2	4	10	66	990	3
2	3	1	1	94	950	3
2	3	1	2	94	1220	4
2	3	1	3	94	1330	4
2	3	2	3	94	1350	4
2	3	2	4	94	1530	5
2	3	2	6	94	1180	4
2	3	3	6	94	1530	5
2	3	3	7	94	1530	5
2	3	3	8	94	1530	5
2	3	4	7	94	1150	4
2	3	4	9	94	1150	4
2	3	4	10	94	1150	4
3	0	1	1	71	970	3
3	0	1	2	71	1150	4
3	0	1	3	71	1250	4
3	0	2	3	71	1210	4
3	0	2	4	71	1430	5
3	0	2	6	71	1200	4
3	0	3	6	71	1320	4
3	0	3	7	71	1320	4
3	0	3	8	71	1320	4
3	0	4	7	71	1170	4
3	0	4	9	71	1170	4
3	0	4	10	71	1170	4
3	1	1	1	98	910	3
3	1	1	2	98	1070	3
3	1	1	3	98	1070	3
3	1	2	3	98	1280	4
3	1	2	4	98	1350	4
3	1	2	6	98	1250	4
3	1	3	6	98	1100	3
3	1	3	7	98	1100	3
3	1	3	8	98	1100	3
3	1	4	7	98	1100	3
3	1	4	9	98	1100	3
3	1	4	10	98	1100	3
3	2	1	1	91	680	2
3	2	1	2	91	810	2
3	2	1	3	91	830	2
3	2	2	3	91	980	3
3	2	2	4	91	1050	3
3	2	2	6	91	770	2
3	2	3	6	91	830	2
3	2	3	7	91	830	2
3	2	3	8	91	830	2
3	2	4	7	91	830	2
3	2	4	9	91	830	2
3	2	4	10	91	830	2
3	3	1	1	71	990	3
3	3	1	2	71	1250	4
3	3	1	3	71	1300	4
3	3	2	3	71	1550	5
3	3	2	4	71	1680	5
3	3	2	6	71	1250	4
3	3	3	6	71	1350	4
3	3	3	7	71	1350	4
3	3	3	8	71	1350	4
3	3	4	7	71	1150	4
3	3	4	9	71	1150	4
3	3	4	10	71	1150	4
4	0	1	1	101	1250	4
4	0	1	2	101	1550	5
4	0	1	3	101	1650	5
4	0	2	3	101	1850	6
4	0	2	4	101	1950	6
4	0	2	6	101	1650	5
4	0	3	6	101	1550	5
4	0	3	7	101	1550	5
4	0	3	8	101	1550	5
4	0	4	7	101	1550	5
4	0	4	9	101	1550	5
4	0	4	10	101	1550	5
4	1	1	1	72	1290	4
4	1	1	2	72	1550	5
4	1	1	3	72	1650	5
4	1	2	3	72	1850	6
4	1	2	4	72	2050	7
4	1	2	6	72	1750	6
4	1	3	6	72	1650	5
4	1	3	7	72	1650	5
4	1	3	8	72	1650	5
4	1	4	7	72	1350	4
4	1	4	9	72	1350	4
4	1	4	10	72	1350	4
4	2	1	1	98	1150	4
4	2	1	2	98	1300	4
4	2	1	3	98	1300	4
4	2	2	3	98	1610	5
4	2	2	4	98	1750	6
4	2	2	6	98	1500	5
4	2	3	6	98	1550	5
4	2	3	7	98	1550	5
4	2	3	8	98	1550	5
4	2	4	7	98	1250	4
4	2	4	9	98	1250	4
4	2	4	10	98	1250	4
4	3	1	1	93	1190	4
4	3	1	2	93	1380	4
4	3	1	3	93	1400	4
4	3	2	3	93	1650	5
4	3	2	4	93	1650	5
4	3	2	6	93	1400	4
4	3	3	6	93	1350	4
4	3	3	7	93	1350	4
4	3	3	8	93	1350	4
4	3	4	7	93	1350	4
4	3	4	9	93	1350	4
4	3	4	10	93	1350	4
5	0	1	1	84	1250	4
5	0	1	2	84	1530	5
5	0	1	3	84	1560	5
5	0	2	3	84	1860	6
5	0	2	4	84	1950	6
5	0	2	6	84	1550	5
5	0	3	6	84	1490	5
5	0	3	7	84	1490	5
5	0	3	8	84	1490	5
5	0	4	7	84	1450	5
5	0	4	9	84	1450	5
5	0	4	10	84	1450	5
5	1	1	1	79	1450	5
5	1	1	2	79	1750	6
5	1	1	3	79	1950	6
5	1	2	3	79	2170	7
5	1	2	4	79	2350	8
5	1	2	6	79	1950	6
5	1	3	6	79	1850	6
5	1	3	7	79	1850	6
5	1	3	8	79	1850	6
5	1	4	7	79	1550	5
5	1	4	9	79	1550	5
5	1	4	10	79	1550	5
5	2	1	1	73	1400	4
5	2	1	2	73	1710	5
5	2	1	3	73	1720	5
5	2	2	3	73	1950	6
5	2	2	4	73	2110	7
5	2	2	6	73	1850	6
5	2	3	6	73	1550	5
5	2	3	7	73	1550	5
5	2	3	8	73	1550	5
5	2	4	7	73	1390	4
5	2	4	9	73	1390	4
5	2	4	10	73	1390	4
5	3	1	1	90	2250	7
5	3	1	2	90	2650	9
5	3	1	3	90	2650	9
5	3	2	3	90	3150	10
5	3	2	4	90	3250	11
5	3	2	6	90	2650	9
5	3	3	6	90	2450	8
5	3	3	7	90	2450	8
5	3	3	8	90	2450	8
5	3	4	7	90	2250	7
5	3	4	9	90	2250	7
5	3	4	10	90	2250	7
6	0	1	1	65	1150	4
6	0	1	2	65	1450	5
6	0	1	3	65	1450	5
6	0	2	3	65	1620	5
6	0	2	4	65	1670	5
6	0	2	6	65	1500	5
6	0	3	6	65	1450	5
6	0	3	7	65	1450	5
6	0	3	8	65	1450	5
6	0	4	7	65	1450	5
6	0	4	9	65	1450	5
6	0	4	10	65	1450	5
6	1	1	1	71	1200	4
6	1	1	2	71	1400	4
6	1	1	3	71	1500	5
6	1	2	3	71	1750	6
6	1	2	4	71	1750	6
6	1	2	6	71	1470	5
6	1	3	6	71	1550	5
6	1	3	7	71	1550	5
6	1	3	8	71	1550	5
6	1	4	7	71	1550	5
6	1	4	9	71	1550	5
6	1	4	10	71	1550	5
6	2	1	1	76	1170	4
6	2	1	2	76	1270	4
6	2	1	3	76	1270	4
6	2	2	3	76	1510	5
6	2	2	4	76	1510	4
6	2	2	6	76	1150	4
6	2	3	6	76	1250	4
6	2	3	7	76	1250	4
6	2	3	8	76	1250	4
6	2	4	7	76	1250	4
6	2	4	9	76	1250	4
6	2	4	10	76	1250	4
6	3	1	1	82	1150	4
6	3	1	2	82	1350	4
6	3	1	3	82	1350	4
6	3	2	3	82	1550	5
6	3	2	4	82	1650	5
6	3	2	6	82	1210	4
6	3	3	6	82	1250	4
6	3	3	7	82	1250	4
6	3	3	8	82	1250	4
6	3	4	7	82	1250	4
6	3	4	9	82	1250	4
6	3	4	10	82	1250	4
7	0	1	1	92	1210	4
7	0	1	2	92	1390	4
7	0	1	3	92	1390	4
7	0	2	3	92	1550	5
7	0	2	4	92	1550	5
7	0	2	6	92	1150	4
7	0	3	6	92	1250	4
7	0	3	7	92	1250	4
7	0	3	8	92	1250	4
7	0	4	7	92	1250	4
7	0	4	9	92	1250	4
7	0	4	10	92	1250	4
7	1	1	1	85	1260	4
7	1	1	2	85	1450	5
7	1	1	3	85	1450	5
7	1	2	3	85	1650	5
7	1	2	4	85	1650	5
7	1	2	6	85	1370	4
7	1	3	6	85	1290	4
7	1	3	7	85	1290	4
7	1	3	8	85	1290	4
7	1	4	7	85	1290	4
7	1	4	9	85	1290	4
7	1	4	10	85	1290	4
7	2	1	1	102	1230	4
7	2	1	2	102	1350	4
7	2	1	3	102	1350	4
7	2	2	3	102	1500	5
7	2	2	4	102	1500	5
7	2	2	6	102	1500	5
7	2	3	6	102	1050	3
7	2	3	7	102	1050	3
7	2	3	8	102	1050	3
7	2	4	7	102	1050	3
7	2	4	9	102	1050	3
7	2	4	10	102	1050	3
7	3	1	1	74	1100	3
7	3	1	2	74	1290	4
7	3	1	3	74	1290	4
7	3	2	3	74	1550	5
7	3	2	4	74	1550	5
7	3	2	6	74	1180	4
7	3	3	6	74	1200	4
7	3	3	7	74	1200	4
7	3	3	8	74	1200	4
7	3	4	7	74	1200	4
7	3	4	9	74	1200	4
7	3	4	10	74	1200	4
8	0	1	1	95	1270	4
8	0	1	2	95	1450	5
8	0	1	3	95	1450	5
8	0	2	3	95	1550	5
8	0	2	4	95	1550	5
8	0	2	6	95	1210	4
8	0	3	6	95	1150	4
8	0	3	7	95	1150	4
8	0	3	8	95	1150	4
8	0	4	7	95	1150	4
8	0	4	9	95	1150	4
8	0	4	10	95	1150	4
8	1	1	1	119	1340	4
8	1	1	2	119	1450	4
8	1	1	3	119	1450	4
8	1	2	3	119	1610	5
8	1	2	4	119	1610	5
8	1	2	6	119	1150	3
8	1	3	6	119	1250	4
8	1	3	7	119	1250	4
8	1	3	8	119	1250	4
8	1	4	7	119	1250	4
8	1	4	9	119	1250	4
8	1	4	10	119	1250	4
8	2	1	1	100	1150	4
8	2	1	2	100	1150	4
8	2	1	3	100	1150	4
8	2	2	3	100	1270	4
8	2	2	4	100	1270	4
8	2	2	6	100	1270	4
8	2	3	6	100	1270	4
8	2	3	7	100	1270	4
8	2	3	8	100	1270	4
8	2	4	7	100	1270	4
8	2	4	9	100	1270	4
8	2	4	10	100	1270	4
8	3	1	1	105	1030	3
8	3	1	2	105	1150	3
8	3	1	3	105	1150	3
8	3	2	3	105	1210	4
8	3	2	4	105	1210	4
8	3	2	6	105	800	2
8	3	3	6	105	800	2
8	3	3	7	105	800	2
8	3	3	8	105	800	2
8	3	4	7	105	800	2
8	3	4	9	105	800	2
8	3	4	10	105	800	2
9	0	1	1	105	1150	3
9	0	1	2	105	1450	4
9	0	1	3	105	1450	4
9	0	2	3	105	1500	5
9	0	2	4	105	1500	5
9	0	2	6	105	1210	4
9	0	3	6	105	1050	3
9	0	3	7	105	1050	3
9	0	3	8	105	1050	3
9	0	4	7	105	1050	3
9	0	4	9	105	1050	3
9	0	4	10	105	1050	3
9	1	1	1	92	1250	4
9	1	1	2	92	1370	4
9	1	1	3	92	1370	4
9	1	2	3	92	1500	5
9	1	2	4	92	1580	5
9	1	2	6	92	1150	4
9	1	3	6	92	1150	4
9	1	3	7	92	1150	4
9	1	3	8	92	1150	4
9	1	4	7	92	1150	4
9	1	4	9	92	1150	4
9	1	4	10	92	1150	4
9	2	1	1	115	1300	4
9	2	1	2	115	1420	4
9	2	1	3	115	1420	4
9	2	2	3	115	1650	5
9	2	2	4	115	1650	5
9	2	2	6	115	1650	5
9	2	3	6	115	1250	4
9	2	3	7	115	1250	4
9	2	3	8	115	1250	4
9	2	4	7	115	1250	4
9	2	4	9	115	1250	4
9	2	4	10	115	1250	4
9	3	1	1	106	1150	3
9	3	1	2	106	1330	4
9	3	1	3	106	1330	4
9	3	2	3	106	1310	4
9	3	2	4	106	1310	4
9	3	2	6	106	950	3
9	3	3	6	106	950	3
9	3	3	7	106	950	3
9	3	3	8	106	950	3
9	3	4	7	106	950	3
9	3	4	9	106	950	3
9	3	4	10	106	950	3
10	0	1	1	95	1410	4
10	0	1	2	95	1510	5
10	0	1	3	95	1510	5
10	0	2	3	95	1670	5
10	0	2	4	95	1670	5
10	0	2	6	95	1350	4
10	0	3	6	95	1000	3
10	0	3	7	95	1000	3
10	0	3	8	95	1000	3
10	0	4	7	95	1000	3
10	0	4	9	95	1000	3
10	0	4	10	95	1000	3
10	1	1	1	102	1290	4
10	1	1	2	102	1400	4
10	1	1	3	102	1400	4
10	1	2	3	102	1500	5
10	1	2	4	102	1500	5
10	1	2	6	102	1050	3
10	1	3	6	102	1050	3
10	1	3	7	102	1050	3
10	1	3	8	102	1050	3
10	1	4	7	102	1050	3
10	1	4	9	102	1050	3
10	1	4	10	102	1050	3
10	2	1	1	113	1290	4
10	2	1	2	113	1490	5
10	2	1	3	113	1490	5
10	2	2	3	113	1590	5
10	2	2	4	113	1590	5
10	2	2	6	113	1150	3
10	2	3	6	113	1150	3
10	2	3	7	113	1150	3
10	2	3	8	113	1150	3
10	2	4	7	113	1150	3
10	2	4	9	113	1150	3
10	2	4	10	113	1150	3
10	3	1	1	97	1150	4
10	3	1	2	97	1180	4
10	3	1	3	97	1180	4
10	3	2	3	97	1250	4
10	3	2	4	97	1250	4
10	3	2	6	97	950	3
10	3	3	6	97	950	3
10	3	3	7	97	950	3
10	3	3	8	97	950	3
10	3	4	7	97	950	3
10	3	4	9	97	950	3
10	3	4	10	97	950	3
11	0	1	1	126	1150	3
11	0	1	2	126	1300	4
11	0	1	3	126	1300	4
11	0	2	3	126	1370	4
11	0	2	4	126	1370	4
11	0	2	6	126	950	3
11	0	3	6	126	950	3
11	0	3	7	126	950	3
11	0	3	8	126	950	3
11	0	4	7	140	950	3
11	0	4	9	130	950	3
11	0	4	10	126	950	3
11	1	1	1	104	930	3
11	1	1	2	104	1110	3
11	1	1	3	104	1110	3
11	1	2	3	104	1250	4
11	1	2	4	104	1250	4
11	1	2	6	104	900	3
11	1	3	6	104	900	3
11	1	3	7	104	900	3
11	1	3	8	104	900	3
11	1	4	7	104	900	3
11	1	4	9	104	900	3
11	1	4	10	104	900	3
11	2	1	1	126	1150	3
11	2	1	2	126	1210	4
11	2	1	3	126	1210	4
11	2	2	3	126	1330	4
11	2	2	4	126	1330	4
11	2	2	6	126	860	2
11	2	3	6	126	950	3
11	2	3	7	126	950	3
11	2	3	8	126	950	3
11	2	4	7	126	950	3
11	2	4	9	126	950	3
11	2	4	10	126	950	3
11	3	1	1	97	970	3
11	3	1	2	97	1150	4
11	3	1	3	97	1150	4
11	3	2	3	97	1290	4
11	3	2	4	97	1290	4
11	3	2	6	97	950	3
11	3	3	6	97	950	3
11	3	3	7	97	950	3
11	3	3	8	97	950	3
11	3	4	7	97	950	3
11	3	4	9	97	950	3
11	3	4	10	97	950	3
