 *tel    numcsi   CsIInVoltage     errCsIInVoltage           CsIE       errCsIE
    0         0      0.0307874    0.000307874        8.99954      0.0899954
    0         0       0.142527     0.00142527        24.4547       0.244547
    0         0        0.26019      0.0026019        40.4516       0.404516
    0         0       0.378201     0.00378201        56.8057       0.568057
    0         0       0.489052     0.00489052        72.4586       0.724586
    0         0       0.600001     0.00600001        88.3059       0.883059
    0         0       0.710624     0.00710624        104.327        1.04327
    0         0       0.821981     0.00821981        120.523        1.20523
    0         0       0.934624     0.00934624        136.902        1.36902
    0         0        1.04037      0.0104037        152.434        1.52434
    0         0        1.14741      0.0114741        168.152        1.68152
    0         0        1.25712      0.0125712        184.068        1.84068
    0         0        1.36971      0.0136971        200.193        2.00193
    0         0        1.48451      0.0148451        216.542        2.16542
    0         0        1.59324      0.0159324        232.013        2.32013
    0         0        1.71174      0.0171174        248.828        2.48828
    0         0        1.82302      0.0182302        264.755        2.64755
    0         0        1.93489      0.0193489        280.919        2.80919
    0         0        2.03946      0.0203946        296.148        2.96148
    0         0         2.1525       0.021525        312.794        3.12794
    0         0        2.25762      0.0225762        328.489        3.28489
    0         1      0.0279281    0.000279281        9.18256      0.0918256
    0         1       0.138308     0.00138308        24.4968       0.244968
    0         1       0.245222     0.00245222        39.7124       0.397124
    0         1       0.354293     0.00354293        54.8608       0.548608
    0         1       0.455479     0.00455479        69.0095       0.690095
    0         1       0.564287     0.00564287        84.2132       0.842132
    0         1       0.672427     0.00672427        99.4888       0.994888
    0         1       0.781204     0.00781204        114.859        1.14859
    0         1       0.882434     0.00882434        129.309        1.29309
    0         1       0.993025     0.00993025        144.919        1.44919
    0         1        1.09658      0.0109658        159.625        1.59625
    0         1        1.20249      0.0120249        174.475        1.74475
    0         1        1.31113      0.0131113        189.482        1.89482
    0         1        1.42167      0.0142167        204.658        2.04658
    0         1        1.52584      0.0152584        218.912        2.18912
    0         1        1.63983      0.0163983        234.445        2.34445
    0         1        1.74784      0.0174784        249.048        2.49048
    0         1        1.86414      0.0186414        264.978        2.64978
    0         1        1.97253      0.0197253        279.968        2.79968
    0         1         2.0731       0.020731         293.98         2.9398
    0         2      0.0348195    0.000348195        9.86803      0.0986803
    0         2        0.14461      0.0014461        24.6409       0.246409
    0         2       0.253816     0.00253816         39.254        0.39254
    0         2       0.369531     0.00369531         54.752        0.54752
    0         2       0.479286     0.00479286        69.2666       0.692666
    0         2       0.595552     0.00595552        84.7639       0.847639
    0         2       0.704715     0.00704715         99.329        0.99329
    0         2       0.820922     0.00820922        114.926        1.14926
    0         2       0.930631     0.00930631        129.627        1.29627
    0         2        1.04148      0.0104148        144.418        1.44418
    0         2        1.15416      0.0115416        159.318        1.59318
    0         2        1.26979      0.0126979        174.341        1.74341
    0         2        1.38805      0.0138805        189.501        1.89501
    0         2        1.50924      0.0150924        204.811        2.04811
    0         2        1.62392      0.0162392        219.247        2.19247
    0         2        1.74857      0.0174857        234.882        2.34882
    0         2        1.86581      0.0186581        249.643        2.49643
    0         2        1.98317      0.0198317        264.574        2.64574
    0         2        2.10099      0.0210099        279.684        2.79684
    0         2        2.21957      0.0221957        294.983        2.94983
    0         2        2.33044      0.0233044        309.365        3.09365
    0         3      0.0296201    0.000296201        10.2897       0.102897
    0         3       0.133025     0.00133025        23.6573       0.236573
    0         3       0.232808     0.00232808        36.9513       0.369513
    0         3       0.325887     0.00325887        49.4277       0.494277
    0         3       0.426285     0.00426285        62.8063       0.628063
    0         3       0.520279     0.00520279        75.4264       0.754264
    0         3        0.62031      0.0062031         88.979        0.88979
    0         3       0.714809     0.00714809        101.776        1.01776
    0         3       0.808237     0.00808237        114.669        1.14669
    0         3       0.902178     0.00902178        127.666        1.27666
    0         3       0.997958     0.00997958        140.772        1.40772
    0         3        1.09403      0.0109403        153.997        1.53997
    0         3        1.18522      0.0118522        166.454        1.66454
    0         3         1.2851       0.012851        179.929        1.79929
    0         3        1.37976      0.0137976        192.632        1.92632
    0         3        1.47631      0.0147631        205.463        2.05463
    0         3        1.57424      0.0157424        218.428        2.18428
    0         3        1.67329      0.0167329        231.534        2.31534
    0         3        1.77322      0.0177322        244.786        2.44786
    0         3        1.86675      0.0186675        257.227        2.57227
    0         3        1.96783      0.0196783        270.777        2.70777
    1         0      0.0312539    0.000312539         8.2088       0.082088
    1         0       0.132701     0.00132701        21.9898       0.219898
    1         0       0.231287     0.00231287        34.9226       0.349226
    1         0       0.330617     0.00330617        47.9941       0.479941
    1         0       0.424162     0.00424162         60.467        0.60467
    1         0       0.524601     0.00524601        73.8576       0.738576
    1         0       0.617781     0.00617781         86.567        0.86567
    1         0       0.711724     0.00711724        99.3705       0.993705
    1         0        0.80556      0.0080556        112.268        1.12268
    1         0       0.900131     0.00900131        125.263        1.25263
    1         0       0.994578     0.00994578        138.362        1.38362
    1         0        1.09045      0.0109045        151.572        1.51572
    1         0        1.18899      0.0118899        164.902        1.64902
    1         0        1.28239      0.0128239        177.514        1.77514
    1         0        1.37766      0.0137766        190.243        1.90243
    1         0        1.48104      0.0148104        203.959        2.03959
    1         0        1.57941      0.0157941        216.953        2.16953
    1         0        1.67214      0.0167214        229.205        2.29205
    1         0        1.77269      0.0177269         242.47         2.4247
    1         0        1.87436      0.0187436        255.885        2.55885
    1         0        1.96916      0.0196916        268.545        2.68545
    1         1      0.0333099    0.000333099        9.30385      0.0930385
    1         1       0.132111     0.00132111        22.7133       0.227133
    1         1       0.223345     0.00223345        35.1694       0.351694
    1         1       0.320401     0.00320401        48.5187       0.485187
    1         1       0.418565     0.00418565        61.8555       0.618555
    1         1       0.509454     0.00509454        74.2439       0.742439
    1         1       0.607559     0.00607559        87.6035       0.876035
    1         1       0.704802     0.00704802        100.995        1.00995
    1         1       0.796476     0.00796476        113.471        1.13471
    1         1       0.894741     0.00894741        126.962        1.26962
    1         1       0.986298     0.00986298        139.553        1.39553
    1         1        1.07881      0.0107881        152.213        1.52213
    1         1        1.18152      0.0118152        165.937        1.65937
    1         1        1.27762      0.0127762        178.773        1.78773
    1         1         1.3758       0.013758        191.704        1.91704
    1         1        1.47579      0.0147579         204.74         2.0474
    1         1        1.57725      0.0157725        217.889        2.17889
    1         1        1.67197      0.0167197        230.131        2.30131
    1         1        1.77558      0.0177558        243.514        2.43514
    1         1        1.87301      0.0187301        255.985        2.55985
    1         1        1.97762      0.0197762        269.628        2.69628
    1         2      0.0318352    0.000318352        9.59202      0.0959202
    1         2       0.131967     0.00131967        22.6068       0.226068
    1         2       0.228001     0.00228001         35.646        0.35646
    1         2       0.325562     0.00325562        48.6531       0.486531
    1         2       0.422378     0.00422378        61.6803       0.616803
    1         2       0.519344     0.00519344        74.7426       0.747426
    1         2       0.617351     0.00617351        87.8521       0.878521
    1         2       0.708532     0.00708532        100.195        1.00195
    1         2       0.806265     0.00806265        113.427        1.13427
    1         2       0.903764     0.00903764         126.74         1.2674
    1         2       0.995868     0.00995868        139.303        1.39303
    1         2        1.09644      0.0109644        152.801        1.52801
    1         2        1.19172      0.0119172        165.558        1.65558
    1         2        1.28888      0.0128888         178.42         1.7842
    1         2        1.38817      0.0138817        191.395        1.91395
    1         2        1.48895      0.0148895        204.492        2.04492
    1         2        1.59134      0.0159134        217.717        2.17717
    1         2        1.68769      0.0168769        230.183        2.30183
    1         2        1.79242      0.0179242        243.677        2.43677
    1         2        1.89034      0.0189034        256.406        2.56406
    1         2        1.98904      0.0198904         269.27         2.6927
    1         2        2.08776      0.0208776        282.275        2.82275
    1         3      0.0321544    0.000321544        9.84238      0.0984238
    1         3       0.131311     0.00131311        23.7399       0.237399
    1         3       0.227628     0.00227628        37.2177       0.372177
    1         3       0.330202     0.00330202         51.427        0.51427
    1         3       0.433103     0.00433103        65.6475       0.656475
    1         3       0.536081     0.00536081        79.9216       0.799216
    1         3       0.634053     0.00634053        93.4276       0.934276
    1         3       0.736879     0.00736879        107.872        1.07872
    1         3       0.833636     0.00833636         121.57         1.2157
    1         3       0.931287     0.00931287        135.383        1.35383
    1         3        1.02952      0.0102952         149.32         1.4932
    1         3         1.1305       0.011305        163.396        1.63396
    1         3         1.2321       0.012321         177.62         1.7762
    1         3        1.32971      0.0132971        191.098        1.91098
    1         3        1.43599      0.0143599        205.638        2.05638
    1         3        1.53695      0.0153695        219.431        2.19431
    1         3        1.63941      0.0163941        233.388        2.33388
    1         3        1.74313      0.0174313        247.516        2.47516
    1         3        1.84762      0.0184762        261.824        2.61824
    1         3        1.94534      0.0194534        275.347        2.75347
    1         3        2.04381      0.0204381        289.038        2.89038
    2         0      0.0404516    0.000404516         8.9512       0.089512
    2         0       0.134813     0.00134813        21.8521       0.218521
    2         0       0.228212     0.00228212        34.6519       0.346519
    2         0       0.321872     0.00321872        47.5901       0.475901
    2         0       0.414573     0.00414573        60.6079       0.606079
    2         0       0.508674     0.00508674        73.6667       0.736667
    2         0       0.602179     0.00602179        86.7611       0.867611
    2         0       0.695491     0.00695491        99.8994       0.998994
    2         0       0.782868     0.00782868        112.268        1.12268
    2         0       0.877554     0.00877554        125.532        1.25532
    2         0       0.971529     0.00971529        138.883        1.38883
    2         0        1.06053      0.0106053        151.489        1.51489
    2         0        1.15172      0.0115172        164.194        1.64194
    2         0         1.2502       0.012502        177.866        1.77866
    2         0        1.34503      0.0134503        190.806        1.90806
    2         0         1.4409       0.014409        203.872        2.03872
    2         0        1.53152      0.0153152        216.189        2.16189
    2         0        1.63013      0.0163013        229.523        2.29523
    2         0        1.72399      0.0172399        242.102        2.42102
    2         0        1.82471      0.0182471        255.731        2.55731
    2         0        1.91862      0.0191862        268.598        2.68598
    2         1      0.0293235    0.000293235        7.68528      0.0768528
    2         1        0.12314      0.0012314        21.7635       0.217635
    2         1        0.22048      0.0022048        35.9662       0.359662
    2         1       0.311803     0.00311803        49.3703       0.493703
    2         1       0.410481     0.00410481        63.8808       0.638808
    2         1       0.502504     0.00502504         77.677        0.77677
    2         1       0.594369     0.00594369         91.653        0.91653
    2         1       0.685919     0.00685919        105.808        1.05808
    2         1       0.771756     0.00771756        119.186        1.19186
    2         1       0.864788     0.00864788        133.704        1.33704
    2         1       0.950758     0.00950758        147.433        1.47433
    2         1         1.0379       0.010379        161.346        1.61346
    2         1        1.12597      0.0112597        175.448        1.75448
    2         1        1.21726      0.0121726        189.749        1.89749
    2         1        1.30202      0.0130202        203.214        2.03214
    2         1        1.39507      0.0139507        217.922        2.17922
    2         1        1.48284      0.0148284        231.779        2.31779
    2         1        1.57179      0.0157179        245.836        2.45836
    2         1        1.65595      0.0165595        258.995        2.58995
    2         1          1.747        0.01747        273.456        2.73456
    2         1        1.83099      0.0183099            287           2.87
    2         2      0.0370827    0.000370827         9.5658       0.095658
    2         2       0.133609     0.00133609        22.5672       0.225672
    2         2       0.228882     0.00228882        35.4241       0.354241
    2         2       0.330975     0.00330975        48.9436       0.489436
    2         2        0.42623      0.0042623        61.6422       0.616422
    2         2       0.521488     0.00521488        74.3631       0.743631
    2         2       0.623501     0.00623501        87.9382       0.879382
    2         2       0.718988     0.00718988        100.794        1.00794
    2         2       0.815291     0.00815291        113.744        1.13744
    2         2       0.910785     0.00910785        126.805        1.26805
    2         2        1.00842      0.0100842        139.989        1.39989
    2         2        1.10014      0.0110014        152.471        1.52471
    2         2        1.20033      0.0120033        165.927        1.65927
    2         2        1.29595      0.0129595        178.682        1.78682
    2         2        1.39302      0.0139302         191.58         1.9158
    2         2        1.49204      0.0149204        204.629        2.04629
    2         2        1.59237      0.0159237        217.836        2.17836
    2         2        1.68807      0.0168807         230.31         2.3031
    2         2        1.79056      0.0179056        243.841        2.43841
    2         2        1.88672      0.0188672         256.63         2.5663
    2         2        1.98344      0.0198344        269.578        2.69578
    2         3      0.0247611    0.000247611        7.03541      0.0703541
    2         3       0.111895     0.00111895        19.4557       0.194557
    2         3       0.202169     0.00202169        31.8552       0.318552
    2         3        0.28677      0.0028677        43.5373       0.435373
    2         3        0.37235      0.0037235        55.3448       0.553448
    2         3       0.456704     0.00456704        67.2377       0.672377
    2         3       0.541361     0.00541361        79.1969       0.791969
    2         3       0.627484     0.00627484        91.2184       0.912184
    2         3       0.711927     0.00711927        103.306        1.03306
    2         3       0.796513     0.00796513        115.465        1.15465
    2         3       0.882906     0.00882906        127.707        1.27707
    2         3       0.962102     0.00962102        139.155        1.39155
    2         3        1.04808      0.0104808        151.578        1.51578
    2         3        1.13062      0.0113062         163.21         1.6321
    2         3        1.21976      0.0121976        175.848        1.75848
    2         3        1.30379      0.0130379        187.693        1.87693
    2         3        1.38918      0.0138918         199.65         1.9965
    2         3        1.47616      0.0147616        211.726        2.11726
    2         3        1.56564      0.0156564        223.924        2.23924
    2         3        1.64777      0.0164777        235.299        2.35299
    2         3        1.73746      0.0173746         247.75         2.4775
    2         3        1.82061      0.0182061        259.367        2.59367
    3         0      0.0298967    0.000298967        7.45179      0.0745179
    3         0       0.102353     0.00102353        17.5495       0.175495
    3         0       0.175774     0.00175774         27.577        0.27577
    3         0       0.249891     0.00249891        37.5505       0.375505
    3         0       0.325608     0.00325608         47.572        0.47572
    3         0        0.39972      0.0039972        57.6471       0.576471
    3         0       0.475717     0.00475717        67.7679       0.677679
    3         0       0.549952     0.00549952        77.9309       0.779309
    3         0       0.620442     0.00620442        87.4981       0.874981
    3         0       0.695499     0.00695499        97.7478       0.977478
    3         0        0.76577      0.0076577        107.403        1.07403
    3         0       0.841103     0.00841103        117.757        1.17757
    3         0       0.911725     0.00911725         127.52         1.2752
    3         0       0.987924     0.00987924        137.998        1.37998
    3         0        1.05909      0.0105909        147.887        1.47887
    3         0        1.13226      0.0113226        157.845        1.57845
    3         0        1.20579      0.0120579        167.876        1.67876
    3         0           1.28         0.0128        177.982        1.77982
    3         0        1.35187      0.0135187        187.487        1.87487
    3         0        1.42819      0.0142819        197.752        1.97752
    3         0        1.50092      0.0150092        207.412        2.07412
    3         0        1.57983      0.0157983        217.849        2.17849
    3         1      0.0425638    0.000425638        8.76137      0.0876137
    3         1       0.129082     0.00129082        20.5902       0.205902
    3         1       0.220448     0.00220448        32.8939       0.328939
    3         1       0.311025     0.00311025         44.957        0.44957
    3         1       0.402945     0.00402945        56.9782       0.569782
    3         1       0.488709     0.00488709        68.2493       0.682493
    3         1       0.579904     0.00579904        80.4338       0.804338
    3         1        0.67153      0.0067153        92.7629       0.927629
    3         1       0.757368     0.00757368        104.419        1.04419
    3         1       0.842998     0.00842998        116.229        1.16229
    3         1       0.928816     0.00928816        128.203        1.28203
    3         1         1.0156       0.010156        140.347        1.40347
    3         1        1.10357      0.0110357        152.666        1.52666
    3         1        1.18666      0.0118666        164.267        1.64267
    3         1        1.27732      0.0127732        176.939        1.76939
    3         1        1.36316      0.0136316        188.876        1.88876
    3         1        1.45064      0.0145064         200.98         2.0098
    3         1        1.53256      0.0153256        212.305        2.12305
    3         1        1.62209      0.0162209        224.742        2.24742
    3         1         1.7053       0.017053         236.38         2.3638
    3         2      0.0311205    0.000311205         10.311        0.10311
    3         2      0.0994041    0.000994041        23.4847       0.234847
    3         2       0.165144     0.00165144        36.2787       0.362787
    3         2        0.23769      0.0023769         49.768        0.49768
    3         2       0.303864     0.00303864         62.327        0.62327
    3         2         0.3766       0.003766        75.8399       0.758399
    3         2        0.44312      0.0044312        88.5544       0.885544
    3         2       0.510605     0.00510605        101.399        1.01399
    3         2       0.577533     0.00577533        114.397        1.14397
    3         2       0.645287     0.00645287        127.566        1.27566
    3         2       0.712148     0.00712148         140.92         1.4092
    3         2       0.774175     0.00774175        153.495        1.53495
    3         2       0.836963     0.00836963        166.249        1.66249
    3         2        0.89996      0.0089996         179.19         1.7919
    3         2       0.962845     0.00962845        192.325        1.92325
    3         2        1.02578      0.0102578        205.661        2.05661
    3         2        1.08541      0.0108541        218.156        2.18156
    3         2        1.15025      0.0115025          231.9          2.319
    3         2         1.2108       0.012108        244.782        2.44782
    3         2        1.27141      0.0127141        257.859        2.57859
    3         2        1.32898      0.0132898        270.022        2.70022
    3         3      0.0314582    0.000314582        7.36591      0.0736591
    3         3       0.132649     0.00132649        21.3961       0.213961
    3         3        0.23685      0.0023685        35.8327       0.358327
    3         3       0.336532     0.00336532        49.1622       0.491622
    3         3       0.442278     0.00442278        63.3996       0.633996
    3         3       0.548343     0.00548343        77.6462       0.776462
    3         3       0.654271     0.00654271        91.9486       0.919486
    3         3       0.754159     0.00754159        105.381        1.05381
    3         3       0.860834     0.00860834        119.891        1.19891
    3         3       0.960446     0.00960446        133.568        1.33568
    3         3        1.06126      0.0106126        147.391        1.47391
    3         3        1.16421      0.0116421        161.377        1.61377
    3         3          1.269        0.01269        175.539        1.75539
    3         3        1.37719      0.0137719        189.889        1.89889
    3         3        1.47864      0.0147864        203.393        2.03393
    3         3        1.58146      0.0158146        217.078        2.17078
    3         3        1.68544      0.0168544        230.952        2.30952
    3         3        1.79103      0.0179103        245.023        2.45023
    3         3        1.89698      0.0189698        259.299        2.59299
    3         3        2.00331      0.0200331        273.787        2.73787
    4         0      0.0151447    0.000151447        4.94343      0.0494343
    4         0       0.100551     0.00100551        18.4087       0.184087
    4         0       0.189576     0.00189576        31.3993       0.313993
    4         0       0.278943     0.00278943        44.2026       0.442026
    4         0        0.37291      0.0037291        57.7475       0.577475
    4         0       0.462361     0.00462361         70.468        0.70468
    4         0       0.557022     0.00557022        83.9822       0.839822
    4         0       0.645722     0.00645722        96.7261       0.967261
    4         0       0.735038     0.00735038        109.517        1.09517
    4         0       0.823487     0.00823487        122.376        1.22376
    4         0        0.91299      0.0091299         135.32         1.3532
    4         0        1.00259      0.0100259        148.363        1.48363
    4         0        1.09297      0.0109297        161.523        1.61523
    4         0        1.18554      0.0118554        174.809        1.74809
    4         0        1.27297      0.0127297        187.389        1.87389
    4         0        1.36917      0.0136917        200.951        2.00951
    4         0        1.45981      0.0145981        213.808        2.13808
    4         0         1.5523       0.015523        226.809        2.26809
    4         0        1.64491      0.0164491        239.963        2.39963
    4         0        1.73315      0.0173315        252.383        2.52383
    4         0         1.8275       0.018275         265.85         2.6585
    4         1      0.0208013    0.000208013        6.03201      0.0603201
    4         1       0.104199     0.00104199        19.1799       0.191799
    4         1       0.198443     0.00198443        32.3908       0.323908
    4         1       0.291841     0.00291841        45.4241       0.454241
    4         1       0.386448     0.00386448        58.5964       0.585964
    4         1       0.480956     0.00480956        71.9238       0.719238
    4         1       0.567991     0.00567991        84.4912       0.844912
    4         1       0.656051     0.00656051        97.1752       0.971752
    4         1       0.750299     0.00750299        110.892        1.10892
    4         1       0.837703     0.00837703        123.817        1.23817
    4         1       0.926045     0.00926045        136.861        1.36861
    4         1        1.00861      0.0100861        149.086        1.49086
    4         1        1.09721      0.0109721        162.379        1.62379
    4         1        1.18856      0.0118856         175.81         1.7581
    4         1        1.27411      0.0127411        188.409        1.88409
    4         1        1.36195      0.0136195        201.136        2.01136
    4         1        1.45834      0.0145834        214.993        2.14993
    4         1        1.54031      0.0154031        226.998        2.26998
    4         1         1.6317       0.016317        240.142        2.40142
    4         1        1.72321      0.0172321        253.434        2.53434
    4         1        1.81611      0.0181611         266.88         2.6688
    4         2      0.0280832    0.000280832        7.17598      0.0717598
    4         2       0.120448     0.00120448        19.9394       0.199394
    4         2       0.209582     0.00209582        31.5301       0.315301
    4         2       0.307159     0.00307159        43.7223       0.437223
    4         2       0.403204     0.00403204        55.9455       0.559455
    4         2       0.494128     0.00494128        67.4242       0.674242
    4         2       0.590218     0.00590218        79.8084       0.798084
    4         2       0.680045     0.00680045        91.4521       0.914521
    4         2       0.770903     0.00770903        103.183        1.03183
    4         2         0.8668       0.008668        115.854        1.15854
    4         2       0.957851     0.00957851        127.783        1.27783
    4         2        1.04951      0.0104951        139.819        1.39819
    4         2        1.14142      0.0114142        151.966        1.51966
    4         2         1.2297       0.012297        163.354        1.63354
    4         2        1.32559      0.0132559        175.738        1.75738
    4         2        1.41625      0.0141625        187.356        1.87356
    4         2        1.50939      0.0150939        199.092        1.99092
    4         2         1.6096       0.016096         211.87         2.1187
    4         2         1.7035       0.017035        223.869        2.23869
    4         2         1.7914       0.017914        235.063        2.35063
    4         2        1.88666      0.0188666        247.324        2.47324
    4         3      0.0280486    0.000280486        7.22229      0.0722229
    4         3       0.116068     0.00116068        19.8704       0.198704
    4         3       0.202544     0.00202544        31.4991       0.314991
    4         3       0.293823     0.00293823        43.7512       0.437512
    4         3       0.385506     0.00385506        55.9917       0.559917
    4         3       0.471829     0.00471829         67.443        0.67443
    4         3       0.563851     0.00563851        79.7598       0.797598
    4         3       0.649636     0.00649636        91.3133       0.913133
    4         3       0.740879     0.00740879        103.767        1.03767
    4         3       0.827201     0.00827201        115.473        1.15473
    4         3       0.913189     0.00913189        127.268        1.27268
    4         3       0.999919     0.00999919        139.163        1.39163
    4         3        1.08646      0.0108646        151.163        1.51163
    4         3        1.17585      0.0117585        163.281        1.63281
    4         3         1.2659       0.012659        175.522        1.75522
    4         3        1.35865      0.0135865        187.893        1.87893
    4         3        1.44504      0.0144504        199.503        1.99503
    4         3        1.53276      0.0153276        211.236        2.11236
    4         3        1.62207      0.0162207        223.098        2.23098
    4         3        1.71126      0.0171126        235.094        2.35094
    4         3        1.80136      0.0180136        247.228        2.47228
*    5         0      0.0291354    0.000291354        7.65907      0.0765907
    5         0       0.120808     0.00120808        20.3402       0.203402
    5         0       0.217167     0.00217167        33.4642       0.334642
    5         0       0.314341     0.00314341         46.475        0.46475
    5         0         0.4105       0.004105        59.4591       0.594591
    5         0        0.50801      0.0050801        72.4408       0.724408
    5         0       0.603995     0.00603995        85.4425       0.854425
    5         0       0.701363     0.00701363        98.4858       0.984858
    5         0       0.797486     0.00797486        111.591        1.11591
    5         0       0.894995     0.00894995        124.777        1.24777
    5         0       0.984773     0.00984773        137.108        1.37108
    5         0        1.08377      0.0108377        150.494        1.50494
    5         0        1.17606      0.0117606        163.035        1.63035
    5         0        1.27871      0.0127871        176.671        1.76671
    5         0        1.37509      0.0137509        189.464        1.89464
    5         0        1.47297      0.0147297        202.391        2.02391
    5         0        1.57316      0.0157316         215.46         2.1546
    5         0        1.67353      0.0167353        228.678        2.28678
    5         0        1.76678      0.0176678        241.018        2.41018
    5         0        1.86958      0.0186958        254.543        2.54543
    5         0        1.96395      0.0196395        267.178        2.67178
*    5         1      0.0256448    0.000256448        6.81124      0.0681124
    5         1       0.126973     0.00126973        19.5874       0.195874
    5         1       0.233506     0.00233506        32.4353       0.324353
    5         1        0.34847      0.0034847        45.6677       0.456677
    5         1        0.46273      0.0046273        58.6991       0.586991
    5         1       0.578199     0.00578199         71.692        0.71692
    5         1       0.692499     0.00692499        84.7352       0.847352
    5         1       0.807892     0.00807892        97.8828       0.978828
    5         1       0.914663     0.00914663         110.28         1.1028
    5         1         1.0311       0.010311        123.723        1.23723
    5         1        1.14058      0.0114058        136.438        1.36438
    5         1        1.25302      0.0125302        149.327        1.49327
    5         1        1.36825      0.0136825        162.405        1.62405
    5         1        1.48513      0.0148513        175.679        1.75679
    5         1        1.59555      0.0159555        188.189        1.88189
    5         1        1.71625      0.0171625         201.87         2.0187
    5         1        1.82846      0.0182846        214.772        2.14772
    5         1        1.94122      0.0194122        227.874        2.27874
    5         1        2.04608      0.0204608        240.151        2.40151
    5         1        2.16017      0.0216017        253.654        2.53654
    5         1          2.265        0.02265        266.312        2.66312
    5         2      0.0293424    0.000293424        6.57841      0.0657841
    5         2       0.124335     0.00124335        17.7047       0.177047
    5         2       0.222824     0.00222824        28.8986       0.288986
    5         2       0.322245     0.00322245        39.9477       0.399477
    5         2        0.42194      0.0042194        50.9435       0.509435
    5         2       0.521394     0.00521394        61.8973       0.618973
    5         2       0.620767     0.00620767        72.8235       0.728235
    5         2       0.719679     0.00719679        83.7395       0.837395
    5         2       0.819354     0.00819354        94.6628       0.946628
    5         2       0.918419     0.00918419         105.61         1.0561
    5         2        1.01938      0.0101938        116.596        1.16596
    5         2        1.12041      0.0112041        127.635        1.27635
    5         2        1.22361      0.0122361        138.738        1.38738
    5         2        1.33006      0.0133006        149.916        1.49916
    5         2           1.43         0.0143        160.372        1.60372
    5         2        1.53919      0.0153919        171.723        1.71723
    5         2        1.64269      0.0164269        182.354        1.82354
    5         2        1.75525      0.0175525        193.907        1.93907
    5         2        1.85954      0.0185954        204.739        2.04739
    5         2        1.96467      0.0196467        215.676        2.15676
    5         2        2.07031      0.0207031        226.724        2.26724
    5         2        2.17678      0.0217678        237.887        2.37887
    5         3      0.0347008    0.000347008        5.58943      0.0558943
    5         3       0.166081     0.00166081        17.3763       0.173763
    5         3        0.31562      0.0031562        29.9631       0.299631
    5         3        0.45658      0.0045658        41.4236       0.414236
    5         3       0.606188     0.00606188        53.5364       0.535364
    5         3       0.756623     0.00756623        65.5358       0.655358
    5         3       0.906145     0.00906145        77.4726       0.774726
    5         3        1.05763      0.0105763        89.3889       0.893889
    5         3        1.21285      0.0121285        101.318        1.01318
    5         3        1.37261      0.0137261        113.287        1.13287
    5         3         1.5366       0.015366         125.32         1.2532
    5         3        1.70418      0.0170418        137.434        1.37434
    5         3        1.87356      0.0187356        149.644        1.49644
    5         3        2.04426      0.0204426        161.966        1.61966
    5         3        2.20419      0.0220419        173.576        1.73576
    5         3        2.36433      0.0236433        185.301        1.85301
    5         3        2.52477      0.0252477        197.149        1.97149
    5         3        2.69679      0.0269679        209.987        2.09987
    5         3        2.84576      0.0284576        221.241        2.21241
    5         3         3.0064       0.030064        233.499        2.33499
    5         3        3.16717      0.0316717        245.905        2.45905
    6         0       0.018037     0.00018037        6.04512      0.0604512
    6         0      0.0967083    0.000967083        18.4938       0.184938
    6         0       0.178254     0.00178254        30.4971       0.304971
    6         0       0.260029     0.00260029        42.1852       0.421852
    6         0       0.348394     0.00348394        54.6255       0.546255
    6         0       0.429901     0.00429901        66.2242       0.662242
    6         0       0.518319     0.00518319        78.6772       0.786772
    6         0       0.599419     0.00599419          90.35         0.9035
    6         0       0.687705     0.00687705        102.932        1.02932
    6         0        0.76965      0.0076965        114.762        1.14762
    6         0       0.851495     0.00851495         126.69         1.2669
    6         0       0.934266     0.00934266        138.727        1.38727
    6         0         1.0164       0.010164        150.883        1.50883
    6         0        1.09449      0.0109449        162.287        1.62287
    6         0        1.17871      0.0117871        174.698        1.74698
    6         0        1.25943      0.0125943        186.351        1.86351
    6         0        1.34002      0.0134002        198.132        1.98132
    6         0        1.42976      0.0142976        210.971        2.10971
    6         0        1.50662      0.0150662        222.105        2.22105
    6         0        1.59175      0.0159175        234.305        2.34305
    6         0        1.67643      0.0167643        246.654        2.46654
    6         0        1.75654      0.0175654         258.19         2.5819
    6         1      0.0305649    0.000305649        7.25112      0.0725112
    6         1       0.127678     0.00127678        20.8456       0.208456
    6         1       0.222343     0.00222343        33.8673       0.338673
    6         1       0.317676     0.00317676        46.8577       0.468577
    6         1       0.412833     0.00412833        59.8709       0.598709
    6         1        0.50825      0.0050825        72.9152       0.729152
    6         1       0.597073     0.00597073        85.1861       0.851861
    6         1       0.692718     0.00692718        98.3373       0.983373
    6         1       0.787295     0.00787295        111.571        1.11571
    6         1        0.88311      0.0088311        124.906        1.24906
    6         1       0.972393     0.00972393        137.513        1.37513
    6         1         1.0636       0.010636        150.234        1.50234
    6         1        1.16103      0.0116103        163.944        1.63944
    6         1        1.25476      0.0125476        176.937        1.76937
    6         1         1.3444       0.013444        189.195        1.89195
    6         1        1.44096      0.0144096        202.478        2.02478
    6         1        1.54003      0.0154003        215.923        2.15923
    6         1        1.63319      0.0163319        228.626        2.28626
    6         1        1.72651      0.0172651        241.483        2.41483
    6         1        1.82171      0.0182171          254.5          2.545
    6         1        1.91646      0.0191646        267.685        2.67685
    6         2      0.0296989    0.000296989        7.30402      0.0730402
    6         2       0.101878     0.00101878        18.4615       0.184615
    6         2       0.176949     0.00176949        29.5569       0.295569
    6         2       0.255879     0.00255879         40.789        0.40789
    6         2       0.336109     0.00336109        51.8161       0.518161
    6         2       0.415923     0.00415923        62.8124       0.628124
    6         2         0.4956       0.004956        73.8759       0.738759
    6         2       0.571043     0.00571043        84.4034       0.844034
    6         2       0.650855     0.00650855        95.7475       0.957475
    6         2        0.72552      0.0072552        106.597        1.06597
    6         2       0.801198     0.00801198         117.63         1.1763
    6         2       0.875515     0.00875515         128.86         1.2886
    6         2       0.946734     0.00946734        139.575        1.39575
    6         2        1.01813      0.0101813        150.478        1.50478
    6         2        1.09016      0.0109016        161.576        1.61576
    6         2         1.1623       0.011623        172.873        1.72873
    6         2         1.2316       0.012316        183.602        1.83602
    6         2        1.30145      0.0130145        194.513        1.94513
    6         2        1.37215      0.0137215        205.611        2.05611
    6         2        1.44393      0.0144393        216.899        2.16899
    6         2        1.51075      0.0151075        227.554        2.27554
    6         2        1.57909      0.0157909         238.38         2.3838
    6         3      0.0251114    0.000251114        6.92197      0.0692197
    6         3      0.0904998    0.000904998        17.3643       0.173643
    6         3       0.166136     0.00166136         28.351        0.28351
    6         3       0.246236     0.00246236        39.9164       0.399164
    6         3       0.321921     0.00321921        50.6586       0.506586
    6         3       0.397441     0.00397441        61.4305       0.614305
    6         3       0.472152     0.00472152        72.2326       0.722326
    6         3       0.553526     0.00553526        83.9014       0.839014
    6         3       0.628234     0.00628234        94.7744       0.947744
    6         3        0.70359      0.0070359         105.69         1.0569
    6         3       0.779288     0.00779288        116.656        1.16656
    6         3       0.853517     0.00853517        127.679        1.27679
    6         3       0.929679     0.00929679        138.768        1.38768
    6         3        1.00558      0.0100558        149.927        1.49927
    6         3        1.07575      0.0107575        160.299        1.60299
    6         3        1.15368      0.0115368        171.616        1.71616
    6         3        1.22569      0.0122569        182.143        1.82143
    6         3        1.30592      0.0130592         193.64         1.9364
    6         3        1.38125      0.0138125        204.342        2.04342
    6         3        1.45653      0.0145653        215.135        2.15135
    6         3        1.53973      0.0153973        226.934        2.26934
    6         3        1.61692      0.0161692        237.928        2.37928
    7         0      0.0261184    0.000261184        8.59921      0.0859921
    7         0        0.10345      0.0010345        19.9956       0.199956
    7         0       0.179782     0.00179782        30.7232       0.307232
    7         0       0.260743     0.00260743        41.9763       0.419763
    7         0       0.337427     0.00337427        52.3108       0.523108
    7         0       0.419364     0.00419364        63.3831       0.633831
    7         0       0.501354     0.00501354        74.4366       0.744366
    7         0       0.583609     0.00583609        85.4991       0.854991
    7         0       0.664893     0.00664893        96.5905       0.965905
    7         0       0.747463     0.00747463        107.727        1.07727
    7         0       0.828728     0.00828728        118.921        1.18921
    7         0       0.905497     0.00905497        129.378        1.29378
    7         0       0.988451     0.00988451        140.715        1.40715
    7         0        1.06515      0.0106515         151.32         1.5132
    7         0        1.14997      0.0114997        162.834        1.62834
    7         0        1.22915      0.0122915        173.617        1.73617
    7         0        1.31079      0.0131079        184.493        1.84493
    7         0        1.39218      0.0139218        195.469        1.95469
    7         0        1.47624      0.0147624         206.55         2.0655
    7         0        1.56036      0.0156036         217.74         2.1774
    7         0        1.63915      0.0163915         228.17         2.2817
    7         1      0.0286338    0.000286338        6.87699      0.0687699
    7         1            0.1          0.001        17.3316       0.173316
    7         1       0.186653     0.00186653        28.8673       0.288673
    7         1       0.266423     0.00266423        39.3045       0.393045
    7         1       0.353433     0.00353433        50.4773       0.504773
    7         1       0.439377     0.00439377        61.7055       0.617055
    7         1       0.520564     0.00520564        72.2496       0.722496
    7         1       0.607049     0.00607049        83.6219       0.836219
    7         1       0.687515     0.00687515        94.3109       0.943109
    7         1       0.774479     0.00774479        105.849        1.05849
    7         1       0.854572     0.00854572        116.704        1.16704
    7         1       0.935819     0.00935819        127.648        1.27648
    7         1        1.01786      0.0101786        138.686        1.38686
    7         1        1.09933      0.0109933        149.823        1.49823
    7         1         1.1774       0.011774        160.259        1.60259
    7         1        1.26183      0.0126183        171.604        1.71604
    7         1        1.34245      0.0134245        182.242        1.82242
    7         1        1.42938      0.0142938        193.814        1.93814
    7         1        1.51244      0.0151244         204.67         2.0467
    7         1          1.595        0.01595        215.638        2.15638
    7         1        1.67943      0.0167943        226.721        2.26721
    7         1         1.7637       0.017637        237.922        2.37922
    7         2      0.0257929    0.000257929        6.51271      0.0651271
    7         2      0.0930103    0.000930103        16.7372       0.167372
    7         2       0.164292     0.00164292        26.6817       0.266817
    7         2       0.240752     0.00240752        36.9329       0.369329
    7         2       0.311408     0.00311408        46.3974       0.463974
    7         2       0.388072     0.00388072        56.4306       0.564306
    7         2       0.464608     0.00464608        66.4447       0.664447
    7         2       0.540336     0.00540336        76.4692       0.764692
    7         2       0.616776     0.00616776         86.526        0.86526
    7         2       0.693281     0.00693281        96.6311       0.966311
    7         2       0.768979     0.00768979        106.798        1.06798
    7         2       0.840757     0.00840757        116.394        1.16394
    7         2       0.916895     0.00916895        126.709        1.26709
    7         2       0.989056     0.00989056         136.46         1.3646
    7         2         1.0668       0.010668        146.953        1.46953
    7         2        1.13922      0.0113922        156.883        1.56883
    7         2        1.21456      0.0121456        166.906        1.66906
    7         2        1.28545      0.0128545         176.35         1.7635
    7         2        1.36183      0.0136183        186.566        1.86566
    7         2        1.44022      0.0144022        196.887        1.96887
    7         2          1.513        0.01513        206.619        2.06619
    7         3      0.0238509    0.000238509        8.41241      0.0841241
    7         3       0.103994     0.00103994        19.3813       0.193813
    7         3       0.188047     0.00188047        30.6694       0.306694
    7         3       0.272799     0.00272799        41.8169       0.418169
    7         3       0.357649     0.00357649        52.9468       0.529468
    7         3       0.435847     0.00435847        63.2931       0.632931
    7         3       0.520465     0.00520465        74.4615       0.744615
    7         3       0.605012     0.00605012        85.6665       0.856665
    7         3       0.690098     0.00690098        96.9154       0.969154
    7         3       0.768203     0.00768203        107.406        1.07406
    7         3       0.853335     0.00853335        118.759        1.18759
    7         3       0.931693     0.00931693        129.358        1.29358
    7         3        1.01794      0.0101794         140.84         1.4084
    7         3        1.09714      0.0109714        151.569        1.51569
    7         3        1.17906      0.0117906        162.369        1.62369
    7         3        1.26164      0.0126164        173.244        1.73244
    7         3        1.34635      0.0134635        184.199        1.84199
    7         3        1.43125      0.0143125        195.238        1.95238
    7         3        1.51845      0.0151845        206.366        2.06366
    7         3        1.60539      0.0160539        217.586        2.17586
    7         3        1.69391      0.0169391        228.904        2.28904
    8         0      0.0347157    0.000347157        6.33434      0.0633434
    8         0      0.0939721    0.000939721        16.4334       0.164334
    8         0       0.158167     0.00158167         26.421        0.26421
    8         0        0.22835      0.0022835        36.7977       0.367977
    8         0       0.295399     0.00295399         46.288        0.46288
    8         0       0.367277     0.00367277        56.4644       0.564644
    8         0       0.438876     0.00438876        66.6493       0.666493
    8         0       0.511183     0.00511183        76.8763       0.768763
    8         0       0.578217     0.00578217        86.4308       0.864308
    8         0       0.650554     0.00650554        96.7977       0.967977
    8         0       0.717221     0.00717221        106.507        1.06507
    8         0        0.78385      0.0078385        116.304        1.16304
    8         0       0.856229     0.00856229         126.96         1.2696
    8         0       0.923869     0.00923869         136.96         1.3696
    8         0       0.986653     0.00986653        146.283        1.46283
    8         0        1.05487      0.0105487        156.489        1.56489
    8         0        1.12361      0.0112361        166.808        1.66808
    8         0        1.18858      0.0118858        176.437        1.76437
    8         0        1.26013      0.0126013        186.983        1.86983
    8         0        1.32611      0.0132611        196.828        1.96828
    8         0        1.39384      0.0139384        206.779        2.06779
    8         1      0.0312082    0.000312082        6.89908      0.0689908
    8         1       0.093984     0.00093984        16.8648       0.168648
    8         1       0.161991     0.00161991        26.8316       0.268316
    8         1       0.235229     0.00235229        36.9123       0.369123
    8         1       0.308467     0.00308467        46.6415       0.466415
    8         1       0.386999     0.00386999        56.9143       0.569143
    8         1        0.45997      0.0045997        66.4766       0.664766
    8         1       0.538015     0.00538015        76.7621       0.767621
    8         1       0.611348     0.00611348        86.4342       0.864342
    8         1       0.689917     0.00689917        96.8955       0.968955
    8         1       0.763336     0.00763336        106.763        1.06763
    8         1        0.83578      0.0083578        116.739        1.16739
    8         1       0.909599     0.00909599         126.83         1.2683
    8         1       0.978459     0.00978459        136.304        1.36304
    8         1        1.05324      0.0105324        146.624        1.46624
    8         1        1.12264      0.0112264        156.319        1.56319
    8         1        1.19943      0.0119943        166.882        1.66882
    8         1        1.27186      0.0127186        176.808        1.76808
    8         1        1.34517      0.0134517        186.847        1.86847
    8         1        1.41336      0.0141336        196.218        1.96218
    8         1        1.48893      0.0148893        206.485        2.06485
    8         2      0.0282881    0.000282881        5.48886      0.0548886
    8         2      0.0781119    0.000781119        13.7928       0.137928
    8         2       0.132465     0.00132465        21.9125       0.219125
    8         2       0.188157     0.00188157        29.8151       0.298151
    8         2       0.243195     0.00243195        37.5739       0.375739
    8         2       0.303664     0.00303664        45.8971       0.458971
    8         2       0.358489     0.00358489        53.5195       0.535195
    8         2        0.41899      0.0041899         61.726        0.61726
    8         2       0.479685     0.00479685        69.8922       0.698922
    8         2        0.53457      0.0053457         77.405        0.77405
    8         2       0.595237     0.00595237        85.5272       0.855272
    8         2       0.655629     0.00655629        93.6416       0.936416
    8         2       0.716372     0.00716372        101.757        1.01757
    8         2       0.776179     0.00776179        109.881        1.09881
    8         2       0.831909     0.00831909        117.395        1.17395
    8         2       0.892815     0.00892815        125.556        1.25556
    8         2       0.954116     0.00954116        133.745        1.33745
    8         2        1.01489      0.0101489        141.966        1.41966
    8         2          1.072        0.01072        149.588        1.49588
    8         2        1.13477      0.0113477        157.885        1.57885
    8         2         1.1933       0.011933        165.584        1.65584
    8         2        1.25679      0.0125679        173.971        1.73971
    8         3      0.0338256    0.000338256        8.87928      0.0887928
    8         3      0.0893261    0.000893261        17.5015       0.175015
    8         3       0.152755     0.00152755        26.8864       0.268864
    8         3       0.213267     0.00213267        35.4961       0.354961
    8         3        0.27723      0.0027723        44.5632       0.445632
    8         3       0.342253     0.00342253        53.5638       0.535638
    8         3        0.40707      0.0040707        62.5219       0.625219
    8         3       0.471098     0.00471098        71.4533       0.714533
    8         3       0.540388     0.00540388        80.9268       0.809268
    8         3       0.605006     0.00605006        89.8376       0.898376
    8         3       0.669079     0.00669079        98.7511       0.987511
    8         3       0.734196     0.00734196        107.674        1.07674
    8         3       0.797976     0.00797976        116.613        1.16613
    8         3       0.863093     0.00863093        125.574        1.25574
    8         3       0.928446     0.00928446        134.561        1.34561
    8         3       0.992869     0.00992869        143.579        1.43579
    8         3         1.0591       0.010591        152.633        1.52633
    8         3        1.12547      0.0112547        161.727        1.61727
    8         3        1.19272      0.0119272        170.865        1.70865
    8         3        1.25716      0.0125716        179.475        1.79475
    8         3        1.32565      0.0132565        188.707        1.88707
    9         0       0.017921     0.00017921        8.75301      0.0875301
    9         0      0.0844103    0.000844103        18.4198       0.184198
    9         0       0.160461     0.00160461         28.758        0.28758
    9         0       0.228871     0.00228871        38.8283       0.388283
    9         0       0.299033     0.00299033        48.7889       0.487889
    9         0       0.368979     0.00368979        58.6923       0.586923
    9         0       0.437992     0.00437992        68.5666       0.685666
    9         0       0.508047     0.00508047        78.4288       0.784288
    9         0        0.58239      0.0058239        88.9089       0.889089
    9         0       0.652442     0.00652442        98.7842       0.987842
    9         0       0.721727     0.00721727         108.68         1.0868
    9         0       0.791799     0.00791799        118.603        1.18603
    9         0       0.861921     0.00861921        128.562        1.28562
    9         0       0.932645     0.00932645        138.562        1.38562
    9         0        1.00333      0.0100333        148.608        1.48608
    9         0        1.07424      0.0107424        158.708        1.58708
    9         0         1.1469       0.011469        168.866        1.68866
    9         0        1.21596      0.0121596        178.445        1.78445
    9         0        1.29031      0.0129031        188.729        1.88729
    9         0        1.36114      0.0136114        198.434        1.98434
    9         1      0.0294601    0.000294601        8.41545      0.0841545
    9         1       0.094489     0.00094489        18.9648       0.189648
    9         1       0.159584     0.00159584        28.8793       0.288793
    9         1       0.224711     0.00224711        38.5841       0.385841
    9         1       0.295913     0.00295913        48.8505       0.488505
    9         1       0.361145     0.00361145        58.4345       0.584345
    9         1       0.431783     0.00431783        68.6353       0.686353
    9         1       0.502512     0.00502512        78.8257       0.788257
    9         1       0.569016     0.00569016        88.3786       0.883786
    9         1       0.638738     0.00638738        98.5751       0.985751
    9         1       0.709567     0.00709567        108.785        1.08785
    9         1       0.775913     0.00775913        118.376        1.18376
    9         1       0.846669     0.00846669        128.633        1.28633
    9         1       0.917439     0.00917439        138.921        1.38921
    9         1       0.984253     0.00984253        148.601        1.48601
    9         1        1.05646      0.0105646        158.969        1.58969
    9         1        1.12507      0.0112507        168.732        1.68732
    9         1        1.19353      0.0119353        178.542        1.78542
    9         1        1.26415      0.0126415        188.401        1.88401
    9         1        1.34068      0.0134068        198.978        1.98978
    9         1        1.41244      0.0141244        208.953        2.08953
    9         2      0.0260341    0.000260341        8.76202      0.0876202
    9         2       0.096115     0.00096115         18.817        0.18817
    9         2       0.166127     0.00166127        28.3358       0.283358
    9         2       0.238195     0.00238195        38.4138       0.384138
    9         2       0.311289     0.00311289        48.4442       0.484442
    9         2       0.384419     0.00384419        58.4682       0.584682
    9         2       0.457233     0.00457233        68.5032       0.685032
    9         2       0.529798     0.00529798        78.5586       0.785586
    9         2       0.603051     0.00603051        88.6412       0.886412
    9         2       0.676274     0.00676274        98.7561       0.987561
    9         2       0.749362     0.00749362        108.908        1.08908
    9         2        0.81665      0.0081665        118.373        1.18373
    9         2        0.89041      0.0089041        128.611        1.28611
    9         2        0.96421      0.0096421          138.9          1.389
    9         2        1.03346      0.0103346        148.504        1.48504
    9         2        1.10768      0.0110768        158.905        1.58905
    9         2        1.17882      0.0117882         168.62         1.6862
    9         2        1.25087      0.0125087        178.394        1.78394
    9         2        1.32865      0.0132865        188.988        1.88988
    9         2        1.40312      0.0140312        198.894        1.98894
    9         2        1.47852      0.0147852        208.868        2.08868
    9         2        1.55379      0.0155379        218.914        2.18914
    9         3      0.0350063    0.000350063        8.74724      0.0874724
    9         3      0.0885473    0.000885473        16.6789       0.166789
    9         3       0.146967     0.00146967        24.7158       0.247158
    9         3       0.205247     0.00205247        32.5322       0.325322
    9         3       0.269197     0.00269197        40.8506       0.408506
    9         3       0.327142     0.00327142        48.4589       0.484589
    9         3       0.391142     0.00391142        56.6556       0.566556
    9         3       0.454754     0.00454754        64.8233       0.648233
    9         3       0.517678     0.00517678        72.9743       0.729743
    9         3       0.576805     0.00576805        80.4917       0.804917
    9         3       0.640747     0.00640747        88.6351       0.886351
    9         3       0.703507     0.00703507        96.7838       0.967838
    9         3       0.767501     0.00767501        104.943        1.04943
    9         3       0.826525     0.00826525        112.489        1.12489
    9         3       0.889478     0.00889478        120.682        1.20682
    9         3       0.953985     0.00953985        128.899        1.28899
    9         3        1.01397      0.0101397        136.508        1.36508
    9         3        1.07821      0.0107821        144.779        1.44779
    9         3         1.1393       0.011393        152.444        1.52444
    9         3         1.2056       0.012056        160.784        1.60784
    9         3        1.26786      0.0126786        168.516        1.68516
    9         3        1.33677      0.0133677        176.932        1.76932
    9         3        1.40051      0.0140051         184.74         1.8474
   10         0      0.0276416    0.000276416        4.78025      0.0478025
   10         0       0.080756     0.00080756        13.4593       0.134593
   10         0       0.143528     0.00143528        22.7258       0.227258
   10         0       0.206662     0.00206662        31.7619       0.317619
   10         0       0.270733     0.00270733        40.6219       0.406219
   10         0       0.334345     0.00334345        49.3654       0.493654
   10         0       0.403062     0.00403062        58.6793       0.586793
   10         0       0.471778     0.00471778        67.9139       0.679139
   10         0       0.535798     0.00535798        76.4384       0.764384
   10         0       0.603755     0.00603755        85.5843       0.855843
   10         0       0.672598     0.00672598        94.7115       0.947115
   10         0       0.741521     0.00741521        103.835        1.03835
   10         0       0.810313     0.00810313        112.968        1.12968
   10         0       0.874423     0.00874423        121.467        1.21467
   10         0       0.943656     0.00943656        130.648        1.30648
   10         0        1.01321      0.0101321        139.867        1.39867
   10         0        1.07799      0.0107799        148.467        1.48467
   10         0         1.1493       0.011493        157.779        1.57779
   10         0        1.21648      0.0121648        166.477        1.66477
   10         0        1.29003      0.0129003        175.904        1.75904
   10         0        1.35873      0.0135873        184.717        1.84717
   10         0        1.42853      0.0142853        193.592        1.93592
   10         1      0.0332341    0.000332341        7.69016      0.0769016
   10         1      0.0957465    0.000957465        16.7127       0.167127
   10         1       0.162686     0.00162686        25.7501       0.257501
   10         1       0.231201     0.00231201        34.5851       0.345851
   10         1       0.304447     0.00304447        43.8814       0.438814
   10         1       0.372146     0.00372146        52.5351       0.525351
   10         1       0.445652     0.00445652        61.7239       0.617239
   10         1       0.519077     0.00519077        70.8837       0.708837
   10         1        0.58683      0.0058683        79.4539       0.794539
   10         1       0.660296     0.00660296        88.5852       0.885852
   10         1       0.733589     0.00733589        97.7125       0.977125
   10         1       0.806711     0.00806711        106.842        1.06842
   10         1       0.879913     0.00879913         115.98         1.1598
   10         1       0.949271     0.00949271         124.56         1.2456
   10         1        1.02394      0.0102394        133.729        1.33729
   10         1        1.09821      0.0109821        142.921        1.42921
   10         1           1.17         0.0117        151.563        1.51563
   10         1        1.24725      0.0124725        160.813        1.60813
   10         1         1.3208       0.013208        169.517        1.69517
   10         1        1.40111      0.0140111        178.838        1.78838
   10         1        1.47615      0.0147615        187.616        1.87616
   10         2      0.0153288    0.000153288        4.96986      0.0496986
   10         2      0.0809221    0.000809221         13.269        0.13269
   10         2       0.157997     0.00157997        22.6888       0.226888
   10         2       0.225451     0.00225451        31.8082       0.318082
   10         2         0.2939       0.002939        40.6638       0.406638
   10         2       0.362349     0.00362349        49.3636       0.493636
   10         2        0.43612      0.0043612        58.6267       0.586267
   10         2       0.508879     0.00508879        67.8312       0.678312
   10         2       0.577606     0.00577606        76.3585       0.763585
   10         2       0.651466     0.00651466         85.547        0.85547
   10         2       0.725312     0.00725312         94.761        0.94761
   10         2       0.792786     0.00792786        103.354        1.03354
   10         2       0.866772     0.00866772         112.66         1.1266
   10         2       0.935839     0.00935839         121.36         1.2136
   10         2         1.0107       0.010107        130.799        1.30799
   10         2        1.07991      0.0107991        139.635        1.39635
   10         2         1.1511       0.011511        148.545        1.48545
   10         2        1.22306      0.0122306        157.534        1.57534
   10         2        1.29623      0.0129623        166.606        1.66606
   10         2        1.37014      0.0137014        175.764        1.75764
   10         2         1.4398       0.014398        184.297        1.84297
   10         3       0.034646     0.00034646        7.40529      0.0740529
   10         3      0.0892411    0.000892411        15.8335       0.158335
   10         3       0.139287     0.00139287        23.3386       0.233386
   10         3       0.199529     0.00199529        31.9882       0.319882
   10         3       0.255751     0.00255751        39.7764       0.397764
   10         3        0.31113      0.0031113        47.4417       0.474417
   10         3       0.372384     0.00372384        55.6441       0.556441
   10         3        0.43348      0.0043348        63.7694       0.637694
   10         3       0.493769     0.00493769        71.8396       0.718396
   10         3       0.554847     0.00554847         79.872        0.79872
   10         3        0.61587      0.0061587        87.8805       0.878805
   10         3       0.677152     0.00677152        95.8762       0.958762
   10         3       0.737279     0.00737279        103.869        1.03869
   10         3       0.798437     0.00798437        111.866        1.11866
   10         3        0.85958      0.0085958        119.875        1.19875
   10         3       0.921235     0.00921235        127.902        1.27902
   10         3       0.981906     0.00981906        135.952        1.35952
   10         3        1.03925      0.0103925        143.407        1.43407
   10         3        1.10193      0.0110193        151.515        1.51515
   10         3        1.16466      0.0116466        159.659        1.59659
   10         3         1.2285       0.012285        167.842        1.67842
   10         3        1.28882      0.0128882        175.434        1.75434
   11         0      0.0354711    0.000354711        6.48035      0.0648035
   11         0      0.0920639    0.000920639        15.9852       0.159852
   11         0       0.148657     0.00148657        24.9168       0.249168
   11         0       0.205195     0.00205195         33.598        0.33598
   11         0       0.268536     0.00268536        42.7843       0.427843
   11         0       0.331462     0.00331462        51.9072       0.519072
   11         0        0.38999      0.0038999        60.3697       0.603697
   11         0       0.452135     0.00452135        69.5067       0.695067
   11         0       0.515394     0.00515394        78.6917       0.786917
   11         0       0.578541     0.00578541        87.9423       0.879423
   11         0       0.637111     0.00637111        96.6019       0.966019
   11         0        0.69529      0.0069529        105.337        1.05337
   11         0       0.757795     0.00757795        114.835        1.14835
   11         0       0.816402     0.00816402        123.745        1.23745
   11         0       0.875008     0.00875008        132.747        1.32747
   11         0       0.933987     0.00933987        141.843        1.41843
   11         0       0.987596     0.00987596        150.326        1.50326
   11         0        1.04723      0.0104723        159.614        1.59614
   11         0        1.10265      0.0110265        168.279        1.68279
   11         0         1.1635       0.011635        177.767        1.77767
   11         0        1.21923      0.0121923        186.621        1.86621
   11         0        1.27648      0.0127648        195.568        1.95568
   11         1       0.036405     0.00036405        6.58467      0.0658467
   11         1      0.0938029    0.000938029        15.5039       0.155039
   11         1       0.155005     0.00155005        24.8716       0.248716
   11         1       0.217425     0.00217425        33.9763       0.339763
   11         1         0.2795       0.002795        42.8366       0.428366
   11         1       0.342338     0.00342338        51.5553       0.515553
   11         1       0.409206     0.00409206          60.75         0.6075
   11         1       0.475428     0.00475428        69.9406       0.699406
   11         1        0.53833      0.0053833        78.6288       0.786288
   11         1       0.605305     0.00605305        87.9301       0.879301
   11         1       0.667694     0.00667694        96.7676       0.967676
   11         1       0.730579     0.00730579        105.697        1.05697
   11         1       0.793537     0.00793537        114.726        1.14726
   11         1       0.855958     0.00855958         123.86         1.2386
   11         1       0.915151     0.00915151        132.522        1.32522
   11         1       0.978757     0.00978757        141.868        1.41868
   11         1        1.03767      0.0103767        150.733        1.50733
   11         1        1.09838      0.0109838        159.699        1.59699
   11         1        1.15988      0.0115988        168.768        1.68768
   11         1        1.22084      0.0122084         177.94         1.7794
   11         1        1.27961      0.0127961        186.596        1.86596
   11         1        1.34287      0.0134287        195.973        1.95973
   11         2      0.0357483    0.000357483          8.989        0.08989
   11         2      0.0795963    0.000795963        15.5784       0.155784
   11         2       0.131417     0.00131417        22.9837       0.229837
   11         2       0.179413     0.00179413         29.707        0.29707
   11         2       0.231977     0.00231977        36.8765       0.368765
   11         2       0.284517     0.00284517        43.9923       0.439923
   11         2       0.332378     0.00332378        50.5262       0.505262
   11         2       0.384817     0.00384817        57.5764       0.575764
   11         2       0.437558     0.00437558        64.6038       0.646038
   11         2       0.490455     0.00490455        71.6135       0.716135
   11         2       0.543188     0.00543188        78.6094       0.786094
   11         2       0.595827     0.00595827        85.5954       0.855954
   11         2       0.648503     0.00648503        92.5745       0.925745
   11         2       0.701293     0.00701293        99.5498       0.995498
   11         2       0.753955     0.00753955        106.524        1.06524
   11         2       0.806845     0.00806845          113.5          1.135
   11         2       0.859145     0.00859145         120.48         1.2048
   11         2       0.911726     0.00911726        127.466        1.27466
   11         2       0.965034     0.00965034        134.461        1.34461
   11         2         1.0185       0.010185        141.467        1.41467
   11         2        1.07255      0.0107255        148.485        1.48485
   11         2        1.12714      0.0112714        155.519        1.55519
   11         3      0.0360052    0.000360052        8.99665      0.0899665
   11         3      0.0894388    0.000894388        16.7974       0.167974
   11         3       0.147325     0.00147325         24.973        0.24973
   11         3        0.20568      0.0020568        32.9754       0.329754
   11         3       0.265799     0.00265799        40.8287       0.408287
   11         3        0.32419      0.0032419         48.579        0.48579
   11         3       0.387759     0.00387759        56.8347       0.568347
   11         3       0.447197     0.00447197        64.4327       0.644327
   11         3       0.511308     0.00511308        72.5557       0.725557
   11         3       0.574635     0.00574635         80.629        0.80629
   11         3       0.638357     0.00638357         88.663        0.88663
   11         3       0.702447     0.00702447        96.6665       0.966665
   11         3       0.766703     0.00766703        104.647        1.04647
   11         3       0.829676     0.00829676        112.612        1.12612
   11         3       0.893968     0.00893968        120.568        1.20568
   11         3       0.958448     0.00958448        128.521        1.28521
   11         3        1.02359      0.0102359        136.474        1.36474
   11         3        1.08821      0.0108821        144.433        1.44433
   11         3        1.15947      0.0115947        152.971        1.52971
   11         3          1.227        0.01227        160.956        1.60956
