 *tel    numcsi   CsIInVoltage     errCsIInVoltage           CsIE       errCsIE
    0         0      0.0344648    0.000344648        5.92969      0.0592969
    0         0        0.15048      0.0015048        21.6122       0.216122
    0         0       0.254521     0.00254521        37.6523       0.376523
    0         0       0.352515     0.00352515        53.2348       0.532348
    0         0       0.450292     0.00450292        69.1192       0.691192
    0         0       0.549579     0.00549579        85.2521       0.852521
    0         0       0.647707     0.00647707        101.619        1.01619
    0         0        0.74007      0.0074007        117.237        1.17237
    0         0       0.832244     0.00832244        133.065        1.33065
    0         0       0.926476     0.00926476        149.112        1.49112
    0         0        1.01994      0.0101994        165.381        1.65381
    0         0        1.11482      0.0111482        181.883        1.81883
    0         0         1.2058       0.012058        197.569        1.97569
    0         0        1.29884      0.0129884         213.47         2.1347
    0         0        1.39274      0.0139274        229.593        2.29593
    0         0        1.48841      0.0148841        245.943        2.45943
    0         0        1.57873      0.0157873        261.415        2.61415
    0         0        1.67164      0.0167164        277.094        2.77094
    0         0        1.76388      0.0176388        292.988        2.92988
    0         0        1.85679      0.0185679        309.101        3.09101
    0         0        1.94986      0.0194986        325.438        3.25438
    0         1      0.0318289    0.000318289        4.58925      0.0458925
    0         1       0.136085     0.00136085        19.4553       0.194553
    0         1       0.231112     0.00231112        34.4152       0.344152
    0         1       0.327884     0.00327884        49.5353       0.495353
    0         1          0.424        0.00424        64.8332       0.648332
    0         1       0.514103     0.00514103        79.3263       0.793263
    0         1       0.611202     0.00611202        94.9494       0.949494
    0         1       0.701897     0.00701897        109.757        1.09757
    0         1       0.792032     0.00792032        124.728        1.24728
    0         1       0.882434     0.00882434        139.873        1.39873
    0         1       0.968662     0.00968662        154.174        1.54174
    0         1        1.06063      0.0106063        169.683        1.69683
    0         1        1.14746      0.0114746        184.339        1.84339
    0         1         1.2368       0.012368        199.177        1.99177
    0         1        1.32811      0.0132811        214.203        2.14203
    0         1        1.42034      0.0142034        229.427        2.29427
    0         1        1.51368      0.0151368        244.854        2.44854
    0         1        1.60161      0.0160161        259.367        2.59367
    0         1         1.6902       0.016902        274.066        2.74066
    0         1        1.78083      0.0178083        288.957        2.88957
    0         1        1.87102      0.0187102        304.047        3.04047
    0         2       0.032262     0.00032262        4.57922      0.0457922
    0         2       0.130461     0.00130461        18.1262       0.181262
    0         2       0.227272     0.00227272        32.5379       0.325379
    0         2       0.317483     0.00317483        46.1632       0.461632
    0         2       0.414049     0.00414049        60.8386       0.608386
    0         2       0.505746     0.00505746        74.7289       0.747289
    0         2       0.596753     0.00596753        88.7541       0.887541
    0         2       0.687381     0.00687381        102.925        1.02925
    0         2       0.772222     0.00772222        116.292        1.16292
    0         2       0.863294     0.00863294        130.778        1.30778
    0         2        0.94934      0.0094934        144.461        1.44461
    0         2        1.03523      0.0103523        158.311        1.58311
    0         2        1.12251      0.0112251        172.338        1.72338
    0         2        1.21262      0.0121262         186.55         1.8655
    0         2         1.3028       0.013028        200.957        2.00957
    0         2        1.38805      0.0138805        214.515        2.14515
    0         2        1.47497      0.0147497        228.256        2.28256
    0         2        1.56312      0.0156312        242.184        2.42184
    0         2        1.65335      0.0165335        256.309        2.56309
    0         2         1.7429       0.017429        270.635        2.70635
    0         2        1.82612      0.0182612        284.043        2.84043
    0         2        1.91678      0.0191678        298.778        2.98778
    0         3      0.0296201    0.000296201         4.5534       0.045534
    0         3       0.139404     0.00139404        19.3088       0.193088
    0         3       0.239112     0.00239112        34.3473       0.343473
    0         3       0.338618     0.00338618        49.6996       0.496996
    0         3       0.432439     0.00432439        64.3484       0.643484
    0         3       0.526416     0.00526416        79.2077       0.792077
    0         3        0.62031      0.0062031        94.2624       0.942624
    0         3       0.714809     0.00714809        109.508        1.09508
    0         3       0.808237     0.00808237        124.946        1.24946
    0         3       0.895831     0.00895831        139.533        1.39533
    0         3       0.985511     0.00985511        154.297        1.54297
    0         3        1.07483      0.0107483        169.243        1.69243
    0         3        1.16541      0.0116541        184.378        1.84378
    0         3        1.25767      0.0125767        199.707        1.99707
    0         3        1.34617      0.0134617        214.119        2.14119
    0         3        1.44212      0.0144212         229.84         2.2984
    0         3        1.53254      0.0153254        244.628        2.44628
    0         3        1.62421      0.0162421        259.605        2.59605
    0         3        1.71671      0.0171671        274.774        2.74774
    0         3        1.80251      0.0180251        288.953        2.88953
    0         3        1.89619      0.0189619        304.511        3.04511
    0         3        1.98261      0.0198261        319.057        3.19057
    1         0      0.0374951    0.000374951        5.83409      0.0583409
    1         0       0.150276     0.00150276        20.5504       0.205504
    1         0       0.248998     0.00248998        35.4447       0.354447
    1         0        0.34831      0.0034831        50.6944       0.506944
    1         0       0.441486     0.00441486        65.2531       0.652531
    1         0       0.542161     0.00542161        80.8795       0.808795
    1         0       0.635668     0.00635668        95.7168       0.957168
    1         0       0.729148     0.00729148        110.675        1.10675
    1         0       0.822818     0.00822818        125.755        1.25755
    1         0       0.918087     0.00918087        140.959        1.40959
    1         0        1.00668      0.0100668        155.327        1.55327
    1         0        1.10258      0.0110258        170.779        1.70779
    1         0        1.19507      0.0119507        185.386        1.85386
    1         0        1.28862      0.0128862        200.113        2.00113
    1         0        1.39076      0.0139076        215.956        2.15956
    1         0        1.48764      0.0148764        230.938        2.30938
    1         0        1.57941      0.0157941        245.037        2.45037
    1         0        1.67885      0.0167885        260.269        2.60269
    1         0        1.77941      0.0177941         275.63         2.7563
    1         0        1.87436      0.0187436         290.09         2.9009
    1         0        1.97585      0.0197585        305.715        3.05715
    1         1      0.0308221    0.000308221        4.19091      0.0419091
    1         1       0.136689     0.00136689        19.4041       0.194041
    1         1       0.236215     0.00236215        34.5866       0.345866
    1         1       0.334573     0.00334573        49.8022       0.498022
    1         1       0.427687     0.00427687        64.2099       0.642099
    1         1        0.52663      0.0052663        79.6252       0.796252
    1         1       0.620552     0.00620552        94.2509       0.942509
    1         1       0.718968     0.00718968        109.934        1.09934
    1         1        0.81251      0.0081251        124.844        1.24844
    1         1       0.906483     0.00906483        139.917        1.39917
    1         1       0.994689     0.00994689        154.206        1.54206
    1         1        1.08954      0.0108954        169.628        1.69628
    1         1        1.18152      0.0118152        184.268        1.84268
    1         1        1.27387      0.0127387        199.092        1.99092
    1         1        1.36808      0.0136808        214.109        2.14109
    1         1        1.46409      0.0146409        229.329        2.29329
    1         1        1.56154      0.0156154         244.76         2.4476
    1         1        1.65363      0.0165363        259.362        2.59362
    1         1        1.74657      0.0174657        274.161        2.74161
    1         1        1.84081      0.0184081        289.167        2.89167
    1         1        1.93433      0.0193433        304.387        3.04387
    1         2      0.0318352    0.000318352        4.33299      0.0433299
    1         2       0.137653     0.00137653        18.6768       0.186768
    1         2       0.228001     0.00228001        32.2521       0.322521
    1         2       0.325562     0.00325562         46.897        0.46897
    1         2       0.416207     0.00416207        60.8004       0.608004
    1         2        0.50707      0.0050707        74.8642       0.748642
    1         2       0.593388     0.00593388        88.1379       0.881379
    1         2       0.684472     0.00684472        102.525        1.02525
    1         2       0.769142     0.00769142        116.116        1.16116
    1         2       0.860941     0.00860941        130.863        1.30863
    1         2       0.946926     0.00946926         144.81         1.4481
    1         2        1.03366      0.0103366        158.942        1.58942
    1         2        1.11496      0.0111496        172.241        1.72241
    1         2        1.20434      0.0120434        186.759        1.86759
    1         2        1.28888      0.0128888        200.429        2.00429
    1         2        1.37454      0.0137454        214.289        2.14289
    1         2         1.4618       0.014618        228.347        2.28347
    1         2         1.5501       0.015501        242.609        2.42609
    1         2        1.63285      0.0163285        255.963        2.55963
    1         2        1.72296      0.0172296        270.637        2.70637
    1         2        1.80669      0.0180669        284.383        2.84383
    1         2        1.89034      0.0189034        298.328        2.98328
    1         3       0.038489     0.00038489         5.9834       0.059834
    1         3       0.143547     0.00143547        20.8771       0.208771
    1         3       0.239848     0.00239848        35.7479       0.357479
    1         3       0.336368     0.00336368         50.838        0.50838
    1         3       0.427117     0.00427117        65.2187       0.652187
    1         3       0.524159     0.00524159        80.7942       0.807942
    1         3       0.615767     0.00615767        95.6188       0.956188
    1         3       0.706219     0.00706219        110.666        1.10666
    1         3       0.796757     0.00796757        125.944        1.25944
    1         3       0.883028     0.00883028        140.423        1.40423
    1         3       0.968514     0.00968514        155.122        1.55122
    1         3        1.05447      0.0105447        170.052        1.70052
    1         3        1.14291      0.0114291        185.221        1.85221
    1         3         1.2321       0.012321        200.639        2.00639
    1         3        1.31654      0.0131654        215.188        2.15188
    1         3        1.40185      0.0140185        229.967        2.29967
    1         3        1.48977      0.0148977        244.985        2.44985
    1         3        1.57826      0.0157826        260.252        2.60252
    1         3        1.66731      0.0166731        275.772        2.75772
    1         3        1.75024      0.0175024        290.333        2.90333
    1         3        1.83336      0.0183336        305.126        3.05126
    2         0      0.0404516    0.000404516        5.97569      0.0597569
    2         0       0.140717     0.00140717        19.7018       0.197018
    2         0       0.228212     0.00228212        33.3312       0.333312
    2         0       0.315983     0.00315983        47.1319       0.471319
    2         0       0.408697     0.00408697          61.98         0.6198
    2         0         0.4972       0.004972        75.9992       0.759992
    2         0       0.578811     0.00578811        89.1687       0.891687
    2         0       0.665812     0.00665812        103.372        1.03372
    2         0       0.754097     0.00754097        117.675        1.17675
    2         0       0.835954     0.00835954        131.118        1.31118
    2         0       0.923985     0.00923985        145.625        1.45625
    2         0        1.00689      0.0100689        159.262        1.59262
    2         0        1.09732      0.0109732        173.982        1.73982
    2         0        1.18193      0.0118193        187.823        1.87823
    2         0        1.26857      0.0126857        201.764        2.01764
    2         0        1.35791      0.0135791        215.806        2.15806
    2         0        1.44749      0.0144749        229.951        2.29951
    2         0        1.53152      0.0153152        243.178        2.43178
    2         0        1.62349      0.0162349        257.525        2.57525
    2         0         1.7174       0.017174        271.975        2.71975
    2         0        1.80461      0.0180461        285.489        2.85489
    2         0         1.8915       0.018915        299.096        2.99096
    2         1      0.0293235    0.000293235        5.23093      0.0523093
    2         1       0.147899     0.00147899        21.8675       0.218675
    2         1       0.245166     0.00245166        37.7953       0.377953
    2         1       0.336636     0.00336636        53.2704       0.532704
    2         1       0.428446     0.00428446        69.1587       0.691587
    2         1       0.520601     0.00520601        85.3967       0.853967
    2         1       0.613052     0.00613052         101.96         1.0196
    2         1        0.69824      0.0069824        117.703        1.17703
    2         1       0.783816     0.00783816        133.719        1.33719
    2         1       0.864788     0.00864788        148.839        1.48839
    2         1       0.950758     0.00950758        165.389        1.65389
    2         1        1.03162      0.0103162         181.01         1.8101
    2         1        1.11343      0.0111343        196.878        1.96878
    2         1        1.19755      0.0119755        212.996        2.12996
    2         1        1.28183      0.0128183        229.371        2.29371
    2         1        1.36144      0.0136144        244.717        2.44717
    2         1        1.44912      0.0144912        261.599        2.61599
    2         1        1.53121      0.0153121        277.421        2.77421
    2         1        1.61391      0.0161391        293.479        2.93479
    2         1        1.69741      0.0169741        309.776        3.09776
    2         1        1.77518      0.0177518        324.931        3.24931
    2         2      0.0370827    0.000370827        4.86683      0.0486683
    2         2       0.139668     0.00139668        19.2526       0.192526
    2         2       0.240615     0.00240615        34.6182       0.346182
    2         2       0.336937     0.00336937        49.2651       0.492651
    2         2       0.432292     0.00432292        64.1211       0.641211
    2         2       0.527575     0.00527575        79.1742       0.791742
    2         2       0.623501     0.00623501        94.4202       0.944202
    2         2       0.718988     0.00718988        109.859        1.09859
    2         2       0.809235     0.00809235        124.512        1.24512
    2         2       0.898649     0.00898649         139.34         1.3934
    2         2       0.990538     0.00990538        154.348        1.54348
    2         2        1.08196      0.0108196        169.539        1.69539
    2         2        1.17507      0.0117507        184.917        1.84917
    2         2        1.26333      0.0126333        199.443        1.99443
    2         2          1.354        0.01354        214.138        2.14138
    2         2        1.44577      0.0144577        229.006        2.29006
    2         2          1.539        0.01539        244.051        2.44051
    2         2        1.63381      0.0163381        259.277        2.59277
    2         2        1.72874      0.0172874        274.685        2.74685
    2         2        1.81761      0.0181761        289.161        2.89161
    2         3      0.0378619    0.000378619        5.77755      0.0577755
    2         3       0.141593     0.00141593        19.9242       0.199242
    2         3       0.226699     0.00226699        33.2765       0.332765
    2         3       0.316985     0.00316985        47.8923       0.478923
    2         3       0.402627     0.00402627        61.7222       0.617222
    2         3       0.487497     0.00487497        75.6938       0.756938
    2         3       0.571921     0.00571921        89.7956       0.897956
    2         3       0.651569     0.00651569        103.004        1.03004
    2         3       0.736513     0.00736513        117.351        1.17351
    2         3       0.821005     0.00821005        131.828        1.31828
    2         3       0.900972     0.00900972        145.391        1.45391
    2         3       0.980768     0.00980768        159.068        1.59068
    2         3         1.0671       0.010671        173.932        1.73932
    2         3        1.14926      0.0114926        187.858        1.87858
    2         3        1.23264      0.0123264        201.906        2.01906
    2         3        1.31045      0.0131045        214.984        2.14984
    2         3        1.39598      0.0139598        229.272        2.29272
    2         3        1.48291      0.0148291        243.687        2.43687
    2         3        1.56564      0.0156564        257.108        2.57108
    2         3        1.65478      0.0165478        271.771        2.71771
    2         3        1.73746      0.0173746        285.423        2.85423
    2         3        1.82061      0.0182061         299.19         2.9919
    3         0      0.0385602    0.000385602        5.52321      0.0552321
    3         0       0.128234     0.00128234        17.2357       0.172357
    3         0       0.208791     0.00208791        29.4554       0.294554
    3         0       0.290044     0.00290044        41.9175       0.419175
    3         0       0.366202     0.00366202        53.6348       0.536348
    3         0       0.442403     0.00442403        65.4522       0.654522
    3         0       0.518571     0.00518571        77.3569       0.773569
    3         0       0.595033     0.00595033        89.3452       0.893452
    3         0        0.67055      0.0067055        101.416        1.01416
    3         0       0.747331     0.00747331         113.57         1.1357
    3         0       0.823175     0.00823175        125.809        1.25809
    3         0       0.894362     0.00894362        137.183        1.37183
    3         0       0.971229     0.00971229        149.591        1.49591
    3         0        1.04212      0.0104212        161.122        1.61122
    3         0        1.12137      0.0112137        173.703        1.73703
    3         0        1.19453      0.0119453        185.397        1.85397
    3         0        1.26879      0.0126879        197.172        1.97172
    3         0        1.34542      0.0134542        209.026        2.09026
    3         0        1.42819      0.0142819         221.96         2.2196
    3         0        1.50603      0.0150603        233.985        2.33985
    3         0        1.57853      0.0157853        245.082        2.45082
    3         0        1.65769      0.0165769        257.269        2.57269
    3         1         0.0438       0.000438        5.99357      0.0599357
    3         1       0.123182     0.00123182        16.7788       0.167788
    3         1        0.20072      0.0020072        27.7777       0.277777
    3         1       0.278327     0.00278327         38.912        0.38912
    3         1       0.351778     0.00351778         49.544        0.49544
    3         1       0.424703     0.00424703        60.3812       0.603812
    3         1       0.498418     0.00498418        71.4054       0.714054
    3         1       0.571183     0.00571183        82.5964       0.825964
    3         1       0.645151     0.00645151        93.9375       0.939375
    3         1       0.713234     0.00713234        104.646        1.04646
    3         1       0.781409     0.00781409        115.463        1.15463
    3         1       0.850505     0.00850505        126.382        1.26382
    3         1       0.919065     0.00919065        137.398        1.37398
    3         1       0.988779     0.00988779        148.505        1.48505
    3         1        1.05824      0.0105824        159.698        1.59698
    3         1         1.1285       0.011285        170.974        1.70974
    3         1        1.19585      0.0119585        181.518        1.81518
    3         1        1.26816      0.0126816        192.946        1.92946
    3         1        1.33717      0.0133717        203.624        2.03624
    3         1         1.4064       0.014064        214.366        2.14366
    3         1        1.47608      0.0147608         225.17         2.2517
    3         2      0.0323869    0.000323869        5.84991      0.0584991
    3         2      0.0982112    0.000982112        18.6096       0.186096
    3         2       0.157989     0.00157989         31.427        0.31427
    3         2       0.219608     0.00219608          44.43         0.4443
    3         2        0.28019      0.0028019        57.6885       0.576885
    3         2       0.337695     0.00337695        70.3955       0.703955
    3         2       0.395784     0.00395784        83.3212       0.833212
    3         2        0.45278      0.0045278        96.4644       0.964644
    3         2       0.510605     0.00510605        109.825        1.09825
    3         2       0.564125     0.00564125        122.549        1.22549
    3         2       0.618961     0.00618961        135.465        1.35465
    3         2       0.672407     0.00672407        148.578        1.48578
    3         2       0.726752     0.00726752        161.886        1.61886
    3         2       0.776531     0.00776531        174.487        1.74487
    3         2       0.827154     0.00827154        187.264        1.87264
    3         2       0.878469     0.00878469        200.218        2.00218
    3         2       0.928532     0.00928532        213.352        2.13352
    3         2        0.98005      0.0098005        226.669        2.26669
    3         2        1.02699      0.0102699          239.2          2.392
    3         2        1.07912      0.0107912        252.878        2.52878
    3         2        1.12801      0.0112801        265.749        2.65749
    3         3      0.0352356    0.000352356        5.30768      0.0530768
    3         3        0.13698      0.0013698        18.6744       0.186744
    3         3       0.224242     0.00224242        31.7134       0.317134
    3         3       0.312696     0.00312696        44.9071       0.449071
    3         3       0.394585     0.00394585        57.3584       0.573584
    3         3       0.484118     0.00484118        70.8388       0.708388
    3         3       0.566272     0.00566272         83.554        0.83554
    3         3       0.648377     0.00648377        96.4029       0.964029
    3         3       0.731928     0.00731928         109.39         1.0939
    3         3       0.813988     0.00813988        122.518        1.22518
    3         3        0.89746      0.0089746        135.791        1.35791
    3         3       0.975013     0.00975013         148.25         1.4825
    3         3         1.0588       0.010588        161.811        1.61811
    3         3        1.13872      0.0113872        174.542        1.74542
    3         3        1.21934      0.0121934        187.406        1.87406
    3         3        1.30065      0.0130065        200.406        2.00406
    3         3        1.38483      0.0138483        213.544        2.13544
    3         3        1.46951      0.0146951        226.821        2.26821
    3         3        1.54809      0.0154809        239.202        2.39202
    3         3         1.6342       0.016342        252.754        2.52754
    3         3        1.71459      0.0171459        265.391        2.65391
    4         0      0.0269064    0.000269064        4.63538      0.0463538
    4         0       0.117181     0.00117181        17.3544       0.173544
    4         0       0.200686     0.00200686         30.594        0.30594
    4         0       0.284523     0.00284523        43.9677       0.439677
    4         0       0.361743     0.00361743        56.5421       0.565421
    4         0       0.440022     0.00440022        69.1904       0.691904
    4         0       0.523892     0.00523892        82.8277       0.828277
    4         0       0.600984     0.00600984        95.6415       0.956415
    4         0       0.679263     0.00679263        108.543        1.08543
    4         0         0.7575       0.007575        121.537        1.21537
    4         0       0.834449     0.00834449        134.627        1.34627
    4         0        0.91299      0.0091299        147.817        1.47817
    4         0       0.985986     0.00985986        160.155        1.60155
    4         0        1.06436      0.0106436        173.542        1.73542
    4         0         1.1389       0.011389        186.068        1.86068
    4         0        1.22078      0.0122078         199.66         1.9966
    4         0        1.29667      0.0129667        212.379        2.12379
    4         0        1.37521      0.0137521        225.192        2.25192
    4         0        1.45373      0.0145373        238.101        2.38101
    4         0        1.53356      0.0153356        251.108        2.51108
    4         0        1.61376      0.0161376        264.212        2.64212
    4         1       0.025371     0.00025371        4.45678      0.0445678
    4         1       0.123906     0.00123906        17.9842       0.179842
    4         1       0.204636     0.00204636        30.5898       0.305898
    4         1       0.284608     0.00284608        43.5337       0.435337
    4         1       0.365776     0.00365776        56.6783       0.566783
    4         1       0.446788     0.00446788        69.9336       0.699336
    4         1       0.521636     0.00521636        82.3707       0.823707
    4         1       0.602233     0.00602233         95.748        0.95748
    4         1       0.677636     0.00677636        108.272        1.08272
    4         1       0.758246     0.00758246        121.727        1.21727
    4         1       0.833198     0.00833198        134.315        1.34315
    4         1       0.914308     0.00914308        147.834        1.47834
    4         1       0.990379     0.00990379        160.476        1.60476
    4         1        1.06626      0.0106626        173.143        1.73143
    4         1        1.14918      0.0114918        186.743        1.86743
    4         1        1.22822      0.0122822        199.459        1.99459
    4         1        1.30766      0.0130766        212.198        2.12198
    4         1        1.39506      0.0139506        225.871        2.25871
    4         1        1.47794      0.0147794        238.655        2.38655
    4         1         1.5604       0.015604        251.462        2.51462
    4         1        1.64455      0.0164455        264.289        2.64289
    4         2      0.0314044    0.000314044        4.92599      0.0492599
    4         2       0.119366     0.00119366        15.8654       0.158654
    4         2        0.19354      0.0019354        26.2702       0.262702
    4         2       0.274715     0.00274715        37.8661       0.378661
    4         2       0.350213     0.00350213        48.8827       0.488827
    4         2       0.419396     0.00419396        59.2596       0.592596
    4         2       0.495191     0.00495191        70.5669       0.705669
    4         2       0.569575     0.00569575         81.998        0.81998
    4         2       0.639958     0.00639958        92.7181       0.927181
    4         2       0.708941     0.00708941        103.537        1.03537
    4         2       0.779495     0.00779495        114.455        1.14455
    4         2       0.848311     0.00848311        125.472        1.25472
    4         2       0.919289     0.00919289         136.59         1.3659
    4         2       0.988919     0.00988919         147.81         1.4781
    4         2        1.05504      0.0105504        158.256        1.58256
    4         2        1.12592      0.0112592        169.675        1.69675
    4         2        1.19347      0.0119347         180.31         1.8031
    4         2        1.26672      0.0126672        191.934        1.91934
    4         2         1.3362       0.013362         202.76         2.0276
    4         2        1.40589      0.0140589        213.681        2.13681
    4         2        1.47706      0.0147706        224.697        2.24697
    4         2        1.54829      0.0154829         235.81         2.3581
    4         3      0.0365524    0.000365524        5.72474      0.0572474
    4         3       0.130485     0.00130485         17.881        0.17881
    4         3       0.212579     0.00212579        29.8964       0.298964
    4         3       0.288643     0.00288643        41.3982       0.413982
    4         3       0.370444     0.00370444        53.8704       0.538704
    4         3       0.447128     0.00447128        65.7063       0.657063
    4         3       0.524361     0.00524361        77.6624       0.776624
    4         3       0.600175     0.00600175        89.7305       0.897305
    4         3       0.677344     0.00677344        101.905        1.01905
    4         3       0.748062     0.00748062        113.362        1.13362
    4         3       0.825154     0.00825154        125.735        1.25735
    4         3        0.89708      0.0089708        137.374        1.37374
    4         3       0.973734     0.00973734        149.942        1.49942
    4         3        1.04643      0.0104643         161.76         1.6176
    4         3         1.1193       0.011193        173.663        1.73663
    4         3         1.1942       0.011942        185.652        1.85652
    4         3        1.26911      0.0126911        197.725        1.97725
    4         3        1.34642      0.0134642        209.881        2.09881
    4         3        1.41799      0.0141799        221.244        2.21244
    4         3        1.49702      0.0149702        233.561        2.33561
    4         3        1.57599      0.0157599        245.962        2.45962
    5         0      0.0332149    0.000332149        5.32738      0.0532738
    5         0        0.12979      0.0012979        18.3642       0.183642
    5         0       0.218148     0.00218148        31.7098       0.317098
    5         0       0.301385     0.00301385        44.2845       0.442845
    5         0       0.389785     0.00389785        57.8669       0.578669
    5         0       0.473227     0.00473227        70.6323       0.706323
    5         0       0.556184     0.00556184        83.4831       0.834831
    5         0       0.638801     0.00638801        96.4233       0.964233
    5         0       0.722286     0.00722286        109.457        1.09457
    5         0       0.804397     0.00804397        122.589        1.22589
    5         0       0.887997     0.00887997        135.822        1.35822
    5         0       0.965097     0.00965097        148.205        1.48205
    5         0        1.04922      0.0104922        161.642        1.61642
    5         0         1.1286       0.011286         174.22         1.7422
    5         0        1.21446      0.0121446        187.874        1.87874
    5         0        1.29633      0.0129633        200.654        2.00654
    5         0        1.37943      0.0137943        213.535        2.13535
    5         0         1.4633       0.014633        226.519        2.26519
    5         0        1.54892      0.0154892        239.605        2.39605
    5         0        1.63415      0.0163415        252.797        2.52797
    5         0        1.71501      0.0171501        265.068        2.65068
    5         1       0.030619     0.00030619        3.86498      0.0386498
    5         1       0.145948     0.00145948         17.925        0.17925
    5         1       0.252415     0.00252415        31.6556       0.316556
    5         1       0.360047     0.00360047        45.4456       0.454456
    5         1       0.466587     0.00466587        59.4472       0.594472
    5         1       0.574356     0.00574356        73.7023       0.737023
    5         1       0.674368     0.00674368        87.3184       0.873184
    5         1       0.775247     0.00775247        101.192        1.01192
    5         1       0.875244     0.00875244        115.333        1.15333
    5         1       0.976656     0.00976656        129.752        1.29752
    5         1        1.07129      0.0107129        143.469        1.43469
    5         1        1.16855      0.0116855        157.442        1.57442
    5         1        1.26702      0.0126702         171.68         1.7168
    5         1        1.36104      0.0136104        185.143        1.85143
    5         1        1.46285      0.0146285        199.909        1.99909
    5         1        1.55968      0.0155968        213.876        2.13876
    5         1        1.64872      0.0164872        226.992        2.26992
    5         1        1.74699      0.0174699        241.449        2.41449
    5         1        1.83836      0.0183836         255.03         2.5503
    5         1        1.92912      0.0192912         268.84         2.6884
    5         1        2.02137      0.0202137        282.887        2.82887
    5         2      0.0335224    0.000335224        4.82442      0.0482442
    5         2        0.14568      0.0014568        16.5823       0.165823
    5         2        0.24228      0.0024228        28.2711       0.282711
    5         2       0.345304     0.00345304        40.9301       0.409301
    5         2       0.443307     0.00443307        52.9823       0.529823
    5         2       0.534302     0.00534302        64.4066       0.644066
    5         2       0.631918     0.00631918        76.7344       0.767344
    5         2       0.722713     0.00722713        88.4349       0.884349
    5         2       0.814287     0.00814287        100.283        1.00283
    5         2       0.905088     0.00905088        112.286        1.12286
    5         2        0.99764      0.0099764        124.453        1.24453
    5         2        1.08994      0.0108994         136.79         1.3679
    5         2        1.17863      0.0117863        148.465        1.48465
    5         2        1.26789      0.0126789        160.297        1.60297
    5         2        1.35905      0.0135905        172.293        1.72293
    5         2        1.45255      0.0145255        184.459        1.84459
    5         2        1.54599      0.0154599        196.797        1.96797
    5         2         1.6349       0.016349        208.411        2.08411
    5         2        1.72399      0.0172399        220.182        2.20182
    5         2        1.81306      0.0181306        232.113        2.32113
    5         2         1.9039       0.019039        244.208        2.44208
    5         3      0.0479296    0.000479296        4.79249      0.0479249
    5         3       0.187944     0.00187944        15.9217       0.159217
    5         3       0.310115     0.00310115        26.6676       0.266676
    5         3        0.43365      0.0043365        37.5399       0.375399
    5         3       0.556122     0.00556122         48.418        0.48418
    5         3       0.679052     0.00679052        59.3498       0.593498
    5         3       0.801775     0.00801775        70.3506       0.703506
    5         3       0.924417     0.00924417        81.4332       0.814332
    5         3        1.04849      0.0104849        92.6075       0.926075
    5         3        1.17447      0.0117447        103.881        1.03881
    5         3        1.29499      0.0129499        114.498        1.14498
    5         3        1.42812      0.0142812        125.979        1.25979
    5         3        1.55388      0.0155388        136.798        1.36798
    5         3        1.68147      0.0168147         147.72         1.4772
    5         3        1.81142      0.0181142        158.744        1.58744
    5         3        1.94125      0.0194125        169.877        1.69877
    5         3         2.0621       0.020621        180.312        1.80312
    5         3        2.19276      0.0219276        191.657        1.91657
    5         3        2.31492      0.0231492         202.29         2.0229
    5         3        2.44637      0.0244637        213.853        2.13853
    5         3        2.56779      0.0256779        224.693        2.24693
    6         0      0.0270846    0.000270846        4.88994      0.0488994
    6         0       0.112272     0.00112272        16.4878       0.164878
    6         0       0.189729     0.00189729        28.6122       0.286122
    6         0       0.267856     0.00267856        40.9823       0.409823
    6         0       0.341594     0.00341594        52.7124       0.527124
    6         0       0.414138     0.00414138         64.546        0.64546
    6         0       0.487774     0.00487774        76.4691       0.764691
    6         0       0.560974     0.00560974        88.4747       0.884747
    6         0        0.63379      0.0063379        100.557        1.00557
    6         0       0.707439     0.00707439        112.712        1.12712
    6         0       0.780217     0.00780217        124.937        1.24937
    6         0       0.848548     0.00848548        136.408        1.36408
    6         0       0.922533     0.00922533        148.761        1.48761
    6         0       0.990549     0.00990549        160.345        1.60345
    6         0        1.06537      0.0106537        172.815        1.72815
    6         0        1.13569      0.0113569        184.507        1.84507
    6         0        1.20634      0.0120634        196.247        1.96247
    6         0        1.28422      0.0128422        208.878        2.08878
    6         0        1.35705      0.0135705        220.714        2.20714
    6         0        1.43187      0.0143187        232.595        2.32595
    6         0        1.50662      0.0150662        244.519        2.44519
    6         0        1.58295      0.0158295        256.487        2.56487
    6         1      0.0336275    0.000336275        5.46863      0.0546863
    6         1       0.129662     0.00129662         17.576        0.17576
    6         1       0.213409     0.00213409         29.811        0.29811
    6         1       0.293241     0.00293241        41.5263       0.415263
    6         1       0.371863     0.00371863        53.3926       0.533926
    6         1       0.451706     0.00451706        65.3783       0.653783
    6         1       0.530631     0.00530631        77.4773       0.774773
    6         1       0.610006     0.00610006        89.6901       0.896901
    6         1       0.684843     0.00684843        101.244        1.01244
    6         1       0.763353     0.00763353        113.682        1.13682
    6         1       0.838104     0.00838104        125.452        1.25452
    6         1       0.912541     0.00912541         137.33         1.3733
    6         1       0.987555     0.00987555        149.318        1.49318
    6         1         1.0636       0.010636        161.416        1.61416
    6         1        1.13924      0.0113924        173.628        1.73628
    6         1        1.21755      0.0121755        185.955        1.85955
    6         1        1.29041      0.0129041        197.564        1.97564
    6         1        1.36597      0.0136597        209.276        2.09276
    6         1        1.44645      0.0144645        221.939        2.21939
    6         1        1.52373      0.0152373        233.865        2.33865
    6         1        1.60057      0.0160057        245.899        2.45899
    6         1        1.67342      0.0167342        257.169        2.57169
    6         2      0.0296989    0.000296989        4.62025      0.0462025
    6         2       0.106568     0.00106568        15.4786       0.154786
    6         2       0.181645     0.00181645        26.7941       0.267941
    6         2       0.251199     0.00251199        37.5489       0.375489
    6         2       0.321951     0.00321951        48.4504       0.484504
    6         2       0.392788     0.00392788        59.5688       0.595688
    6         2       0.462432     0.00462432        70.9155       0.709155
    6         2       0.528658     0.00528658        81.7129       0.817129
    6         2       0.594628     0.00594628        92.7086       0.927086
    6         2       0.660076     0.00660076        103.899        1.03899
    6         2       0.720777     0.00720777        114.461        1.14461
    6         2       0.782316     0.00782316        125.185        1.25185
    6         2       0.847839     0.00847839        136.912        1.36912
    6         2       0.908521     0.00908521        147.965        1.47965
    6         2       0.965753     0.00965753        158.303        1.58303
    6         2        1.02773      0.0102773        169.651        1.69651
    6         2        1.08542      0.0108542         180.26         1.8026
    6         2        1.14756      0.0114756        191.897        1.91897
    6         2        1.20673      0.0120673         202.77         2.0277
    6         2        1.26672      0.0126672         213.77         2.1377
    6         2         1.3263       0.013263        224.895        2.24895
    6         3      0.0280641    0.000280641        4.93888      0.0493888
    6         3       0.102122     0.00102122        15.2936       0.152936
    6         3       0.174883     0.00174883        26.5904       0.265904
    6         3       0.241474     0.00241474        37.4414       0.374414
    6         3       0.309316     0.00309316        48.3711       0.483711
    6         3       0.377245     0.00377245        59.3791       0.593791
    6         3       0.444056     0.00444056        70.4536       0.704536
    6         3       0.511924     0.00511924        81.5925       0.815925
    6         3       0.579715     0.00579715        92.7982       0.927982
    6         3       0.641586     0.00641586        103.266        1.03266
    6         3       0.709391     0.00709391        114.609        1.14609
    6         3       0.772532     0.00772532        125.212        1.25212
    6         3       0.839022     0.00839022        136.708        1.36708
    6         3       0.902361     0.00902361        147.459        1.47459
    6         3       0.965845     0.00965845        158.284        1.58284
    6         3        1.02877      0.0102877        169.188        1.69188
    6         3        1.09257      0.0109257        180.172        1.80172
    6         3        1.15771      0.0115771        191.237        1.91237
    6         3        1.22267      0.0122267        202.387        2.02387
    6         3        1.28933      0.0128933        213.623        2.13623
    6         3        1.35728      0.0135728        224.948        2.24948
    6         3        1.41945      0.0141945        235.481        2.35481
    7         0      0.0241322    0.000241322         3.4479       0.034479
    7         0       0.113108     0.00113108        15.9691       0.159691
    7         0       0.191436     0.00191436        27.6889       0.276889
    7         0       0.268598     0.00268598         39.568        0.39568
    7         0       0.347265     0.00347265        51.5718       0.515718
    7         0       0.425106     0.00425106        63.7227       0.637227
    7         0       0.498402     0.00498402        75.2511       0.752511
    7         0       0.576806     0.00576806        87.7006       0.877006
    7         0       0.649219     0.00649219        99.5208       0.995208
    7         0       0.722833     0.00722833        111.492        1.11492
    7         0       0.796278     0.00796278         123.62         1.2362
    7         0       0.868934     0.00868934        135.913        1.35913
    7         0       0.938052     0.00938052        147.542        1.47542
    7         0        1.00691      0.0100691        159.322        1.59322
    7         0        1.07619      0.0107619        171.263        1.71263
    7         0        1.14689      0.0114689         183.37         1.8337
    7         0        1.21795      0.0121795        195.645        1.95645
    7         0         1.2855       0.012855        207.199        2.07199
    7         0        1.35846      0.0135846        219.817        2.19817
    7         0        1.42774      0.0142774        231.698        2.31698
    7         0        1.49808      0.0149808        243.743        2.43743
    7         1      0.0316797    0.000316797         4.9546       0.049546
    7         1       0.115418     0.00115418        15.4284       0.154284
    7         1       0.197145     0.00197145        26.9133       0.269133
    7         1       0.268359     0.00268359        37.4536       0.374536
    7         1       0.345678     0.00345678        48.8836       0.488836
    7         1       0.417643     0.00417643         59.754        0.59754
    7         1       0.489672     0.00489672        70.7501       0.707501
    7         1       0.562101     0.00562101        81.8612       0.818612
    7         1       0.628743     0.00628743         92.331        0.92331
    7         1        0.70107      0.0070107        103.653        1.03653
    7         1       0.768699     0.00768699        114.318        1.14318
    7         1        0.84024      0.0084024        125.849        1.25849
    7         1       0.907635     0.00907635         136.71         1.3671
    7         1       0.975741     0.00975741        147.669        1.47669
    7         1        1.04403      0.0104403        158.722        1.58722
    7         1        1.11222      0.0111222        169.876        1.69876
    7         1         1.1774       0.011774        180.323        1.80323
    7         1        1.24765      0.0124765         191.67         1.9167
    7         1        1.31427      0.0131427        202.298        2.02298
    7         1        1.38706      0.0138706        213.844        2.13844
    7         1        1.45479      0.0145479        224.659        2.24659
    7         1        1.52405      0.0152405        235.565        2.35565
    7         2       0.030677     0.00030677        4.69648      0.0469648
    7         2       0.107361     0.00107361         14.749        0.14749
    7         2       0.173816     0.00173816        24.3397       0.243397
    7         2       0.245488     0.00245488        34.9544       0.349544
    7         2       0.311408     0.00311408        44.9259       0.449259
    7         2       0.378512     0.00378512        54.9916       0.549916
    7         2       0.440703     0.00440703        64.4131       0.644131
    7         2       0.507299     0.00507299        74.6331       0.746331
    7         2       0.573723     0.00573723         84.925        0.84925
    7         2       0.635929     0.00635929        94.5423       0.945423
    7         2       0.702665     0.00702665        104.961        1.04961
    7         2       0.764166     0.00764166        114.691        1.14691
    7         2       0.826389     0.00826389        124.471        1.24471
    7         2       0.888643     0.00888643        134.299        1.34299
    7         2       0.955134     0.00955134        144.937        1.44937
    7         2          1.018        0.01018         154.86         1.5486
    7         2        1.08135      0.0108135        164.827        1.64827
    7         2        1.14418      0.0114418        174.835        1.74835
    7         2        1.20952      0.0120952        184.884        1.84884
    7         2         1.2754       0.012754        194.972        1.94972
    7         2        1.33595      0.0133595        204.315        2.04315
    7         2        1.40342      0.0140342        214.473        2.14473
    7         3      0.0269002    0.000269002        3.79541      0.0379541
    7         3       0.109106     0.00109106        14.8855       0.148855
    7         3       0.184086     0.00184086        25.9292       0.259292
    7         3       0.254678     0.00254678        36.4845       0.364845
    7         3        0.33058      0.0033058        47.8847       0.478847
    7         3       0.400312     0.00400312        58.6398       0.586398
    7         3       0.471543     0.00471543         69.496        0.69496
    7         3       0.541299     0.00541299        80.4494       0.804494
    7         3       0.612109     0.00612109        91.5004       0.915004
    7         3        0.68309      0.0068309        102.651        1.02651
    7         3       0.752948     0.00752948        113.903        1.13903
    7         3       0.818813     0.00818813        124.446        1.24446
    7         3       0.889819     0.00889819        135.906        1.35906
    7         3       0.955026     0.00955026        146.651        1.46651
    7         3        1.02204      0.0102204        157.495        1.57495
    7         3        1.08781      0.0108781        168.445        1.68445
    7         3        1.15583      0.0115583        179.504        1.79504
    7         3        1.22499      0.0122499        190.674        1.90674
    7         3        1.29365      0.0129365        201.959        2.01959
    7         3         1.3595       0.013595        212.481        2.12481
    7         3        1.43015      0.0143015        223.996        2.23996
    8         0      0.0371847    0.000371847        4.71088      0.0471088
    8         0        0.10714      0.0010714        14.7983       0.147983
    8         0       0.168866     0.00168866         24.476        0.24476
    8         0       0.231802     0.00231802        34.4849       0.344849
    8         0       0.296257     0.00296257        44.5826       0.445826
    8         0       0.360489     0.00360489        54.7925       0.547925
    8         0       0.420015     0.00420015        64.4056       0.644056
    8         0       0.484507     0.00484507        74.7802       0.747802
    8         0       0.544695     0.00544695        84.5227       0.845227
    8         0       0.604887     0.00604887        94.3139       0.943139
    8         0       0.669497     0.00669497         104.85         1.0485
    8         0       0.729095     0.00729095         114.72         1.1472
    8         0        0.78901      0.0078901        124.619        1.24619
    8         0       0.849321     0.00849321        134.543        1.34543
    8         0       0.909958     0.00909958        144.487        1.44487
    8         0       0.970882     0.00970882        154.446        1.54446
    8         0        1.03231      0.0103231        164.418        1.64418
    8         0        1.09329      0.0109329        174.399        1.74399
    8         0        1.15604      0.0115604        184.387        1.84387
    8         0        1.21948      0.0121948        194.377        1.94377
    8         0        1.28406      0.0128406        204.368        2.04368
    8         0        1.34844      0.0134844        214.357        2.14357
    8         1      0.0285925    0.000285925        4.31687      0.0431687
    8         1      0.0983434    0.000983434        14.6789       0.146789
    8         1       0.168094     0.00168094        24.6601       0.246601
    8         1       0.237845     0.00237845        34.7567       0.347567
    8         1       0.307595     0.00307595        44.9696       0.449696
    8         1       0.373013     0.00373013         54.716        0.54716
    8         1       0.438512     0.00438512        64.6199       0.646199
    8         1       0.502937     0.00502937        74.6707       0.746707
    8         1       0.568642     0.00568642        84.8605       0.848605
    8         1        0.62966      0.0062966         94.491        0.94491
    8         1       0.695144     0.00695144        104.934        1.04934
    8         1       0.756315     0.00756315        114.796        1.14796
    8         1        0.81686      0.0081686        124.767        1.24767
    8         1       0.877913     0.00877913        134.848        1.34848
    8         1       0.935116     0.00935116        144.306        1.44306
    8         1       0.997048     0.00997048        154.597        1.54597
    8         1        1.05953      0.0105953        164.998        1.64998
    8         1        1.11729      0.0111729        174.754        1.74754
    8         1        1.17644      0.0117644        184.607        1.84607
    8         1        1.23636      0.0123636        194.557        1.94557
    8         1        1.29732      0.0129732        204.603        2.04603
    8         1        1.35823      0.0135823        214.749        2.14749
    8         2      0.0337234    0.000337234        4.52197      0.0452197
    8         2      0.0989474    0.000989474        13.5718       0.135718
    8         2       0.160595     0.00160595        22.8874       0.228874
    8         2       0.219488     0.00219488        31.9425       0.319425
    8         2       0.279808     0.00279808        40.9738       0.409738
    8         2       0.334566     0.00334566        49.4715       0.494715
    8         2       0.393907     0.00393907        58.5728       0.585728
    8         2       0.453485     0.00453485        67.7195       0.677195
    8         2       0.512723     0.00512723        76.9187       0.769187
    8         2       0.568032     0.00568032        85.5968       0.855968
    8         2       0.627777     0.00627777        94.9163       0.949163
    8         2       0.683603     0.00683603        103.717        1.03717
    8         2       0.739581     0.00739581        112.581        1.12581
    8         2       0.794588     0.00794588        121.514        1.21514
    8         2       0.850643     0.00850643        130.518        1.30518
    8         2       0.906897     0.00906897        139.595        1.39595
    8         2       0.963574     0.00963574        148.749        1.48749
    8         2        1.01955      0.0101955        157.978        1.57978
    8         2        1.07297      0.0107297        166.666        1.66666
    8         2        1.12695      0.0112695        175.424        1.75424
    8         3      0.0377899    0.000377899        4.61001      0.0461001
    8         3       0.101219     0.00101219        14.4241       0.144241
    8         3       0.164678     0.00164678         24.616        0.24616
    8         3       0.229103     0.00229103        34.9481       0.349481
    8         3       0.289477     0.00289477        44.6051       0.446051
    8         3       0.354482     0.00354482        54.9391       0.549391
    8         3       0.415002     0.00415002        64.6652       0.646652
    8         3       0.475172     0.00475172        74.4348       0.744348
    8         3       0.540388     0.00540388        84.9115       0.849115
    8         3       0.601045     0.00601045        94.7923       0.947923
    8         3       0.660922     0.00660922        104.737        1.04737
    8         3       0.722114     0.00722114         114.75         1.1475
    8         3         0.7819       0.007819        124.838        1.24838
    8         3       0.838667     0.00838667        134.325        1.34325
    8         3       0.899869     0.00899869        144.572        1.44572
    8         3       0.960596     0.00960596        154.907        1.54907
    8         3        1.01753      0.0101753        164.638        1.64638
    8         3        1.07574      0.0107574        174.453        1.74453
    8         3        1.13379      0.0113379        184.357        1.84357
    8         3        1.19272      0.0119272        194.352        1.94352
    8         3        1.25283      0.0125283        204.439        2.04439
    9         0       0.017921     0.00017921        3.95871      0.0395871
    9         0      0.0939088    0.000939088        14.6176       0.146176
    9         0       0.169425     0.00169425        25.7442       0.257442
    9         0       0.233338     0.00233338        36.3764       0.363764
    9         0       0.303371     0.00303371        47.7818       0.477818
    9         0       0.368979     0.00368979        58.5789       0.585789
    9         0       0.433691     0.00433691        69.4756       0.694756
    9         0       0.499286     0.00499286         80.474        0.80474
    9         0       0.564885     0.00564885        91.5783       0.915783
    9         0       0.630494     0.00630494        102.793        1.02793
    9         0       0.691712     0.00691712        113.365        1.13365
    9         0       0.756528     0.00756528        124.811        1.24811
    9         0       0.818034     0.00818034        135.608        1.35608
    9         0       0.879582     0.00879582        146.523        1.46523
    9         0       0.941518     0.00941518        157.556        1.57556
    9         0        1.00333      0.0100333        168.717        1.68717
    9         0        1.06078      0.0106078        179.196        1.79196
    9         0        1.12408      0.0112408         190.61         1.9061
    9         0        1.18362      0.0118362        201.333        2.01333
    9         0        1.24382      0.0124382        212.179        2.12179
    9         0        1.30427      0.0130427        223.152        2.23152
    9         0        1.36594      0.0136594        234.253        2.34253
    9         1      0.0337954    0.000337954        4.31485      0.0431485
    9         1        0.10316      0.0010316        15.5088       0.155088
    9         1       0.168171     0.00168171        26.4095       0.264095
    9         1       0.233793     0.00233793         37.401        0.37401
    9         1       0.300244     0.00300244        48.3912       0.483912
    9         1        0.36555      0.0036555        59.4235       0.594235
    9         1       0.431783     0.00431783        70.5036       0.705036
    9         1       0.498096     0.00498096        81.6387       0.816387
    9         1       0.564576     0.00564576        92.8369       0.928369
    9         1       0.625691     0.00625691        103.352        1.03352
    9         1         0.6919       0.006919        114.695        1.14695
    9         1       0.753741     0.00753741        125.358        1.25358
    9         1       0.820036     0.00820036        136.873        1.36873
    9         1       0.882319     0.00882319        147.711        1.47711
    9         1       0.943901     0.00943901        158.639        1.58639
    9         1        1.00681      0.0100681        169.665        1.69665
    9         1        1.07006      0.0107006        180.793        1.80793
    9         1        1.12964      0.0112964        191.221        1.91221
    9         1        1.19353      0.0119353        202.557        2.02557
    9         1        1.25468      0.0125468        213.186        2.13186
    9         1        1.32134      0.0132134        224.748        2.24748
    9         2      0.0332219    0.000332219        4.96846      0.0496846
    9         2       0.100607     0.00100607        14.6308       0.146308
    9         2       0.167874     0.00167874        24.7291       0.247291
    9         2       0.227615     0.00227615        34.3529       0.343529
    9         2       0.293053     0.00293053        44.6948       0.446948
    9         2       0.353966     0.00353966        54.4231       0.544231
    9         2       0.419273     0.00419273        64.9257       0.649257
    9         2       0.479455     0.00479455        74.8019       0.748019
    9         2         0.5403       0.005403        84.7513       0.847513
    9         2       0.601311     0.00601311        94.7767       0.947767
    9         2       0.662291     0.00662291        104.881        1.04881
    9         2        0.71914      0.0071914        114.339        1.14339
    9         2       0.779289     0.00779289        124.607        1.24607
    9         2       0.840359     0.00840359        134.967        1.34967
    9         2       0.897436     0.00897436        144.672        1.44672
    9         2       0.954522     0.00954522         154.46         1.5446
    9         2        1.01222      0.0101222        164.338        1.64338
    9         2        1.06925      0.0106925        174.306        1.74306
    9         2        1.12772      0.0112772        184.369        1.84369
    9         2        1.18703      0.0118703        194.529        1.94529
    9         2        1.24711      0.0124711        204.787        2.04787
    9         2        1.30275      0.0130275        214.349        2.14349
    9         3      0.0350063    0.000350063        4.45306      0.0445306
    9         3       0.108017     0.00108017        14.8411       0.148411
    9         3       0.176394     0.00176394        24.8287       0.248287
    9         3       0.244917     0.00244917        34.9494       0.349494
    9         3       0.307523     0.00307523        44.3331       0.443331
    9         3       0.376382     0.00376382        54.4847       0.544847
    9         3       0.445128     0.00445128        64.6897       0.646897
    9         3       0.512747     0.00512747        74.9536       0.749536
    9         3       0.576805     0.00576805        84.5429       0.845429
    9         3       0.645584     0.00645584        94.9384       0.949384
    9         3       0.708415     0.00708415        104.661        1.04661
    9         3       0.772418     0.00772418        114.454        1.14454
    9         3       0.836262     0.00836262        124.324        1.24324
    9         3       0.899321     0.00899321        134.274        1.34274
    9         3       0.963937     0.00963937         144.31         1.4431
    9         3        1.02892      0.0102892        154.433        1.54433
    9         3        1.09325      0.0109325         164.65         1.6465
    9         3         1.1599       0.011599        174.963        1.74963
    9         3        1.22084      0.0122084        184.572        1.84572
    9         3        1.28371      0.0128371        194.269        1.94269
    9         3        1.35287      0.0135287        204.876        2.04876
    9         3        1.41631      0.0141631        214.765        2.14765
   10         0      0.0340797    0.000340797        3.97221      0.0397221
   10         0       0.102485     0.00102485         13.536        0.13536
   10         0       0.171785     0.00171785        23.9058       0.239058
   10         0       0.236234     0.00236234        33.8657       0.338657
   10         0       0.301621     0.00301621        43.7629       0.437629
   10         0       0.367108     0.00367108        53.6704       0.536704
   10         0       0.432452     0.00432452        63.6086       0.636086
   10         0       0.498088     0.00498088        73.5921       0.735921
   10         0        0.56329      0.0056329        83.6331       0.836331
   10         0       0.628331     0.00628331        93.7404       0.937404
   10         0       0.693902     0.00693902        103.921        1.03921
   10         0       0.755495     0.00755495        113.538        1.13538
   10         0       0.820922     0.00820922        123.877        1.23877
   10         0        0.88268      0.0088268        133.649        1.33649
   10         0       0.944482     0.00944482        143.502        1.43502
   10         0        1.00659      0.0100659        153.438        1.53438
   10         0        1.06878      0.0106878        163.458        1.63458
   10         0        1.13224      0.0113224        173.565        1.73565
   10         0        1.19654      0.0119654        183.762        1.83762
   10         0        1.25747      0.0125747        193.361        1.93361
   10         0        1.32359      0.0132359        203.733        2.03733
   10         1      0.0376992    0.000376992        3.98213      0.0398213
   10         1       0.104677     0.00104677        13.3934       0.133934
   10         1       0.177391     0.00177391         23.739        0.23739
   10         1       0.245059     0.00245059        33.5867       0.335867
   10         1       0.313388     0.00313388        43.3713       0.433713
   10         1       0.385977     0.00385977        53.8147       0.538147
   10         1       0.454797     0.00454797        63.6229       0.636229
   10         1       0.523669     0.00523669         73.456        0.73456
   10         1       0.595914     0.00595914        83.9812       0.839812
   10         1       0.664872     0.00664872        93.8904       0.938904
   10         1       0.733589     0.00733589        103.847        1.03847
   10         1       0.802226     0.00802226        113.858        1.13858
   10         1       0.870617     0.00870617        123.929        1.23929
   10         1       0.935402     0.00935402        133.387        1.33387
   10         1        1.00525      0.0100525         143.59         1.4359
   10         1        1.07469      0.0107469        153.867        1.53867
   10         1        1.14125      0.0114125        163.532        1.63532
   10         1        1.21357      0.0121357        173.968        1.73968
   10         1        1.28108      0.0128108        183.789        1.83789
   10         1        1.35081      0.0135081        193.689        1.93689
   10         2      0.0173164    0.000173164         3.5955       0.035955
   10         2       0.101793     0.00101793        12.9999       0.129999
   10         2       0.173731     0.00173731        21.8166       0.218166
   10         2       0.238704     0.00238704        30.8042       0.308042
   10         2       0.304412     0.00304412        39.6871       0.396871
   10         2       0.370229     0.00370229         48.586        0.48586
   10         2        0.43612      0.0043612        57.5155       0.575155
   10         2       0.500984     0.00500984        66.4892       0.664892
   10         2        0.56706      0.0056706        75.5148       0.755148
   10         2       0.633024     0.00633024         84.598        0.84598
   10         2       0.698927     0.00698927        93.7416       0.937416
   10         2       0.764257     0.00764257        102.948        1.02948
   10         2        0.82529      0.0082529        111.597        1.11597
   10         2       0.891519     0.00891519        120.927        1.20927
   10         2       0.953595     0.00953595        129.693        1.29693
   10         2        1.01606      0.0101606        138.516        1.38516
   10         2        1.07812      0.0107812        147.397        1.47397
   10         2        1.14652      0.0114652        156.972        1.56972
   10         2        1.21095      0.0121095         165.97         1.6597
   10         2        1.27207      0.0127207        174.374        1.74374
   10         2        1.33743      0.0133743        183.481        1.83481
   10         2         1.4048       0.014048        192.642        1.92642
   10         3      0.0401056    0.000401056        3.92213      0.0392213
   10         3      0.0983403    0.000983403        12.7908       0.127908
   10         3       0.156499     0.00156499        21.9216       0.219216
   10         3       0.212843     0.00212843        30.6237       0.306237
   10         3       0.272251     0.00272251        39.7782       0.397782
   10         3       0.331871     0.00331871         48.931        0.48931
   10         3       0.388358     0.00388358        57.5235       0.575235
   10         3       0.448392     0.00448392        66.7171       0.667171
   10         3       0.507787     0.00507787        75.9519       0.759519
   10         3       0.564258     0.00564258        84.6568       0.846568
   10         3       0.620561     0.00620561        93.4145       0.934145
   10         3       0.680903     0.00680903        102.821        1.02821
   10         3        0.73635      0.0073635        111.706        1.11706
   10         3       0.792788     0.00792788        120.661        1.20661
   10         3       0.849209     0.00849209         129.69         1.2969
   10         3       0.906064     0.00906064        138.796        1.38796
   10         3         0.9623       0.009623        147.985        1.47985
   10         3        1.01525      0.0101525        156.635        1.56635
   10         3        1.07286      0.0107286        165.991        1.65991
   10         3        1.12717      0.0112717        174.804        1.74804
   10         3        1.18111      0.0118111        183.699        1.83699
   11         0      0.0441777    0.000441777        5.44937      0.0544937
   11         0       0.109477     0.00109477        14.9617       0.149617
   11         0         0.1661       0.001661         23.841        0.23841
   11         0       0.223079     0.00223079        32.9656       0.329656
   11         0       0.277522     0.00277522        41.4135       0.414135
   11         0       0.335973     0.00335973        50.6363       0.506363
   11         0       0.394445     0.00394445        59.9257       0.599257
   11         0        0.44765      0.0044765        68.5511       0.685511
   11         0        0.50637      0.0050637        77.9412       0.779412
   11         0       0.560489     0.00560489        86.6444       0.866444
   11         0       0.614608     0.00614608        95.3751       0.953751
   11         0        0.67301      0.0067301        104.858        1.04858
   11         0       0.726372     0.00726372        113.629        1.13629
   11         0       0.780401     0.00780401        122.412        1.22412
   11         0       0.838869     0.00838869        131.936        1.31936
   11         0       0.893193     0.00893193        140.731        1.40731
   11         0       0.947385     0.00947385        149.528        1.49528
   11         0        1.00123      0.0100123         158.32         1.5832
   11         0        1.06107      0.0106107         167.84         1.6784
   11         0        1.11658      0.0111658        176.619        1.76619
   11         0        1.17287      0.0117287        185.387        1.85387
   11         0        1.23332      0.0123332        194.872        1.94872
   11         1      0.0402315    0.000402315        4.42519      0.0442519
   11         1       0.101456     0.00101456        13.9255       0.139255
   11         1       0.158808     0.00158808        22.8723       0.228723
   11         1       0.217425     0.00217425        31.8168       0.318168
   11         1       0.275607     0.00275607        40.6615       0.406615
   11         1       0.334451     0.00334451        49.5509       0.495509
   11         1       0.393509     0.00393509        58.5185       0.585185
   11         1       0.452133     0.00452133        67.5805       0.675805
   11         1       0.510665     0.00510665        76.7441       0.767441
   11         1       0.565983     0.00565983        85.3927       0.853927
   11         1       0.624864     0.00624864        94.7637       0.947637
   11         1       0.679393     0.00679393        103.609        1.03609
   11         1       0.734531     0.00734531        112.552        1.12552
   11         1       0.789623     0.00789623        121.594        1.21594
   11         1       0.844255     0.00844255        130.735        1.30735
   11         1       0.899238     0.00899238        139.977        1.39977
   11         1       0.951037     0.00951037        148.651        1.48651
   11         1        1.00224      0.0100224        157.413        1.57413
   11         1        1.05778      0.0105778        166.952        1.66952
   11         1         1.1106       0.011106        175.905        1.75905
   11         1        1.16399      0.0116399        184.951        1.84951
   11         2      0.0325594    0.000325594        3.78424      0.0378424
   11         2      0.0803936    0.000803936         10.872        0.10872
   11         2       0.125039     0.00125039        17.5794       0.175794
   11         2       0.173037     0.00173037        24.9361       0.249361
   11         2        0.21825      0.0021825        31.8442       0.318442
   11         2       0.263511     0.00263511        38.6798       0.386798
   11         2       0.311707     0.00311707        45.9909       0.459909
   11         2       0.356428     0.00356428        52.8059       0.528059
   11         2       0.401874     0.00401874        59.6162       0.596162
   11         2       0.450561     0.00450561        66.9117       0.669117
   11         2       0.496146     0.00496146         73.723        0.73723
   11         2       0.541567     0.00541567        80.5401       0.805401
   11         2       0.590162     0.00590162        87.8536       0.878536
   11         2       0.635511     0.00635511        94.6914       0.946914
   11         2       0.681019     0.00681019        101.544        1.01544
   11         2       0.729628     0.00729628        108.903        1.08903
   11         2       0.775091     0.00775091        115.792        1.15792
   11         2       0.820641     0.00820641        122.703        1.22703
   11         2       0.865533     0.00865533        129.637        1.29637
   11         2       0.910905     0.00910905        136.595        1.36595
   11         2       0.956846     0.00956846        143.582        1.43582
   11         2        1.00281      0.0100281        150.597        1.50597
   11         2        1.04919      0.0104919        157.641        1.57641
   11         3       0.032443     0.00032443        3.51949      0.0351949
   11         3      0.0858766    0.000858766        11.4682       0.114682
   11         3        0.13931      0.0013931        19.6162       0.196162
   11         3       0.193876     0.00193876        27.9415       0.279415
   11         3       0.244466     0.00244466          35.64         0.3564
   11         3        0.29922      0.0029922        43.8318       0.438318
   11         3       0.352974     0.00352974        51.9967       0.519967
   11         3       0.404264     0.00404264        59.6014       0.596014
   11         3       0.459059     0.00459059        67.7409       0.677409
   11         3       0.514065     0.00514065        75.8792       0.758792
   11         3       0.564796     0.00564796        83.4809       0.834809
   11         3       0.619073     0.00619073        91.6379       0.916379
   11         3       0.674097     0.00674097         99.813        0.99813
   11         3       0.725338     0.00725338        107.464        1.07464
   11         3       0.780387     0.00780387         115.69         1.1569
   11         3       0.834186     0.00834186        123.947        1.23947
   11         3       0.885663     0.00885663        131.688        1.31688
   11         3       0.937235     0.00937235        139.462        1.39462
   11         3       0.992816     0.00992816        147.835        1.47835
   11         3        1.04482      0.0104482        155.689        1.55689
   11         3        1.09666      0.0109666        163.588        1.63588
   11         3         1.1499       0.011499         171.53         1.7153
