 *tel    numcsi   CsIInChannel     errCsIInChannel           CsIE       errCsIE
    0         0             92            0.5        16.0756       0.160756
    0         0            152            0.5        30.7814       0.307814
    0         0            218            0.5        44.1169       0.441169
    0         0            296            0.5        58.7415       0.587415
    0         0            374            0.5        72.9051       0.729051
    0         0            452            0.5        86.7514       0.867514
    0         0            530            0.5        100.356        1.00356
    0         0            614            0.5        114.783        1.14783
    0         0            692            0.5        127.991        1.27991
    0         0            776            0.5        142.029        1.42029
    0         0            866            0.5        156.874        1.56874
    0         0            950            0.5        170.564        1.70564
    0         0           1034            0.5         184.11         1.8411
    0         0           1124            0.5        198.481        1.98481
    0         0           1214            0.5        212.721        2.12721
    0         0           1304            0.5        226.845        2.26845
    0         0           1394            0.5        240.867        2.40867
    0         0           1484            0.5          254.8          2.548
    0         0           1574            0.5        268.656        2.68656
    0         0           1664            0.5        282.446        2.82446
    0         1             82            0.5         14.952        0.14952
    0         1            154            0.5        30.8432       0.308432
    0         1            226            0.5        45.9779       0.459779
    0         1            310            0.5        62.9624       0.629624
    0         1            388            0.5        78.1828       0.781828
    0         1            472            0.5        93.9755       0.939755
    0         1            562            0.5        110.409        1.10409
    0         1            652            0.5        126.426        1.26426
    0         1            742            0.5        142.098        1.42098
    0         1            838            0.5        158.499        1.58499
    0         1            934            0.5        174.625        1.74625
    0         1           1030            0.5        190.521        1.90521
    0         1           1126            0.5        206.221        2.06221
    0         1           1228            0.5        222.722        2.22722
    0         1           1324            0.5        238.109        2.38109
    0         1           1426            0.5         254.33         2.5433
    0         1           1528            0.5        270.439        2.70439
    0         1           1630            0.5        286.456        2.86456
    0         1           1732            0.5        302.398        3.02398
    0         1           1834            0.5        318.278        3.18278
    0         1           1936            0.5         334.11         3.3411
    0         2             99            0.5         15.917        0.15917
    0         2            165            0.5        30.1612       0.301612
    0         2            237            0.5        44.8533       0.448533
    0         2            315            0.5        60.2277       0.602277
    0         2            393            0.5        75.1511       0.751511
    0         2            477            0.5        90.6809       0.906809
    0         2            561            0.5        105.787        1.05787
    0         2            645            0.5        120.538        1.20538
    0         2            729            0.5        134.985        1.34985
    0         2            819            0.5        150.173        1.50173
    0         2            909            0.5          165.1          1.651
    0         2           1005            0.5        180.771        1.80771
    0         2           1095            0.5        195.257        1.95257
    0         2           1191            0.5        210.518        2.10518
    0         2           1287            0.5        225.606        2.25606
    0         2           1383            0.5        240.543        2.40543
    0         2           1479            0.5        255.348        2.55348
    0         2           1581            0.5        270.951        2.70951
    0         2           1677            0.5        285.533        2.85533
    0         2           1779            0.5         300.93         3.0093
    0         2           1875            0.5        315.344        3.15344
    0         3             45            0.5        15.4161       0.154161
    0         3            111            0.5        30.2687       0.302687
    0         3            183            0.5        45.2433       0.452433
    0         3            261            0.5        60.9064       0.609064
    0         3            333            0.5        74.9437       0.749437
    0         3            417            0.5        90.8045       0.908045
    0         3            495            0.5        105.155        1.05155
    0         3            579            0.5        120.273        1.20273
    0         3            663            0.5        135.098        1.35098
    0         3            753            0.5        150.702        1.50702
    0         3            837            0.5        165.043        1.65043
    0         3            927            0.5        180.201        1.80201
    0         3           1017            0.5        195.174        1.95174
    0         3           1113            0.5        210.968        2.10968
    0         3           1203            0.5        225.633        2.25633
    0         3           1293            0.5        240.177        2.40177
    0         3           1389            0.5        255.577        2.55577
    0         3           1485            0.5        270.875        2.70875
    0         3           1575            0.5        285.139        2.85139
    0         3           1671            0.5        300.282        3.00282
    1         0            106            0.5        14.1835       0.141835
    1         0            176            0.5        31.3824       0.313824
    1         0            260            0.5        47.9148       0.479148
    1         0            358            0.5        65.6593       0.656593
    1         0            456            0.5        82.7648       0.827648
    1         0            554            0.5         99.404        0.99404
    1         0            659            0.5         116.87         1.1687
    1         0            757            0.5        132.871        1.32871
    1         0            869            0.5        150.839        1.50839
    1         0            974            0.5        167.409        1.67409
    1         0           1086            0.5        184.823        1.84823
    1         0           1191            0.5        200.934        2.00934
    1         0           1310            0.5        218.976        2.18976
    1         0           1422            0.5        235.772        2.35772
    1         0           1534            0.5        252.415        2.52415
    1         0           1653            0.5        269.954        2.69954
    1         0           1765            0.5        286.346        2.86346
    1         0           1884            0.5         303.66         3.0366
    1         0           2003            0.5        320.887        3.20887
    1         0           2115            0.5        337.034        3.37034
    1         0           2234            0.5        354.136        3.54136
    1         1             93            0.5        14.0882       0.140882
    1         1            181            0.5        31.5793       0.315793
    1         1            277            0.5        49.9728       0.499728
    1         1            373            0.5        67.8204       0.678204
    1         1            477            0.5        86.5399       0.865399
    1         1            581            0.5        104.673        1.04673
    1         1            685            0.5        122.351        1.22351
    1         1            797            0.5         140.96         1.4096
    1         1            901            0.5          157.9          1.579
    1         1           1013            0.5        175.829        1.75829
    1         1           1133            0.5        194.728        1.94728
    1         1           1245            0.5        212.118        2.12118
    1         1           1365            0.5        230.521        2.30521
    1         1           1485            0.5        248.719        2.48719
    1         1           1605            0.5        266.741        2.66741
    1         1           1725            0.5        284.613        2.84613
    1         1           1845            0.5        302.356        3.02356
    1         1           1965            0.5         319.99         3.1999
    1         1           2093            0.5        338.699        3.38699
    1         1           2213            0.5         356.16         3.5616
    1         1           2341            0.5        374.716        3.74716
    1         2             78            0.5        15.1962       0.151962
    1         2            150            0.5        30.1715       0.301715
    1         2            228            0.5        45.8172       0.458172
    1         2            300            0.5        59.8559       0.598559
    1         2            384            0.5        75.8031       0.758031
    1         2            462            0.5        90.1496       0.901496
    1         2            546            0.5        105.229        1.05229
    1         2            630            0.5        119.983        1.19983
    1         2            720            0.5        135.481        1.35481
    1         2            810            0.5        150.703        1.50703
    1         2            900            0.5        165.688        1.65688
    1         2            990            0.5        180.465        1.80465
    1         2           1080            0.5        195.062        1.95062
    1         2           1176            0.5        210.459        2.10459
    1         2           1272            0.5        225.699        2.25699
    1         2           1368            0.5        240.803        2.40803
    1         2           1464            0.5        255.788        2.55788
    1         2           1560            0.5        270.671        2.70671
    1         2           1656            0.5        285.465        2.85465
    1         2           1752            0.5        300.183        3.00183
    1         2           1854            0.5        315.748        3.15748
    1         3            104            0.5        13.9069       0.139069
    1         3            170            0.5        29.6344       0.296344
    1         3            242            0.5        44.9874       0.449874
    1         3            314            0.5        59.6022       0.596022
    1         3            392            0.5        74.8635       0.748635
    1         3            470            0.5         89.564        0.89564
    1         3            554            0.5        104.941        1.04941
    1         3            638            0.5        119.943        1.19943
    1         3            722            0.5        134.637        1.34637
    1         3            806            0.5        149.074        1.49074
    1         3            896            0.5        164.302        1.64302
    1         3            986            0.5         179.32         1.7932
    1         3           1076            0.5        194.159        1.94159
    1         3           1172            0.5        209.822        2.09822
    1         3           1262            0.5        224.373        2.24373
    1         3           1358            0.5        239.775        2.39775
    1         3           1448            0.5         254.12         2.5412
    1         3           1544            0.5        269.335        2.69335
    1         3           1640            0.5        284.477        2.84477
    1         3           1736            0.5         299.56         2.9956
    1         3           1832            0.5        314.593        3.14593
    2         0             74            0.5        14.6455       0.146455
    2         0            134            0.5        28.9601       0.289601
    2         0            200            0.5        41.9486       0.419486
    2         0            278            0.5        56.5797       0.565797
    2         0            356            0.5        70.9539       0.709539
    2         0            428            0.5        83.9758       0.839758
    2         0            512            0.5        98.8338       0.988338
    2         0            590            0.5         112.35         1.1235
    2         0            674            0.5        126.618        1.26618
    2         0            758            0.5        140.611        1.40611
    2         0            842            0.5        154.352        1.54352
    2         0            932            0.5        168.825        1.68825
    2         0           1016            0.5        182.125        1.82125
    2         0           1106            0.5        196.177        1.96177
    2         0           1202            0.5        210.967        2.10967
    2         0           1292            0.5        224.669        2.24669
    2         0           1382            0.5        238.231        2.38231
    2         0           1478            0.5        252.564        2.52564
    2         0           1574            0.5        266.775        2.66775
    2         0           1670            0.5        280.883        2.80883
    2         0           1766            0.5          294.9          2.949
    2         1            102            0.5         12.592        0.12592
    2         1            147            0.5        25.7227       0.257227
    2         1            207            0.5        40.2361       0.402361
    2         1            272            0.5        54.4518       0.544518
    2         1            342            0.5        68.9625       0.689625
    2         1            412            0.5        82.9653       0.829653
    2         1            482            0.5        96.5596       0.965596
    2         1            557            0.5        110.817        1.10817
    2         1            632            0.5        124.812        1.24812
    2         1            707            0.5        138.589        1.38589
    2         1            782            0.5        152.178        1.52178
    2         1            862            0.5        166.495        1.66495
    2         1            942            0.5        180.656        1.80656
    2         1           1022            0.5        194.683        1.94683
    2         1           1102            0.5        208.596        2.08596
    2         1           1182            0.5        222.412        2.22412
    2         1           1262            0.5        236.146        2.36146
    2         1           1347            0.5        250.663        2.50663
    2         1           1427            0.5        264.268        2.64268
    2         1           1512            0.5        278.673        2.78673
    2         1           1592            0.5        292.194        2.92194
    2         2             76            0.5        13.5197       0.135197
    2         2            131            0.5        25.4347       0.254347
    2         2            191            0.5          37.82         0.3782
    2         2            251            0.5        49.7142       0.497142
    2         2            311            0.5        61.2019       0.612019
    2         2            376            0.5        73.2634       0.732634
    2         2            446            0.5        85.8022       0.858022
    2         2            516            0.5        97.9681       0.979681
    2         2            586            0.5        109.833        1.09833
    2         2            656            0.5        121.448        1.21448
    2         2            731            0.5        133.656        1.33656
    2         2            806            0.5        145.656        1.45656
    2         2            881            0.5        157.477        1.57477
    2         2            961            0.5        169.919        1.69919
    2         2           1036            0.5        181.446        1.81446
    2         2           1116            0.5        193.618        1.93618
    2         2           1196            0.5        205.679        2.05679
    2         2           1276            0.5        217.644        2.17644
    2         2           1356            0.5        229.528        2.29528
    2         2           1436            0.5        241.342        2.41342
    2         3             99            0.5         11.996        0.11996
    2         3            149            0.5        25.9186       0.259186
    2         3            214            0.5        40.2585       0.402585
    2         3            284            0.5        54.3586       0.543586
    2         3            359            0.5        68.9198       0.689198
    2         3            429            0.5        82.1644       0.821644
    2         3            509            0.5        96.9008       0.969008
    2         3            584            0.5        110.423        1.10423
    2         3            664            0.5        124.561        1.24561
    2         3            744            0.5        138.434        1.38434
    2         3            829            0.5        152.914        1.52914
    2         3            909            0.5        166.324        1.66324
    2         3            994            0.5        180.366        1.80366
    2         3           1079            0.5         194.22         1.9422
    2         3           1169            0.5         208.71         2.0871
    2         3           1254            0.5        222.246        2.22246
    2         3           1344            0.5        236.442        2.36442
    2         3           1434            0.5        250.514        2.50514
    2         3           1524            0.5        264.479        2.64479
    2         3           1614            0.5        278.352        2.78352
    2         3           1709            0.5         292.91         2.9291
    3         0             76            0.5        14.3564       0.143564
    3         0            116            0.5        24.8838       0.248838
    3         0            171            0.5        36.7351       0.367351
    3         0            226            0.5        47.4001       0.474001
    3         0            286            0.5        58.4845       0.584845
    3         0            346            0.5        69.2571       0.692571
    3         0            411            0.5        80.6542       0.806542
    3         0            476            0.5        91.7652       0.917652
    3         0            541            0.5        102.683        1.02683
    3         0            606            0.5        113.419        1.13419
    3         0            676            0.5        124.799        1.24799
    3         0            741            0.5        135.212        1.35212
    3         0            811            0.5        146.274        1.46274
    3         0            886            0.5         157.97         1.5797
    3         0            956            0.5        168.753        1.68753
    3         0           1026            0.5        179.421        1.79421
    3         0           1101            0.5        190.736        1.90736
    3         0           1176            0.5        201.944        2.01944
    3         0           1246            0.5        212.318        2.12318
    3         0           1321            0.5         223.35         2.2335
    3         0           1396            0.5        234.305        2.34305
    3         0           1476            0.5        245.915        2.45915
    3         1            106            0.5        16.1597       0.161597
    3         1            150            0.5        26.7383       0.267383
    3         1            194            0.5        36.7222       0.367222
    3         1            238            0.5        46.2196       0.462196
    3         1            290            0.5        56.9359       0.569359
    3         1            338            0.5        66.4092       0.664092
    3         1            390            0.5        76.2871       0.762871
    3         1            446            0.5        86.4801       0.864801
    3         1            502            0.5        96.3455       0.963455
    3         1            562            0.5         106.61         1.0661
    3         1            622            0.5         116.62         1.1662
    3         1            682            0.5        126.418        1.26418
    3         1            746            0.5        136.678        1.36678
    3         1            810            0.5        146.773        1.46773
    3         1            874            0.5        156.731        1.56731
    3         1            938            0.5        166.576        1.66576
    3         1           1006            0.5        176.933        1.76933
    3         1           1070            0.5        186.601        1.86601
    3         1           1138            0.5        196.801        1.96801
    3         1           1206            0.5        206.942        2.06942
    3         1           1270            0.5        216.441        2.16441
    3         2             97            0.5        15.6828       0.156828
    3         2            127            0.5        25.3934       0.253934
    3         2            160            0.5        35.4089       0.354089
    3         2            196            0.5        45.7482       0.457482
    3         2            232            0.5        55.6182       0.556182
    3         2            271            0.5        65.8963       0.658963
    3         2            310            0.5        75.8152       0.758152
    3         2            349            0.5        85.3815       0.853815
    3         2            391            0.5        95.4069       0.954069
    3         2            436            0.5        105.888        1.05888
    3         2            478            0.5        115.476        1.15476
    3         2            523            0.5        125.576        1.25576
    3         2            568            0.5        135.529        1.35529
    3         2            613            0.5         145.36         1.4536
    3         2            661            0.5        155.736        1.55736
    3         2            706            0.5        165.378        1.65378
    3         2            754            0.5        175.587        1.75587
    3         2            802            0.5        185.732        1.85732
    3         2            850            0.5        195.825        1.95825
    3         2            898            0.5        205.877        2.05877
    3         2            946            0.5        215.897        2.15897
    3         2            994            0.5        225.891        2.25891
    3         3             76            0.5        13.6756       0.136756
    3         3            121            0.5        25.1899       0.251899
    3         3            176            0.5        36.9652       0.369652
    3         3            231            0.5        47.8038       0.478038
    3         3            286            0.5        58.1327       0.581327
    3         3            351            0.5        69.8816       0.698816
    3         3            411            0.5        80.3438       0.803438
    3         3            476            0.5        91.2799       0.912799
    3         3            546            0.5        102.735        1.02735
    3         3            616            0.5        113.901        1.13901
    3         3            686            0.5        124.825        1.24825
    3         3            756            0.5        135.542        1.35542
    3         3            831            0.5        146.831        1.46831
    3         3            906            0.5        157.948        1.57948
    3         3            981            0.5        168.919        1.68919
    3         3           1056            0.5        179.765        1.79765
    3         3           1131            0.5        190.505        1.90505
    3         3           1211            0.5         201.86         2.0186
    3         3           1286            0.5        212.426        2.12426
    3         3           1366            0.5        223.625        2.23625
    3         3           1446            0.5        234.761        2.34761
    3         3           1526            0.5        245.845        2.45845
    4         0            106            0.5        10.3273       0.103273
    4         0            151            0.5         21.484        0.21484
    4         0            206            0.5        32.2607       0.322607
    4         0            271            0.5        43.4764       0.434764
    4         0            341            0.5        54.7667       0.547667
    4         0            411            0.5        65.6137       0.656137
    4         0            486            0.5        76.8899       0.768899
    4         0            561            0.5        87.7721       0.877721
    4         0            636            0.5        98.3868       0.983868
    4         0            716            0.5        109.443        1.09443
    4         0            801            0.5         120.93         1.2093
    4         0            881            0.5        131.528        1.31528
    4         0            966            0.5        142.588        1.42588
    4         0           1051            0.5        153.466        1.53466
    4         0           1141            0.5         164.81         1.6481
    4         0           1231            0.5        175.997        1.75997
    4         0           1316            0.5        186.435        1.86435
    4         0           1411            0.5        197.973        1.97973
    4         0           1501            0.5        208.794        2.08794
    4         0           1591            0.5        219.522        2.19522
    4         0           1686            0.5        230.757        2.30757
    4         1             78            0.5        11.4813       0.114813
    4         1            126            0.5        22.7223       0.227223
    4         1            180            0.5        33.1574       0.331574
    4         1            246            0.5        44.2475       0.442475
    4         1            318            0.5        55.2827       0.552827
    4         1            396            0.5         66.607        0.66607
    4         1            474            0.5        77.5457       0.775457
    4         1            558            0.5         88.968        0.88968
    4         1            636            0.5         99.385        0.99385
    4         1            720            0.5        110.431        1.10431
    4         1            804            0.5        121.329        1.21329
    4         1            894            0.5        132.861        1.32861
    4         1            978            0.5        143.504        1.43504
    4         1           1068            0.5        154.792        1.54792
    4         1           1158            0.5        165.972        1.65972
    4         1           1242            0.5        176.319        1.76319
    4         1           1332            0.5        187.319        1.87319
    4         1           1428            0.5        198.964        1.98964
    4         1           1518            0.5        209.807        2.09807
    4         1           1608            0.5        220.585        2.20585
    4         1           1698            0.5        231.305        2.31305
    4         1           1794            0.5        242.683        2.42683
    4         2            104            0.5        10.5461       0.105461
    4         2            152            0.5        22.1629       0.221629
    4         2            212            0.5        34.3845       0.343845
    4         2            278            0.5         46.365        0.46365
    4         2            350            0.5        58.5045       0.585045
    4         2            422            0.5        70.0751       0.700751
    4         2            500            0.5        82.1216       0.821216
    4         2            584            0.5        94.6451       0.946451
    4         2            668            0.5        106.849        1.06849
    4         2            752            0.5        118.793        1.18793
    4         2            836            0.5        130.518        1.30518
    4         2            926            0.5        142.872        1.42872
    4         2           1010            0.5        154.236        1.54236
    4         2           1100            0.5        166.255        1.66255
    4         2           1196            0.5         178.92         1.7892
    4         2           1286            0.5        190.665        1.90665
    4         2           1376            0.5        202.303        2.02303
    4         2           1472            0.5        214.611        2.14611
    4         2           1568            0.5        226.826        2.26826
    4         2           1664            0.5        238.958        2.38958
    4         3             98            0.5        10.9261       0.109261
    4         3            138            0.5        20.9851       0.209851
    4         3            188            0.5        31.5289       0.315289
    4         3            243            0.5         41.867        0.41867
    4         3            298            0.5        51.5091       0.515091
    4         3            358            0.5        61.5453       0.615453
    4         3            418            0.5        71.2537       0.712537
    4         3            483            0.5        81.4313       0.814313
    4         3            548            0.5        91.2975       0.912975
    4         3            618            0.5        101.679        1.01679
    4         3            688            0.5        111.836        1.11836
    4         3            758            0.5        121.798        1.21798
    4         3            828            0.5        131.589        1.31589
    4         3            903            0.5        141.911        1.41911
    4         3            973            0.5        151.403        1.51403
    4         3           1048            0.5         161.44         1.6144
    4         3           1123            0.5        171.352        1.71352
    4         3           1203            0.5        181.802        1.81802
    4         3           1278            0.5        191.496        1.91496
    4         3           1358            0.5        201.738        2.01738
    4         3           1438            0.5        211.889        2.11889
    4         3           1518            0.5         221.96         2.2196
    5         0             94            0.5        14.9686       0.149686
    5         0            144            0.5        25.4756       0.254756
    5         0            204            0.5        36.3537       0.363537
    5         0            269            0.5        47.2469       0.472469
    5         0            339            0.5        58.4405       0.584405
    5         0            409            0.5         69.252        0.69252
    5         0            484            0.5         80.494        0.80494
    5         0            559            0.5        91.3734       0.913734
    5         0            639            0.5        102.697        1.02697
    5         0            719            0.5         113.76         1.1376
    5         0            799            0.5        124.596        1.24596
    5         0            884            0.5        135.892        1.35892
    5         0            969            0.5         146.99         1.4699
    5         0           1054            0.5        157.915        1.57915
    5         0           1139            0.5        168.688        1.68688
    5         0           1229            0.5        179.947        1.79947
    5         0           1314            0.5        190.458        1.90458
    5         0           1404            0.5        201.473        2.01473
    5         0           1499            0.5        212.987        2.12987
    5         0           1589            0.5        223.802        2.23802
    5         0           1679            0.5        234.537        2.34537
    5         1             86            0.5        9.75522      0.0975522
    5         1            149            0.5        21.1185       0.211185
    5         1            219            0.5        32.2896       0.322896
    5         1            296            0.5         43.476        0.43476
    5         1            380            0.5        54.7973       0.547973
    5         1            464            0.5         65.474        0.65474
    5         1            555            0.5        76.5103       0.765103
    5         1            653            0.5        87.8551       0.878551
    5         1            751            0.5        98.8337       0.988337
    5         1            849            0.5        109.528        1.09528
    5         1            954            0.5        120.748        1.20748
    5         1           1059            0.5        131.777        1.31777
    5         1           1164            0.5        142.659        1.42659
    5         1           1269            0.5        153.426        1.53426
    5         1           1381            0.5        164.813        1.64813
    5         1           1486            0.5        175.419        1.75419
    5         1           1598            0.5        186.676        1.86676
    5         1           1710            0.5         197.89         1.9789
    5         1           1815            0.5        208.378        2.08378
    5         1           1927            0.5        219.547        2.19547
    5         1           2039            0.5        230.707        2.30707
    5         2             79            0.5        13.2692       0.132692
    5         2            133            0.5        23.9525       0.239525
    5         2            193            0.5        33.5725       0.335725
    5         2            265            0.5        43.9962       0.439962
    5         2            337            0.5        53.8986       0.538986
    5         2            409            0.5        63.5055       0.635055
    5         2            487            0.5        73.6627       0.736627
    5         2            565            0.5        83.5435       0.835435
    5         2            649            0.5         93.914        0.93914
    5         2            727            0.5        103.335        1.03335
    5         2            817            0.5         113.98         1.1398
    5         2            901            0.5        123.718        1.23718
    5         2            991            0.5         133.96         1.3396
    5         2           1075            0.5        143.359        1.43359
    5         2           1171            0.5         153.93         1.5393
    5         2           1261            0.5        163.691        1.63691
    5         2           1357            0.5        173.961        1.73961
    5         2           1447            0.5        183.469        1.83469
    5         2           1543            0.5        193.496        1.93496
    5         2           1639            0.5        203.418        2.03418
    5         2           1741            0.5        213.855        2.13855
    5         3             99            0.5        13.3607       0.133607
    5         3            171            0.5        22.9142       0.229142
    5         3            252            0.5        31.4654       0.314654
    5         3            351            0.5        40.8381       0.408381
    5         3            450            0.5        49.7007       0.497007
    5         3            549            0.5         58.262        0.58262
    5         3            657            0.5        67.3335       0.673335
    5         3            774            0.5        76.8921       0.768921
    5         3            882            0.5        85.4292       0.854292
    5         3            999            0.5        94.4554       0.944554
    5         3           1125            0.5        103.939        1.03939
    5         3           1242            0.5        112.555        1.12555
    5         3           1368            0.5        121.651        1.21651
    5         3           1494            0.5        130.579        1.30579
    5         3           1629            0.5        139.982        1.39982
    5         3           1755            0.5        148.623        1.48623
    5         3           1890            0.5        157.754        1.57754
    5         3           2025            0.5        166.768        1.66768
    5         3           2160            0.5        175.679        1.75679
    5         3           2295            0.5        184.499        1.84499
    5         3           2439            0.5        193.818        1.93818
    5         3           2574            0.5        202.481        2.02481
    6         0             70            0.5        13.8914       0.138914
    6         0            115            0.5        25.5479       0.255479
    6         0            170            0.5        36.9763       0.369763
    6         0            230            0.5        47.9825       0.479825
    6         0            290            0.5        58.2268       0.582268
    6         0            360            0.5        69.6013       0.696013
    6         0            430            0.5         80.512        0.80512
    6         0            505            0.5        91.7427       0.917427
    6         0            580            0.5        102.645        1.02645
    6         0            660            0.5        113.968        1.13968
    6         0            735            0.5        124.341        1.24341
    6         0            820            0.5        135.858        1.35858
    6         0            900            0.5        146.498        1.46498
    6         0            985            0.5        157.622        1.57622
    6         0           1070            0.5        168.585        1.68585
    6         0           1155            0.5        179.411        1.79411
    6         0           1245            0.5        190.743        1.90743
    6         0           1335            0.5        201.961        2.01961
    6         0           1420            0.5        212.466        2.12466
    6         0           1510            0.5        223.507        2.23507
    6         0           1600            0.5        234.476        2.34476
    6         1             77            0.5        14.7974       0.147974
    6         1            131            0.5        26.5863       0.265863
    6         1            191            0.5        37.3831       0.373831
    6         1            257            0.5         48.311        0.48311
    6         1            329            0.5        59.7448       0.597448
    6         1            401            0.5        70.8536       0.708536
    6         1            473            0.5        81.6938       0.816938
    6         1            545            0.5         92.254        0.92254
    6         1            623            0.5        103.465        1.03465
    6         1            701            0.5        114.457        1.14457
    6         1            779            0.5        125.255        1.25255
    6         1            863            0.5         136.69         1.3669
    6         1            947            0.5        147.948        1.47948
    6         1           1025            0.5        158.261        1.58261
    6         1           1109            0.5        169.232        1.69232
    6         1           1199            0.5        180.851        1.80851
    6         1           1283            0.5        191.583        1.91583
    6         1           1373            0.5        202.975        2.02975
    6         1           1457            0.5        213.522        2.13522
    6         1           1547            0.5         224.74         2.2474
    6         1           1637            0.5        235.885        2.35885
    6         1           1727            0.5        246.966        2.46966
    6         2             86            0.5        14.9079       0.149079
    6         2            126            0.5        23.5949       0.235949
    6         2            171            0.5        32.7852       0.327852
    6         2            216            0.5        41.2221       0.412221
    6         2            271            0.5        50.7312       0.507312
    6         2            326            0.5        59.5951       0.595951
    6         2            386            0.5        68.6947       0.686947
    6         2            446            0.5        77.3683       0.773683
    6         2            511            0.5        86.3248       0.863248
    6         2            581            0.5        95.6401       0.956401
    6         2            651            0.5        104.684        1.04684
    6         2            721            0.5        113.523        1.13523
    6         2            796            0.5        122.816        1.22816
    6         2            871            0.5         131.97         1.3197
    6         2            941            0.5        140.415        1.40415
    6         2           1021            0.5        149.978        1.49978
    6         2           1096            0.5        158.879        1.58879
    6         2           1171            0.5        167.735        1.67735
    6         2           1246            0.5        176.559        1.76559
    6         2           1326            0.5        185.948        1.85948
    6         2           1401            0.5        194.738        1.94738
    6         3             87            0.5        13.5894       0.135894
    6         3            127            0.5        24.0206       0.240206
    6         3            177            0.5        34.5053       0.345053
    6         3            232            0.5        44.4808       0.444808
    6         3            292            0.5        54.4999       0.544999
    6         3            357            0.5        64.8384       0.648384
    6         3            422            0.5        74.8671       0.748671
    6         3            487            0.5        84.6336       0.846336
    6         3            557            0.5        94.9425       0.949425
    6         3            622            0.5        104.357        1.04357
    6         3            692            0.5        114.349        1.14349
    6         3            767            0.5        124.901        1.24901
    6         3            837            0.5        134.621        1.34621
    6         3            912            0.5        144.909        1.44909
    6         3            982            0.5        154.404        1.54404
    6         3           1057            0.5        164.472        1.64472
    6         3           1132            0.5        174.441        1.74441
    6         3           1212            0.5        184.976        1.84976
    6         3           1287            0.5        194.768        1.94768
    6         3           1362            0.5        204.486        2.04486
    6         3           1442            0.5         214.78         2.1478
    7         0             97            0.5        11.2883       0.112883
    7         0            137            0.5        20.4592       0.204592
    7         0            182            0.5        29.2238       0.292238
    7         0            232            0.5        38.2777       0.382777
    7         0            287            0.5        47.7411       0.477411
    7         0            342            0.5        56.8266       0.568266
    7         0            397            0.5        65.6237       0.656237
    7         0            457            0.5        74.9284       0.749284
    7         0            517            0.5        83.9299       0.839299
    7         0            577            0.5        92.6942       0.926942
    7         0            642            0.5        101.973        1.01973
    7         0            702            0.5        110.364        1.10364
    7         0            772            0.5        119.973        1.19973
    7         0            837            0.5        128.742        1.28742
    7         0            902            0.5        137.382        1.37382
    7         0            972            0.5        146.559        1.46559
    7         0           1042            0.5        155.619        1.55619
    7         0           1112            0.5        164.577        1.64577
    7         0           1182            0.5        173.442        1.73442
    7         0           1257            0.5         182.85         1.8285
    7         0           1327            0.5        191.556        1.91556
    7         0           1402            0.5        200.812        2.00812
    7         1             90            0.5        11.8612       0.118612
    7         1            130            0.5        21.4023       0.214023
    7         1            175            0.5        30.4344       0.304344
    7         1            225            0.5        39.2742       0.392742
    7         1            285            0.5        48.9359       0.489359
    7         1            345            0.5        57.9885       0.579885
    7         1            405            0.5        66.6785       0.666785
    7         1            470            0.5        75.7854       0.757854
    7         1            535            0.5        84.6064       0.846064
    7         1            605            0.5        93.8919       0.938919
    7         1            675            0.5        102.999        1.02999
    7         1            745            0.5        111.959        1.11959
    7         1            815            0.5         120.79         1.2079
    7         1            885            0.5        129.509        1.29509
    7         1            960            0.5        138.741        1.38741
    7         1           1035            0.5        147.872        1.47872
    7         1           1110            0.5        156.913        1.56913
    7         1           1185            0.5        165.874        1.65874
    7         1           1260            0.5        174.762        1.74762
    7         1           1335            0.5        183.584        1.83584
    7         1           1415            0.5        192.931        1.92931
    7         2            110            0.5         12.328        0.12328
    7         2            146            0.5        20.9061       0.209061
    7         2            182            0.5        28.2777       0.282777
    7         2            226            0.5        36.4052       0.364052
    7         2            274            0.5        44.6166       0.446166
    7         2            322            0.5        52.3752       0.523752
    7         2            374            0.5        60.4199       0.604199
    7         2            430            0.5        68.7698       0.687698
    7         2            486            0.5        76.8347       0.768347
    7         2            542            0.5        84.6145       0.846145
    7         2            602            0.5        92.7278       0.927278
    7         2            662            0.5        100.643        1.00643
    7         2            726            0.5        108.898        1.08898
    7         2            790            0.5        116.985        1.16985
    7         2            854            0.5        124.924        1.24924
    7         2            918            0.5        132.736        1.32736
    7         2            986            0.5        140.911        1.40911
    7         2           1054            0.5        148.972        1.48972
    7         2           1122            0.5        156.934        1.56934
    7         2           1190            0.5        164.807        1.64807
    7         3             82            0.5        11.8547       0.118547
    7         3            122            0.5        20.2919       0.202919
    7         3            174            0.5        29.7188       0.297188
    7         3            226            0.5        38.6143       0.386143
    7         3            282            0.5        47.8726       0.478726
    7         3            338            0.5        56.9016       0.569016
    7         3            394            0.5        65.7443       0.657443
    7         3            450            0.5        74.4173       0.744173
    7         3            510            0.5        83.5012       0.835012
    7         3            574            0.5        92.9973       0.929973
    7         3            634            0.5        101.755        1.01755
    7         3            698            0.5        110.959        1.10959
    7         3            758            0.5        119.471        1.19471
    7         3            826            0.5        128.994        1.28994
    7         3            890            0.5        137.848        1.37848
    7         3            954            0.5        146.606        1.46606
    7         3           1022            0.5        155.815        1.55815
    7         3           1090            0.5        164.932        1.64932
    7         3           1158            0.5        173.967        1.73967
    7         3           1226            0.5        182.924        1.82924
    7         3           1294            0.5        191.811        1.91811
    7         3           1362            0.5        200.633        2.00633
    8         0            103            0.5        12.7106       0.127106
    8         0            139            0.5        20.9387       0.209387
    8         0            179            0.5        28.8392       0.288392
    8         0            223            0.5        36.6809       0.366809
    8         0            271            0.5        44.6143       0.446143
    8         0            323            0.5         52.714        0.52714
    8         0            375            0.5        60.4425       0.604425
    8         0            431            0.5        68.4464       0.684464
    8         0            491            0.5        76.7297       0.767297
    8         0            551            0.5        84.7075       0.847075
    8         0            615            0.5        92.9814       0.929814
    8         0            675            0.5         100.55         1.0055
    8         0            743            0.5        108.943        1.08943
    8         0            807            0.5        116.686        1.16686
    8         0            875            0.5        124.773        1.24773
    8         0            943            0.5        132.733        1.32733
    8         0           1011            0.5        140.583        1.40583
    8         0           1083            0.5        148.791        1.48791
    8         0           1155            0.5        156.906        1.56906
    8         0           1227            0.5        164.939        1.64939
    8         0           1299            0.5        172.901        1.72901
    8         1            131            0.5        13.6422       0.136422
    8         1            171            0.5        21.2922       0.212922
    8         1            219            0.5         29.845        0.29845
    8         1            267            0.5         37.836        0.37836
    8         1            319            0.5        45.9657       0.459657
    8         1            371            0.5         53.641        0.53641
    8         1            427            0.5        61.4784       0.614784
    8         1            491            0.5        69.9994       0.699994
    8         1            551            0.5        77.6437       0.776437
    8         1            619            0.5        85.9233       0.859233
    8         1            687            0.5        93.9313       0.939313
    8         1            755            0.5        101.715        1.01715
    8         1            827            0.5        109.766        1.09766
    8         1            899            0.5        117.661        1.17661
    8         1            975            0.5        125.861        1.25861
    8         1           1051            0.5        133.952        1.33952
    8         1           1127            0.5        141.958        1.41958
    8         1           1203            0.5        149.895        1.49895
    8         1           1279            0.5        157.778        1.57778
    8         1           1355            0.5        165.619        1.65619
    8         1           1435            0.5        173.837        1.73837
    8         2            105            0.5        11.9125       0.119125
    8         2            145            0.5        21.7945       0.217945
    8         2            190            0.5        30.7116       0.307116
    8         2            240            0.5          39.48         0.3948
    8         2            295            0.5        48.4779       0.484779
    8         2            355            0.5        57.8587       0.578587
    8         2            415            0.5        66.9309       0.669309
    8         2            475            0.5        75.7544       0.757544
    8         2            535            0.5         84.307        0.84307
    8         2            600            0.5        93.3395       0.933395
    8         2            670            0.5        102.831        1.02831
    8         2            735            0.5        111.451        1.11451
    8         2            805            0.5        120.547        1.20547
    8         2            875            0.5        129.469        1.29469
    8         2            950            0.5        138.855        1.38855
    8         2           1020            0.5        147.471        1.47471
    8         2           1095            0.5        156.563        1.56563
    8         2           1170            0.5        165.527        1.65527
    8         2           1250            0.5         174.96         1.7496
    8         2           1325            0.5        183.697        1.83697
    8         2           1405            0.5        192.914        1.92914
    8         3            114            0.5        13.5085       0.135085
    8         3            147            0.5        20.8197       0.208197
    8         3            183            0.5        27.9288       0.279288
    8         3            219            0.5        34.6646       0.346646
    8         3            258            0.5        41.7031       0.417031
    8         3            297            0.5         48.549        0.48549
    8         3            339            0.5        55.7489       0.557489
    8         3            381            0.5        62.7878       0.627878
    8         3            423            0.5         69.691        0.69691
    8         3            468            0.5        76.9572       0.769572
    8         3            510            0.5        83.5811       0.835811
    8         3            555            0.5        90.5595       0.905595
    8         3            603            0.5        97.8887       0.978887
    8         3            648            0.5        104.656        1.04656
    8         3            696            0.5        111.778        1.11778
    8         3            744            0.5        118.807        1.18807
    8         3            792            0.5        125.751        1.25751
    8         3            840            0.5        132.617        1.32617
    8         3            891            0.5        139.834        1.39834
    8         3            942            0.5        146.976        1.46976
    8         3            990            0.5        153.635        1.53635
    9         0            113            0.5        10.6341       0.106341
    9         0            149            0.5        18.6081       0.186081
    9         0            193            0.5        26.7919       0.267919
    9         0            237            0.5         34.392        0.34392
    9         0            289            0.5        42.9696       0.429696
    9         0            337            0.5        50.6173       0.506173
    9         0            389            0.5        58.6845       0.586845
    9         0            441            0.5        66.5615       0.665615
    9         0            497            0.5        74.8358       0.748358
    9         0            553            0.5        82.9116       0.829116
    9         0            609            0.5        90.8097       0.908097
    9         0            665            0.5        98.5699       0.985699
    9         0            725            0.5         106.74         1.0674
    9         0            785            0.5        114.778        1.14778
    9         0            845            0.5        122.695        1.22695
    9         0            905            0.5        130.504        1.30504
    9         0            969            0.5        138.723        1.38723
    9         0           1033            0.5        146.838        1.46838
    9         0           1097            0.5        154.858        1.54858
    9         0           1161            0.5         162.79         1.6279
    9         0           1225            0.5        170.642        1.70642
    9         1            100            0.5        12.6744       0.126744
    9         1            144            0.5        21.8336       0.218336
    9         1            192            0.5         30.395        0.30395
    9         1            248            0.5        39.7612       0.397612
    9         1            304            0.5        48.7662       0.487662
    9         1            360            0.5        57.5277       0.575277
    9         1            420            0.5        66.6993       0.666993
    9         1            480            0.5        75.6937       0.756937
    9         1            540            0.5        84.4727       0.844727
    9         1            604            0.5        93.6654       0.936654
    9         1            668            0.5        102.704        1.02704
    9         1            732            0.5        111.608        1.11608
    9         1            800            0.5        120.933        1.20933
    9         1            864            0.5        129.594        1.29594
    9         1            932            0.5        138.685        1.38685
    9         1           1000            0.5         147.67         1.4767
    9         1           1068            0.5        156.557        1.56557
    9         1           1140            0.5        165.869        1.65869
    9         1           1208            0.5        174.577        1.74577
    9         1           1280            0.5        183.714        1.83714
    9         2            123            0.5        13.6788       0.136788
    9         2            171            0.5        22.8791       0.228791
    9         2            223            0.5        31.4209       0.314209
    9         2            283            0.5        40.6849       0.406849
    9         2            343            0.5         49.614        0.49614
    9         2            407            0.5        58.8996       0.588996
    9         2            471            0.5        67.9823       0.679823
    9         2            535            0.5        76.9077       0.769077
    9         2            599            0.5        85.6289       0.856289
    9         2            667            0.5        94.7541       0.947541
    9         2            735            0.5        103.743        1.03743
    9         2            803            0.5        112.615        1.12615
    9         2            875            0.5        121.892        1.21892
    9         2            943            0.5        130.554        1.30554
    9         2           1015            0.5         139.63         1.3963
    9         2           1087            0.5        148.615        1.48615
    9         2           1159            0.5        157.516        1.57516
    9         2           1235            0.5         166.83         1.6683
    9         2           1307            0.5         175.58         1.7558
    9         2           1383            0.5        184.746        1.84746
    9         3            112            0.5         10.739        0.10739
    9         3            142            0.5        17.8423       0.178423
    9         3            178            0.5        24.9031       0.249031
    9         3            217            0.5        31.8997       0.318997
    9         3            256            0.5        38.5373       0.385373
    9         3            301            0.5        45.9068       0.459068
    9         3            343            0.5        52.5779       0.525779
    9         3            388            0.5        59.5467       0.595467
    9         3            436            0.5        66.8161       0.668161
    9         3            484            0.5         73.939        0.73939
    9         3            532            0.5        80.9089       0.809089
    9         3            580            0.5        87.7258       0.877258
    9         3            631            0.5        94.8616       0.948616
    9         3            682            0.5        101.883        1.01883
    9         3            733            0.5        108.806        1.08806
    9         3            784            0.5         115.64         1.1564
    9         3            838            0.5        122.786        1.22786
    9         3            892            0.5        129.848        1.29848
    9         3            946            0.5        136.833        1.36833
    9         3           1000            0.5        143.748        1.43748
    9         3           1057            0.5        150.976        1.50976
    9         3           1111            0.5        157.762        1.57762
   10         0             99            0.5         9.0444       0.090444
   10         0            131            0.5        16.3317       0.163317
   10         0            171            0.5        23.7061       0.237061
   10         0            215            0.5        30.8122       0.308122
   10         0            259            0.5        37.4159       0.374159
   10         0            311            0.5        44.8703       0.448703
   10         0            359            0.5        51.5269       0.515269
   10         0            411            0.5         58.558        0.58558
   10         0            467            0.5        65.9577       0.659577
   10         0            519            0.5        72.6696       0.726696
   10         0            575            0.5        79.7351       0.797351
   10         0            631            0.5        86.6089       0.866089
   10         0            691            0.5        93.8339       0.938339
   10         0            751            0.5        100.911        1.00911
   10         0            811            0.5        107.857        1.07857
   10         0            871            0.5        114.682        1.14682
   10         0            935            0.5        121.841        1.21841
   10         0            999            0.5        128.885        1.28885
   10         0           1063            0.5        135.824        1.35824
   10         0           1127            0.5        142.668        1.42668
   10         0           1195            0.5        149.843        1.49843
   10         1            110            0.5         10.305        0.10305
   10         1            146            0.5        17.6582       0.176582
   10         1            186            0.5        24.5088       0.245088
   10         1            230            0.5        31.5025       0.315025
   10         1            278            0.5         38.795        0.38795
   10         1            326            0.5        45.8658       0.458658
   10         1            374            0.5        52.7758       0.527758
   10         1            422            0.5        59.5439       0.595439
   10         1            474            0.5         66.764        0.66764
   10         1            526            0.5        73.8559       0.738559
   10         1            578            0.5        80.8193       0.808193
   10         1            630            0.5        87.6467       0.876467
   10         1            686            0.5        94.9075       0.949075
   10         1            738            0.5        101.557        1.01557
   10         1            794            0.5        108.631        1.08631
   10         1            850            0.5        115.621        1.15621
   10         1            906            0.5        122.534        1.22534
   10         1            966            0.5         129.86         1.2986
   10         1           1022            0.5        136.628        1.36628
   10         1           1082            0.5        143.811        1.43811
   10         1           1142            0.5        150.926        1.50926
   10         1           1202            0.5        157.978        1.57978
   10         2            125            0.5        11.9058       0.119058
   10         2            165            0.5        18.8797       0.188797
   10         2            205            0.5        25.4325       0.254325
   10         2            253            0.5         32.927        0.32927
   10         2            297            0.5        39.4996       0.394996
   10         2            349            0.5        46.9486       0.469486
   10         2            397            0.5        53.5626       0.535626
   10         2            453            0.5        60.9919       0.609919
   10         2            505            0.5        67.6714       0.676714
   10         2            561            0.5        74.6387       0.746387
   10         2            621            0.5        81.8562       0.818562
   10         2            681            0.5        88.8519       0.888519
   10         2            741            0.5        95.6881       0.956881
   10         2            805            0.5        102.815        1.02815
   10         2            869            0.5          109.8          1.098
   10         2            933            0.5        116.661        1.16661
   10         2           1001            0.5        123.834        1.23834
   10         2           1069            0.5        130.903        1.30903
   10         2           1137            0.5         137.88         1.3788
   10         2           1205            0.5        144.779        1.44779
   10         2           1273            0.5        151.608        1.51608
   10         2           1345            0.5        158.773        1.58773
   10         3            109            0.5        12.4992       0.124992
   10         3            145            0.5        19.4487       0.194487
   10         3            185            0.5        26.8248       0.268248
   10         3            225            0.5        33.9044       0.339044
   10         3            265            0.5        40.7372       0.407372
   10         3            305            0.5        47.3519       0.473519
   10         3            349            0.5        54.4232       0.544232
   10         3            397            0.5        61.9062       0.619062
   10         3            441            0.5        68.5912       0.685912
   10         3            489            0.5        75.6975       0.756975
   10         3            537            0.5        82.5976       0.825976
   10         3            589            0.5        89.8834       0.898834
   10         3            637            0.5        96.4729       0.964729
   10         3            689            0.5        103.469        1.03469
   10         3            745            0.5        110.862        1.10862
   10         3            797            0.5        117.607        1.17607
   10         3            853            0.5        124.755        1.24755
   10         3            909            0.5        131.796        1.31796
   10         3            965            0.5         138.74         1.3874
   10         3           1021            0.5        145.596        1.45596
   10         3           1081            0.5        152.853        1.52853
   10         3           1137            0.5        159.551        1.59551
   11         0            135            0.5        14.9386       0.149386
   11         0            165            0.5         21.599        0.21599
   11         0            201            0.5        28.7445       0.287445
   11         0            240            0.5        35.8874       0.358874
   11         0            279            0.5        42.6216       0.426216
   11         0            321            0.5        49.5377       0.495377
   11         0            366            0.5        56.6396       0.566396
   11         0            414            0.5         63.942        0.63942
   11         0            462            0.5         70.992        0.70992
   11         0            510            0.5        77.8444       0.778444
   11         0            561            0.5        84.8835       0.848835
   11         0            612            0.5        91.7562       0.917562
   11         0            666            0.5        98.8743       0.988743
   11         0            720            0.5         105.85         1.0585
   11         0            774            0.5        112.706        1.12706
   11         0            831            0.5        119.829        1.19829
   11         0            888            0.5        126.852        1.26852
   11         0            945            0.5        133.788        1.33788
   11         0           1002            0.5        140.648        1.40648
   11         0           1062            0.5        147.799        1.47799
   11         0           1122            0.5        154.887        1.54887
   11         1            116            0.5        19.8244       0.198244
   11         1            155            0.5        26.5612       0.265612
   11         1            197            0.5        33.7259       0.337259
   11         1            239            0.5        40.7771       0.407771
   11         1            281            0.5        47.6936       0.476936
   11         1            326            0.5        54.9453       0.549453
   11         1            368            0.5        61.5545       0.615545
   11         1            416            0.5        68.9258       0.689258
   11         1            461            0.5        75.6677       0.756677
   11         1            509            0.5        82.6525       0.826525
   11         1            560            0.5        89.8857       0.898857
   11         1            611            0.5        96.9737       0.969737
   11         1            662            0.5        103.932        1.03932
   11         1            713            0.5        110.789        1.10789
   11         1            767            0.5        117.961        1.17961
   11         1            818            0.5        124.673        1.24673
   11         1            872            0.5        131.731        1.31731
   11         1            926            0.5        138.755        1.38755
   11         1            980            0.5        145.759        1.45759
   11         1           1034            0.5        152.753        1.52753
   11         1           1088            0.5        159.747        1.59747
   11         2            138            0.5        12.7658       0.127658
   11         2            171            0.5        18.5357       0.185357
   11         2            213            0.5        24.9512       0.249512
   11         2            255            0.5        30.9815       0.309815
   11         2            297            0.5         36.802        0.36802
   11         2            342            0.5         42.883        0.42883
   11         2            387            0.5        48.8425       0.488425
   11         2            432            0.5        54.7043       0.547043
   11         2            480            0.5        60.8515       0.608515
   11         2            528            0.5        66.9149       0.669149
   11         2            576            0.5        72.9007       0.729007
   11         2            624            0.5        78.8062       0.788062
   11         2            675            0.5         84.962        0.84962
   11         2            723            0.5        90.6928       0.906928
   11         2            774            0.5        96.7163       0.967163
   11         2            825            0.5        102.672        1.02672
   11         2            879            0.5        108.913        1.08913
   11         2            930            0.5        114.749        1.14749
   11         2            984            0.5        120.871        1.20871
   11         2           1038            0.5        126.937        1.26937
   11         2           1092            0.5        132.952        1.32952
   11         2           1146            0.5        138.917        1.38917
   11         3            109            0.5        13.8734       0.138734
   11         3            145            0.5        20.4882       0.204882
   11         3            189            0.5        27.8548       0.278548
   11         3            233            0.5        34.8965       0.348965
   11         3            277            0.5        41.7176       0.417176
   11         3            325            0.5        48.9628       0.489628
   11         3            369            0.5         55.441        0.55441
   11         3            421            0.5        62.9318       0.629318
   11         3            469            0.5        69.6914       0.696914
   11         3            521            0.5        76.8688       0.768688
   11         3            573            0.5         83.856        0.83856
   11         3            625            0.5        90.7054       0.907054
   11         3            681            0.5         97.948        0.97948
   11         3            733            0.5        104.554        1.04554
   11         3            789            0.5        111.554        1.11554
   11         3            849            0.5        118.932        1.18932
   11         3            905            0.5        125.714        1.25714
   11         3            965            0.5        132.878        1.32878
   11         3           1025            0.5        139.944        1.39944
   11         3           1085            0.5         146.92         1.4692
   11         3           1145            0.5        153.811        1.53811
