 *tel    numcsi   CsIInVoltage     errCsIInVoltage           CsIE       errCsIE
    0         0      0.0233877    0.000233877        14.2663       0.142663
    0         0      0.0950042    0.000950042        27.8964       0.278964
    0         0       0.169954     0.00169954        40.4665       0.404665
    0         0       0.253385     0.00253385        53.3065       0.533065
    0         0        0.34312      0.0034312        66.7817       0.667817
    0         0       0.426184     0.00426184        79.0023       0.790023
    0         0       0.517248     0.00517248        92.0818       0.920818
    0         0       0.607021     0.00607021        105.021        1.05021
    0         0       0.703614     0.00703614        118.813        1.18813
    0         0       0.794793     0.00794793        131.502        1.31502
    0         0        0.88507      0.0088507        144.086        1.44086
    0         0       0.983052     0.00983052        157.536        1.57536
    0         0        1.08317      0.0108317         170.89         1.7089
    0         0         1.1769       0.011769        183.218        1.83218
    0         0         1.2798       0.012798        196.425        1.96425
    0         0        1.38499      0.0138499        209.574        2.09574
    0         0        1.49232      0.0149232        222.673        2.22673
    0         0        1.60122      0.0160122        235.733        2.35733
    0         0        1.71174      0.0171174        248.762        2.48762
    0         0        1.82302      0.0182302        261.768        2.61768
    0         0        1.93489      0.0193489         274.76         2.7476
    0         1      0.0204121    0.000204121        14.1701       0.141701
    0         1       0.110657     0.00110657        29.0397       0.290397
    0         1       0.202817     0.00202817        44.4231       0.444231
    0         1       0.296123     0.00296123        59.2616       0.592616
    0         1        0.39714      0.0039714        74.6714       0.746714
    0         1       0.498365     0.00498365        89.6639       0.896639
    0         1       0.600516     0.00600516        104.321        1.04321
    0         1       0.709269     0.00709269        119.726        1.19726
    0         1       0.817625     0.00817625        134.877        1.34877
    0         1        0.92655      0.0092655        149.823        1.49823
    0         1        1.03682      0.0103682        164.599        1.64599
    0         1        1.14873      0.0114873        179.237        1.79237
    0         1        1.27155      0.0127155        194.727        1.94727
    0         1        1.38925      0.0138925        209.156        2.09156
    0         1        1.51775      0.0151775        224.467        2.24467
    0         1        1.64789      0.0164789        239.716        2.39716
    0         1        1.78083      0.0178083        254.918        2.54918
    0         1        1.90499      0.0190499         269.14         2.6914
    0         1        2.03946      0.0203946        284.291        2.84291
    0         1        2.17396      0.0217396        299.433        2.99433
    0         1        2.30811      0.0230811        314.578        3.14578
    0         2      0.0271294    0.000271294        15.0039       0.150039
    0         2       0.116301     0.00116301        29.4894       0.294894
    0         2       0.202785     0.00202785        43.2028       0.432028
    0         2       0.296725     0.00296725        57.6035       0.576035
    0         2       0.390995     0.00390995        71.5443       0.715443
    0         2       0.486571     0.00486571        85.1515       0.851515
    0         2       0.588301     0.00588301         99.497        0.99497
    0         2       0.689858     0.00689858        113.574        1.13574
    0         2       0.791456     0.00791456        127.423        1.27423
    0         2       0.893504     0.00893504        141.077        1.41077
    0         2         1.0046       0.010046        155.522        1.55522
    0         2        1.11631      0.0111631        169.803        1.69803
    0         2        1.23182      0.0123182        183.944        1.83944
    0         2        1.34868      0.0134868        197.965        1.97965
    0         2        1.46824      0.0146824        211.885        2.11885
    0         2        1.59041      0.0159041         225.72         2.2572
    0         2        1.71478      0.0171478        239.482        2.39482
    0         2        1.84035      0.0184035        253.184        2.53184
    0         2        1.97485      0.0197485        267.746        2.67746
    0         2        2.10099      0.0210099        281.358        2.81358
    0         2        2.23698      0.0223698        295.844        2.95844
    0         2        2.36467      0.0236467        309.403        3.09403
    0         3      0.0246106    0.000246106        16.2179       0.162179
    0         3       0.109839     0.00109839        29.9043       0.299043
    0         3       0.199993     0.00199993        43.8726       0.438726
    0         3       0.296991     0.00296991        58.5442       0.585442
    0         3       0.395612     0.00395612        72.7591       0.727591
    0         3       0.493127     0.00493127        86.6585       0.866585
    0         3       0.590502     0.00590502          100.3          1.003
    0         3       0.695659     0.00695659        114.751        1.14751
    0         3       0.800611     0.00800611        128.997        1.28997
    0         3       0.898366     0.00898366        142.069        1.42069
    0         3        1.01285      0.0101285        156.996        1.56996
    0         3        1.12063      0.0112063          170.8          1.708
    0         3        1.23083      0.0123083        184.501        1.84501
    0         3        1.34485      0.0134485        198.116        1.98116
    0         3        1.46799      0.0146799        212.625        2.12625
    0         3        1.58566      0.0158566        226.106        2.26106
    0         3        1.71386      0.0171386        240.499        2.40499
    0         3         1.8425       0.018425         254.85         2.5485
    0         3        1.96345      0.0196345        268.217        2.68217
    0         3        2.09472      0.0209472         282.52         2.8252
    0         3        2.22552      0.0222552         296.81         2.9681
    1         0      0.0274619    0.000274619        12.8682       0.128682
    1         0        0.11149      0.0011149        28.7906       0.287906
    1         0       0.225364     0.00225364        46.8491       0.468491
    1         0       0.340041     0.00340041        63.5711       0.635711
    1         0       0.462652     0.00462652         80.914        0.80914
    1         0       0.585926     0.00585926        97.9258       0.979258
    1         0        0.70941      0.0070941        114.675        1.14675
    1         0       0.832086     0.00832086        131.197        1.31197
    1         0       0.964944     0.00964944        148.599        1.48599
    1         0        1.09893      0.0109893        165.805        1.65805
    1         0        1.23689      0.0123689        182.844        1.82844
    1         0        1.37897      0.0137897        199.744        1.99744
    1         0        1.52466      0.0152466        216.529        2.16529
    1         0        1.67214      0.0167214        233.222        2.33222
    1         0        1.83253      0.0183253         250.88         2.5088
    1         0        1.98384      0.0198384        267.444        2.67444
    1         0        2.13619      0.0213619        283.971        2.83971
    1         0        2.29808      0.0229808        301.508        3.01508
    1         0          2.452        0.02452        318.006        3.18006
    1         0        2.61573      0.0261573        335.539        3.35539
    1         0        2.76945      0.0276945        352.056        3.52056
    1         1      0.0283392    0.000283392        14.8179       0.148179
    1         1       0.141278     0.00141278        32.6364       0.326364
    1         1       0.253558     0.00253558        49.8898       0.498898
    1         1       0.365364     0.00365364        66.6379       0.666379
    1         1       0.476831     0.00476831        82.9334       0.829334
    1         1       0.598071     0.00598071        100.196        1.00196
    1         1       0.718968     0.00718968        117.123        1.17123
    1         1       0.840262     0.00840262         133.77         1.3377
    1         1       0.972027     0.00972027        151.434        1.51434
    1         1        1.10523      0.0110523         168.87         1.6887
    1         1        1.23244      0.0123244        184.889        1.84889
    1         1        1.37323      0.0137323        201.985        2.01985
    1         1        1.51788      0.0151788        218.947        2.18947
    1         1        1.66405      0.0166405          235.8          2.358
    1         1        1.82444      0.0182444        253.758        2.53758
    1         1        1.97496      0.0197496        270.447        2.70447
    1         1         2.1258       0.021258        287.082        2.87082
    1         1        2.28854      0.0228854        304.862        3.04862
    1         1        2.44119      0.0244119        321.432        3.21432
    1         1        2.59449      0.0259449        337.989        3.37989
    1         1         2.7578       0.027578        355.724        3.55724
    1         2      0.0344103    0.000344103        16.8245       0.168245
    1         2       0.131967     0.00131967        31.8861       0.318861
    1         2       0.225637     0.00225637        46.4905       0.464905
    1         2       0.328008     0.00328008        61.7858       0.617858
    1         2       0.429774     0.00429774          76.64         0.7664
    1         2       0.531698     0.00531698        91.1733       0.911733
    1         2       0.641435     0.00641435        106.449        1.06449
    1         2       0.750643     0.00750643        121.471        1.21471
    1         2       0.860941     0.00860941        136.279        1.36279
    1         2       0.978562     0.00978562        151.876        1.51876
    1         2        1.09151      0.0109151        166.342        1.66342
    1         2        1.21319      0.0121319        181.632        1.81632
    1         2        1.33829      0.0133829        196.801        1.96801
    1         2        1.46715      0.0146715        211.869        2.11869
    1         2        1.59837      0.0159837        226.856        2.26856
    1         2         1.7312       0.017312        241.775        2.41775
    1         2         1.8647       0.018647        256.642        2.56642
    1         2        2.00059      0.0200059        271.469        2.71469
    1         2        2.13591      0.0213591        286.266        2.86266
    1         2        2.28088      0.0228088        301.967        3.01967
    1         3      0.0269819    0.000269819         14.423        0.14423
    1         3       0.109216     0.00109216        28.9962       0.289962
    1         3       0.203191     0.00203191        44.5208       0.445208
    1         3       0.297204     0.00297204        59.3244       0.593244
    1         3       0.399741     0.00399741         74.645        0.74645
    1         3       0.501525     0.00501525         89.542        0.89542
    1         3       0.603462     0.00603462        104.112        1.04112
    1         3       0.712375     0.00712375        119.437        1.19437
    1         3       0.821264     0.00821264        134.525        1.34525
    1         3       0.931287     0.00931287        149.423        1.49423
    1         3        1.04191      0.0104191        164.167        1.64167
    1         3        1.16276      0.0116276        179.757        1.79757
    1         3        1.27796      0.0127796        194.269        1.94269
    1         3        1.40457      0.0140457        209.663        2.09663
    1         3        1.53418      0.0153418        224.987        2.24987
    1         3        1.65761      0.0165761        239.307        2.39307
    1         3        1.79035      0.0179035        254.547        2.54547
    1         3        1.92386      0.0192386        269.764        2.69764
    1         3        2.05944      0.0205944        284.969        2.84969
    1         3        2.18582      0.0218582        299.224        2.99224
    1         3         2.3221       0.023221        314.439        3.14439
    2         0      0.0297253    0.000297253        12.5023       0.125023
    2         0       0.100814     0.00100814        26.1554       0.261554
    2         0       0.192659     0.00192659        40.9131       0.409131
    2         0       0.282857     0.00282857        54.9641       0.549641
    2         0       0.373964     0.00373964          68.68         0.6868
    2         0       0.465585     0.00465585        82.1436       0.821436
    2         0       0.563353     0.00563353        96.3873       0.963873
    2         0        0.66109      0.0066109        110.382        1.10382
    2         0       0.759842     0.00759842        124.146        1.24146
    2         0       0.865743     0.00865743        138.666        1.38666
    2         0       0.971529     0.00971529        152.976        1.52976
    2         0        1.07153      0.0107153        166.168        1.66168
    2         0         1.1807       0.011807         180.15         1.8015
    2         0        1.29995      0.0129995        194.916        1.94916
    2         0        1.41491      0.0141491        208.641        2.08641
    2         0        1.53152      0.0153152         222.27         2.2227
    2         0         1.6584       0.016584        236.721        2.36721
    2         0        1.77864      0.0177864        250.201        2.50201
    2         0        1.90787      0.0190787        264.523        2.64523
    2         0        2.03715      0.0203715        278.799        2.78799
    2         0        2.15909      0.0215909        292.153        2.92153
    2         1      0.0228025    0.000228025        11.0611       0.110611
    2         1      0.0928887    0.000928887        25.5653       0.255653
    2         1       0.171995     0.00171995        39.9656       0.399656
    2         1       0.251264     0.00251264        53.2637       0.532637
    2         1       0.342877     0.00342877        67.9186       0.679186
    2         1       0.428446     0.00428446        81.2033       0.812033
    2         1       0.520601     0.00520601        95.1628       0.951628
    2         1       0.619248     0.00619248        109.819        1.09819
    2         1       0.710691     0.00710691        123.386        1.23386
    2         1       0.808365     0.00808365        137.708        1.37708
    2         1       0.907663     0.00907663        151.904        1.51904
    2         1        1.00078      0.0100078        165.122        1.65122
    2         1        1.10098      0.0110098        179.141        1.79141
    2         1        1.21072      0.0121072        193.967        1.93967
    2         1        1.31552      0.0131552        207.872        2.07872
    2         1        1.42246      0.0142246        221.743        2.21743
    2         1        1.53121      0.0153121        235.593        2.35593
    2         1        1.64202      0.0164202        249.432        2.49432
    2         1        1.75413      0.0175413        263.271        2.63271
    2         1        1.87379      0.0187379        277.983        2.77983
    2         1        1.98663      0.0198663        291.846        2.91846
    2         2      0.0308442    0.000308442        14.4575       0.144575
    2         2      0.0976373    0.000976373        25.4867       0.254867
    2         2       0.163866     0.00163866         36.071        0.36071
    2         2       0.234737     0.00234737        47.2212       0.472212
    2         2       0.312953     0.00312953         58.912        0.58912
    2         2       0.384009     0.00384009        69.3395       0.693395
    2         2       0.462034     0.00462034        80.3581       0.803581
    2         2       0.545884     0.00545884        91.9545       0.919545
    2         2       0.623501     0.00623501        102.515        1.02515
    2         2       0.707266     0.00707266        113.703        1.13703
    2         2       0.790994     0.00790994         124.73         1.2473
    2         2       0.874731     0.00874731        135.621        1.35621
    2         2         0.9601       0.009601        146.398        1.46398
    2         2        1.05099      0.0105099         157.84         1.5784
    2         2        1.13687      0.0113687        168.435        1.68435
    2         2        1.23164      0.0123164        179.714        1.79714
    2         2         1.3286       0.013286        190.929        1.90929
    2         2         1.4197       0.014197         201.35         2.0135
    2         2        1.51913      0.0151913        212.475        2.12475
    2         2        1.61997      0.0161997        223.567        2.23567
    2         2        1.72181      0.0172181        234.635        2.34635
    2         3      0.0247611    0.000247611        10.9074       0.109074
    2         3      0.0940251    0.000940251        24.9568       0.249568
    2         3       0.165606     0.00165606        37.4007       0.374007
    2         3       0.250972     0.00250972        50.8324       0.508324
    2         3       0.335387     0.00335387        63.7748       0.637748
    2         3        0.42047      0.0042047        76.4007       0.764007
    2         3       0.511552     0.00511552        89.6778       0.896778
    2         3       0.602886     0.00602886        102.731        1.02731
    2         3       0.693477     0.00693477        115.585        1.15585
    2         3       0.784437     0.00784437        128.261        1.28261
    2         3       0.882906     0.00882906        141.608        1.41608
    2         3       0.980768     0.00980768        154.798        1.54798
    2         3        1.07987      0.0107987         167.85         1.6785
    2         3        1.18069      0.0118069        180.784        1.80784
    2         3        1.28386      0.0128386        193.615        1.93615
    2         3        1.38918      0.0138918         206.36         2.0636
    2         3        1.50343      0.0150343        219.822        2.19822
    2         3        1.61296      0.0161296         232.43         2.3243
    2         3        1.73042      0.0173042        245.771        2.45771
    2         3        1.84192      0.0184192        258.287        2.58287
    2         3        1.96102      0.0196102        271.552        2.71552
    2         3         2.0802       0.020802        284.793        2.84793
    3         0      0.0262482    0.000262482        12.7526       0.127526
    3         0      0.0857723    0.000857723        24.6772       0.246772
    3         0        0.15012      0.0015012        35.5865       0.355865
    3         0       0.220215     0.00220215        46.5189       0.465189
    3         0          0.296        0.00296        57.8775       0.578775
    3         0       0.371945     0.00371945        68.8737       0.688737
    3         0       0.448373     0.00448373        79.6579       0.796579
    3         0       0.524312     0.00524312        90.2687       0.902687
    3         0       0.606631     0.00606631        101.529        1.01529
    3         0       0.688357     0.00688357        112.636        1.12636
    3         0       0.770377     0.00770377        123.609        1.23609
    3         0       0.853068     0.00853068         134.46         1.3446
    3         0       0.941099     0.00941099        145.967        1.45967
    3         0        1.02426      0.0102426         156.61         1.5661
    3         0        1.11529      0.0111529        167.921        1.67921
    3         0        1.20078      0.0120078        178.402        1.78402
    3         0        1.29391      0.0129391        189.562        1.89562
    3         0        1.39002      0.0139002        200.659        2.00659
    3         0         1.4869       0.014869        211.703        2.11703
    3         0        1.58504      0.0158504        222.701        2.22701
    3         0        1.68485      0.0168485        233.662        2.33662
    3         1      0.0336156    0.000336156        14.7695       0.147695
    3         1      0.0846502    0.000846502        23.5077       0.235077
    3         1       0.137346     0.00137346         32.665        0.32665
    3         1       0.190825     0.00190825        41.4396       0.414396
    3         1       0.249648     0.00249648        50.6548       0.506548
    3         1       0.307342     0.00307342        59.5376       0.595376
    3         1        0.37139      0.0037139        68.8078       0.688078
    3         1       0.434431     0.00434431        77.8185       0.778185
    3         1       0.498418     0.00498418        86.6141       0.866141
    3         1       0.566211     0.00566211        95.8899       0.958899
    3         1       0.630622     0.00630622        104.354        1.04354
    3         1        0.70329      0.0070329        113.975        1.13975
    3         1       0.771783     0.00771783        122.841        1.22841
    3         1       0.840497     0.00840497        131.616        1.31616
    3         1       0.914225     0.00914225        140.938        1.40938
    3         1       0.983855     0.00983855        149.577        1.49577
    3         1        1.05824      0.0105824        158.782        1.58782
    3         1        1.13355      0.0113355        167.944        1.67944
    3         1        1.20633      0.0120633        176.467        1.76467
    3         1        1.28394      0.0128394        185.575        1.85575
    3         1        1.36316      0.0136316        194.666        1.94666
    3         1        1.44403      0.0144403        203.747        2.03747
    3         2      0.0286013    0.000286013        16.1008       0.161008
    3         2      0.0719989    0.000719989         26.825        0.26825
    3         2       0.115902     0.00115902        36.8836       0.368836
    3         2       0.157989     0.00157989        46.4655       0.464655
    3         2       0.205046     0.00205046        56.4232       0.564232
    3         2       0.255523     0.00255523        66.7018       0.667018
    3         2        0.30506      0.0030506        76.6585       0.766585
    3         2       0.355964     0.00355964        86.3646       0.863646
    3         2       0.409971     0.00409971        96.5468       0.965468
    3         2       0.463733     0.00463733        106.552        1.06552
    3         2       0.517653     0.00517653        116.418        1.16418
    3         2       0.575091     0.00575091        126.821        1.26821
    3         2       0.629801     0.00629801        136.485        1.36485
    3         2        0.68668      0.0068668        146.719        1.46719
    3         2       0.744747     0.00744747        156.896        1.56896
    3         2       0.797969     0.00797969        166.397        1.66397
    3         2       0.856583     0.00856583        176.501        1.76501
    3         2       0.914191     0.00914191        186.585        1.86585
    3         2       0.972702     0.00972702        196.657        1.96657
    3         2        1.03063      0.0103063        206.726        2.06726
    3         2        1.09044      0.0109044        216.798        2.16798
    3         3       0.022973     0.00022973        11.3882       0.113882
    3         3      0.0769661    0.000769661        22.2028       0.222028
    3         3       0.142397     0.00142397        33.3991       0.333991
    3         3       0.212737     0.00212737        44.6643       0.446643
    3         3       0.282684     0.00282684        55.4054       0.554054
    3         3       0.359871     0.00359871          66.55         0.6655
    3         3       0.436264     0.00436264        77.3338       0.773338
    3         3       0.519067     0.00519067        88.6308       0.886308
    3         3       0.601846     0.00601846        99.6625       0.996625
    3         3       0.684042     0.00684042        110.477        1.10477
    3         3       0.772708     0.00772708        121.866        1.21866
    3         3        0.85604      0.0085604        132.342        1.32342
    3         3       0.944658     0.00944658         143.43         1.4343
    3         3        1.03448      0.0103448        154.404        1.54404
    3         3        1.12656      0.0112656        165.282        1.65282
    3         3        1.22562      0.0122562          176.8          1.768
    3         3        1.32005      0.0132005        187.535        1.87535
    3         3        1.42313      0.0142313        198.932        1.98932
    3         3        1.52126      0.0152126        209.578        2.09578
    3         3        1.62744      0.0162744        220.904        2.20904
    3         3        1.72806      0.0172806        231.503        2.31503
    4         0      0.0141645    0.000141645        8.75763      0.0875763
    4         0      0.0629518    0.000629518        20.1196       0.201196
    4         0       0.122753     0.00122753        31.8648       0.318648
    4         0       0.183099     0.00183099        42.3695       0.423695
    4         0       0.252793     0.00252793        53.8277       0.538277
    4         0         0.3222       0.003222        64.8047       0.648047
    4         0       0.391573     0.00391573        75.4453       0.754453
    4         0       0.466085     0.00466085          86.51         0.8651
    4         0       0.545133     0.00545133        97.9993       0.979993
    4         0       0.618646     0.00618646        108.599        1.08599
    4         0       0.697842     0.00697842        119.668        1.19668
    4         0       0.777061     0.00777061        130.563        1.30563
    4         0       0.859563     0.00859563        141.939        1.41939
    4         0       0.939192     0.00939192        152.551        1.52551
    4         0         1.0229       0.010229        163.669        1.63669
    4         0        1.10823      0.0110823        174.683        1.74683
    4         0        1.19534      0.0119534        185.607        1.85607
    4         0        1.28278      0.0128278        196.457        1.96457
    4         0        1.37822      0.0137822        207.841        2.07841
    4         0        1.46895      0.0146895        218.573        2.18573
    4         0        1.56681      0.0156681        229.855        2.29855
    4         1      0.0198815    0.000198815        10.3031       0.103031
    4         1      0.0698464    0.000698464        21.7475       0.217475
    4         1       0.123906     0.00123906         32.285        0.32285
    4         1       0.188655     0.00188655        43.4365       0.434365
    4         1       0.257605     0.00257605        54.6162       0.546162
    4         1        0.32797      0.0032797        65.2622       0.652622
    4         1       0.403536     0.00403536        76.3988       0.763988
    4         1       0.479167     0.00479167        87.3228       0.873228
    4         1       0.558986     0.00558986        98.8596       0.988596
    4         1       0.634517     0.00634517        109.505        1.09505
    4         1       0.715507     0.00715507        120.801        1.20801
    4         1       0.790093     0.00790093        131.258        1.31258
    4         1       0.871027     0.00871027        142.379        1.42379
    4         1       0.952252     0.00952252        153.427        1.53427
    4         1        1.03397      0.0103397        164.411        1.64411
    4         1        1.11571      0.0111571        175.339        1.75339
    4         1        1.20559      0.0120559        186.941        1.86941
    4         1        1.29031      0.0129031        197.776        1.97776
    4         1         1.3775       0.013775        208.576        2.08576
    4         1        1.46622      0.0146622        219.347        2.19347
    4         1         1.5604       0.015604        230.811        2.30811
    4         2       0.021394     0.00021394        9.99524      0.0999524
    4         2      0.0815972    0.000815972        21.7973       0.217973
    4         2       0.146239     0.00146239        32.9401       0.329401
    4         2       0.209582     0.00209582        43.0596       0.430596
    4         2       0.287674     0.00287674        54.4832       0.544832
    4         2       0.365019     0.00365019        65.3594       0.653594
    4         2       0.448775     0.00448775        76.7535       0.767535
    4         2       0.532101     0.00532101         87.866        0.87866
    4         2       0.616313     0.00616313        98.7646       0.987646
    4         2       0.699234     0.00699234        109.492        1.09492
    4         2       0.790135     0.00790135        120.885        1.20885
    4         2       0.873366     0.00873366        131.341        1.31341
    4         2       0.964236     0.00964236        142.487        1.42487
    4         2        1.05615      0.0105615        153.532        1.53532
    4         2        1.14813      0.0114813        164.491        1.64491
    4         2        1.24315      0.0124315        175.376        1.75376
    4         2        1.34683      0.0134683        186.969        1.86969
    4         2        1.44456      0.0144456        197.734        1.97734
    4         2        1.54476      0.0154476        208.455        2.08455
    4         2        1.65248      0.0165248        219.902        2.19902
    4         2        1.75532      0.0175532        230.555        2.30555
    4         3      0.0206936    0.000206936        9.85175      0.0985175
    4         3      0.0690813    0.000690813        20.1286       0.201286
    4         3       0.125328     0.00125328        30.7361       0.307361
    4         3       0.182188     0.00182188        40.3311       0.403311
    4         3       0.247606     0.00247606        50.9931       0.509931
    4         3       0.309368     0.00309368        60.4073       0.604073
    4         3       0.380474     0.00380474        70.9947       0.709947
    4         3       0.447128     0.00447128        80.5692       0.805692
    4         3       0.519224     0.00519224        90.6587       0.906587
    4         3           0.59         0.0059        100.557        1.00557
    4         3       0.667124     0.00667124        110.982        1.10982
    4         3       0.737815     0.00737815        120.568        1.20568
    4         3        0.81494      0.0081494        130.704        1.30704
    4         3       0.892026     0.00892026         140.72         1.4072
    4         3       0.968512     0.00968512         150.63         1.5063
    4         3        1.04643      0.0104643        160.447        1.60447
    4         3        1.12996      0.0112996        170.831        1.70831
    4         3        1.21044      0.0121044        180.493        1.80493
    4         3        1.29633      0.0129633        190.733        1.90733
    4         3        1.38506      0.0138506        200.913        2.00913
    4         3        1.46894      0.0146894        210.411        2.10411
    5         0      0.0250537    0.000250537        13.2598       0.132598
    5         0      0.0812893    0.000812893        23.9188       0.239188
    5         0       0.135778     0.00135778        33.2498       0.332498
    5         0       0.199561     0.00199561        43.5497       0.435497
    5         0       0.263549     0.00263549        53.4221       0.534221
    5         0       0.333192     0.00333192        63.6934       0.636934
    5         0       0.401585     0.00401585        73.6747       0.736747
    5         0       0.471241     0.00471241        83.4309       0.834309
    5         0       0.545492     0.00545492        93.6739       0.936739
    5         0       0.618892     0.00618892         103.73         1.0373
    5         0       0.693381     0.00693381        113.624        1.13624
    5         0        0.76724      0.0076724        123.376        1.23376
    5         0       0.846145     0.00846145        133.642        1.33642
    5         0       0.925889     0.00925889        143.785        1.43785
    5         0        1.00475      0.0100475        153.822        1.53822
    5         0        1.08581      0.0108581        163.766        1.63766
    5         0        1.16691      0.0116691        173.628        1.73628
    5         0        1.25036      0.0125036        183.421        1.83421
    5         0        1.33937      0.0133937         193.76         1.9376
    5         0        1.42589      0.0142589        203.437        2.03437
    5         0        1.51779      0.0151779        213.671        2.13671
    5         0        1.61103      0.0161103        223.863        2.23863
    5         1      0.0165039    0.000165039        10.1488       0.101488
    5         1      0.0795132    0.000795132          20.61         0.2061
    5         1       0.145948     0.00145948        30.9849       0.309849
    5         1       0.212837     0.00212837        40.5359       0.405359
    5         1       0.285989     0.00285989        50.3885       0.503885
    5         1       0.366798     0.00366798        60.5741       0.605741
    5         1       0.446427     0.00446427        70.2901       0.702901
    5         1       0.533992     0.00533992        80.4631       0.804631
    5         1       0.621231     0.00621231        90.3623       0.903623
    5         1       0.714624     0.00714624        100.795        1.00795
    5         1       0.802136     0.00802136        110.324        1.10324
    5         1       0.895319     0.00895319        120.456        1.20456
    5         1       0.990279     0.00990279        130.488        1.30488
    5         1        1.08488      0.0108488        140.446        1.40446
    5         1        1.18264      0.0118264        150.351        1.50351
    5         1        1.28836      0.0128836        160.922        1.60922
    5         1        1.38972      0.0138972        170.764        1.70764
    5         1        1.49252      0.0149252        180.594        1.80594
    5         1        1.59659      0.0159659        190.421        1.90421
    5         1        1.70979      0.0170979        200.956        2.00956
    5         1        1.81522      0.0181522          210.8          2.108
    5         1        1.92147      0.0192147        220.661        2.20661
    5         2      0.0209202    0.000209202        10.7803       0.107803
    5         2      0.0777167    0.000777167        20.7943       0.207943
    5         2       0.139619     0.00139619        29.9676       0.299676
    5         2       0.199506     0.00199506        38.3357       0.383357
    5         2       0.273006     0.00273006        47.8891       0.478891
    5         2       0.339248     0.00339248        56.3708       0.563708
    5         2       0.412818     0.00412818        65.3557       0.653557
    5         2       0.492505     0.00492505        74.8647       0.748647
    5         2       0.564614     0.00564614         83.462        0.83462
    5         2       0.644053     0.00644053        92.6043       0.926043
    5         2       0.722713     0.00722713        101.587        1.01587
    5         2       0.802096     0.00802096        110.427        1.10427
    5         2       0.886736     0.00886736        119.803        1.19803
    5         2       0.966648     0.00966648         128.39         1.2839
    5         2        1.05308      0.0105308        137.523        1.37523
    5         2        1.14057      0.0114057        146.549        1.46549
    5         2        1.22891      0.0122891        155.479        1.55479
    5         2        1.32683      0.0132683        164.954        1.64954
    5         2        1.41872      0.0141872         173.72         1.7372
    5         2        1.51235      0.0151235        182.418        1.82418
    5         2        1.61471      0.0161471        191.673        1.91673
    5         2          1.717        0.01717        200.868        2.00868
    5         3      0.0223306    0.000223306        10.0926       0.100926
    5         3      0.0897491    0.000897491        19.2373       0.192373
    5         3       0.171539     0.00171539        28.4301       0.284301
    5         3       0.261589     0.00261589        37.5049       0.375049
    5         3       0.359746     0.00359746          46.85         0.4685
    5         3       0.458415     0.00458415        55.8248       0.558248
    5         3       0.556122     0.00556122        64.4933       0.644933
    5         3       0.662616     0.00662616        73.6162       0.736162
    5         3       0.769362     0.00769362        82.5043       0.825043
    5         3       0.883267     0.00883267        91.8533       0.918533
    5         3       0.990406     0.00990406        100.356        1.00356
    5         3        1.11501      0.0111501        109.982        1.09982
    5         3        1.23479      0.0123479        118.812        1.18812
    5         3        1.35683      0.0135683        127.514        1.27514
    5         3         1.4902       0.014902        136.714        1.36714
    5         3        1.62713      0.0162713        145.802        1.45802
    5         3        1.76497      0.0176497        154.796        1.54796
    5         3         1.9037       0.019037        163.708        1.63708
    5         3        2.04321      0.0204321        172.548        1.72548
    5         3        2.19276      0.0219276        181.912        1.81912
    5         3        2.33343      0.0233343        190.638        1.90638
    6         0      0.0221445    0.000221445        12.9451       0.129451
    6         0      0.0672808    0.000672808        23.4602       0.234602
    6         0       0.122082     0.00122082        34.1282       0.341282
    6         0       0.184941     0.00184941        45.4083       0.454083
    6         0       0.253176     0.00253176        56.7249       0.567249
    6         0       0.321965     0.00321965        67.4661       0.674661
    6         0       0.394582     0.00394582        78.5561       0.785561
    6         0       0.468181     0.00468181        89.3177       0.893177
    6         0         0.5466       0.005466        100.511        1.00511
    6         0       0.623946     0.00623946        111.466        1.11466
    6         0       0.707439     0.00707439        122.891        1.22891
    6         0       0.785035     0.00785035        133.477        1.33477
    6         0       0.868215     0.00868215        144.577        1.44577
    6         0       0.951686     0.00951686        155.551        1.55551
    6         0         1.0354       0.010354         166.42         1.6642
    6         0         1.1257       0.011257        177.834        1.77834
    6         0        1.21152      0.0121152        188.542        1.88542
    6         0        1.30468      0.0130468        199.817        1.99817
    6         0        1.39462      0.0139462        210.419        2.10419
    6         0        1.49031      0.0149031        221.606        2.21606
    6         0        1.58845      0.0158845        232.764        2.32764
    6         1      0.0245442    0.000245442        11.8104       0.118104
    6         1      0.0792403    0.000792403        22.9646       0.229646
    6         1       0.145537     0.00145537        34.3437       0.343437
    6         1       0.216383     0.00216383        45.7846       0.457846
    6         1       0.288297     0.00288297        56.7579       0.567579
    6         1       0.358873     0.00358873        67.3834       0.673834
    6         1       0.436712     0.00436712        78.6274       0.786274
    6         1        0.51409      0.0051409        89.6414       0.896414
    6         1       0.591096     0.00591096        100.459        1.00459
    6         1       0.674922     0.00674922        111.921        1.11921
    6         1       0.751418     0.00751418        122.411        1.22411
    6         1         0.8351       0.008351        133.566        1.33566
    6         1       0.918418     0.00918418        144.594        1.44594
    6         1        1.00269      0.0100269        155.513        1.55513
    6         1        1.08783      0.0108783        166.339        1.66339
    6         1        1.17989      0.0117989        177.849        1.77849
    6         1        1.26721      0.0126721        188.522        1.88522
    6         1        1.36382      0.0136382        199.896        1.99896
    6         1        1.45417      0.0145417        210.463        2.10463
    6         1        1.55306      0.0155306        221.745        2.21745
    6         1        1.65341      0.0165341        232.992        2.32992
    6         2      0.0248703    0.000248703        12.9259       0.129259
    6         2      0.0634583    0.000634583        21.1235       0.211235
    6         2       0.111254     0.00111254        30.6382       0.306382
    6         2       0.158123     0.00158123        39.3267       0.393267
    6         2       0.214193     0.00214193        48.9518       0.489518
    6         2       0.269994     0.00269994         57.936        0.57936
    6         2       0.326668     0.00326668        66.4231       0.664231
    6         2       0.392788     0.00392788        75.9089       0.759089
    6         2       0.453012     0.00453012        84.4186       0.844186
    6         2       0.523944     0.00523944        93.9785       0.939785
    6         2       0.589906     0.00589906        102.717        1.02717
    6         2       0.660076     0.00660076        111.936        1.11936
    6         2        0.72552      0.0072552        120.443        1.20443
    6         2       0.796481     0.00796481        129.483        1.29483
    6         2        0.86626      0.0086626        138.472        1.38472
    6         2       0.937201     0.00937201        147.427        1.47427
    6         2        1.01335      0.0101335        156.963        1.56963
    6         2        1.08542      0.0108542        165.899        1.65899
    6         2        1.15738      0.0115738        174.842        1.74842
    6         2         1.2316       0.012316        183.802        1.83802
    6         2         1.3064       0.013064        192.786        1.92786
    6         3      0.0231478    0.000231478        12.8256       0.128256
    6         3      0.0575549    0.000575549        21.0829       0.210829
    6         3       0.106948     0.00106948        30.8888       0.308888
    6         3       0.155425     0.00155425        39.5155       0.395155
    6         3       0.208441     0.00208441         48.332        0.48332
    6         3       0.265505     0.00265505        57.5202       0.575202
    6         3       0.323859     0.00323859        66.3969       0.663969
    6         3       0.386897     0.00386897         75.813        0.75813
    6         3       0.444056     0.00444056         84.362        0.84362
    6         3       0.507097     0.00507097        93.4987       0.934987
    6         3       0.570041     0.00570041        102.524        1.02524
    6         3       0.632036     0.00632036        111.451        1.11451
    6         3       0.699721     0.00699721        120.967        1.20967
    6         3       0.762826     0.00762826        129.721        1.29721
    6         3       0.824736     0.00824736        138.403        1.38403
    6         3         0.8926       0.008926        147.682        1.47682
    6         3       0.960964     0.00960964        156.893        1.56893
    6         3        1.02393      0.0102393        165.392        1.65392
    6         3        1.09257      0.0109257        174.493        1.74493
    6         3        1.16275      0.0116275        183.546        1.83546
    6         3        1.23277      0.0123277        192.556        1.92556
    6         3        1.30488      0.0130488        201.528        2.01528
    7         0      0.0191649    0.000191649        12.2367       0.122367
    7         0      0.0648149    0.000648149        21.5919       0.215919
    7         0       0.113108     0.00113108        30.4857       0.304857
    7         0       0.167077     0.00167077          39.64         0.3964
    7         0       0.220218     0.00220218        48.3934       0.483934
    7         0       0.278448     0.00278448        57.6045       0.576045
    7         0       0.337427     0.00337427        66.4705       0.664705
    7         0       0.401147     0.00401147        75.8116       0.758116
    7         0       0.463901     0.00463901        84.9228       0.849228
    7         0       0.527862     0.00527862         93.844        0.93844
    7         0       0.591353     0.00591353        102.605        1.02605
    7         0       0.659005     0.00659005        111.888        1.11888
    7         0       0.722833     0.00722833        120.388        1.20388
    7         0       0.791488     0.00791488        129.428        1.29428
    7         0       0.859025     0.00859025        138.369        1.38369
    7         0       0.933099     0.00933099        147.852        1.47852
    7         0        1.00206      0.0100206        156.626        1.56626
    7         0        1.07619      0.0107619        165.955        1.65955
    7         0        1.14689      0.0114689        174.604        1.74604
    7         0        1.22303      0.0122303        183.818        1.83818
    7         0        1.30132      0.0130132        192.984        1.92984
    7         1       0.026616     0.00026616        11.5266       0.115266
    7         1      0.0666084    0.000666084        20.0457       0.200457
    7         1       0.120229     0.00120229        29.9856       0.299856
    7         1       0.173208     0.00173208        38.8112       0.388112
    7         1       0.230141     0.00230141        47.7305       0.477305
    7         1        0.29261      0.0029261        56.9151       0.569151
    7         1       0.355373     0.00355373        65.7106       0.657106
    7         1       0.422352     0.00422352        74.9257       0.749257
    7         1       0.489672     0.00489672        83.9424       0.839424
    7         1       0.557261     0.00557261         92.807        0.92807
    7         1       0.624018     0.00624018        101.548        1.01548
    7         1       0.696234     0.00696234          110.8          1.108
    7         1       0.768699     0.00768699        119.952        1.19952
    7         1       0.835476     0.00835476        128.417        1.28417
    7         1       0.907635     0.00907635        137.414        1.37414
    7         1       0.985526     0.00985526        146.939        1.46939
    7         1        1.05845      0.0105845        155.812        1.55812
    7         1        1.13221      0.0113221        164.636        1.64636
    7         1        1.20745      0.0120745        173.419        1.73419
    7         1        1.28841      0.0128841        182.747        1.82747
    7         1        1.36644      0.0136644         191.46         1.9146
    7         2      0.0238729    0.000238729        10.7888       0.107888
    7         2      0.0553673    0.000553673        17.8939       0.178939
    7         2      0.0892118    0.000892118        24.8659       0.248659
    7         2       0.127313     0.00127313        31.9056       0.319056
    7         2       0.165243     0.00165243          38.49         0.3849
    7         2       0.211137     0.00211137        45.9864       0.459864
    7         2       0.253031     0.00253031        52.5822       0.525822
    7         2       0.298082     0.00298082        59.5263       0.595263
    7         2       0.347879     0.00347879        66.7829       0.667829
    7         2       0.397634     0.00397634        73.8502       0.738502
    7         2       0.447402     0.00447402        80.7518       0.807518
    7         2       0.496918     0.00496918        87.5145       0.875145
    7         2       0.549839     0.00549839        94.6636       0.946636
    7         2        0.60339      0.0060339        101.693        1.01693
    7         2       0.657067     0.00657067        108.618        1.08618
    7         2       0.713888     0.00713888        115.937        1.15937
    7         2       0.767054     0.00767054        122.685        1.22685
    7         2       0.824478     0.00824478        129.838        1.29838
    7         2       0.882005     0.00882005        136.921        1.36921
    7         2       0.938739     0.00938739        143.941        1.43941
    7         2       0.996774     0.00996774        150.907        1.50907
    7         2        1.05506      0.0105506        157.825        1.57825
    7         3      0.0198024    0.000198024         12.927        0.12927
    7         3      0.0646479    0.000646479         21.388        0.21388
    7         3       0.122343     0.00122343        30.7256       0.307256
    7         3       0.178159     0.00178159        39.5962       0.395962
    7         3       0.238482     0.00238482        48.8264       0.488264
    7         3       0.299043     0.00299043         57.834        0.57834
    7         3       0.359631     0.00359631        66.6134       0.666134
    7         3       0.423602     0.00423602        75.8148       0.758148
    7         3       0.488696     0.00488696        84.8676       0.848676
    7         3       0.552325     0.00552325        93.7933       0.937933
    7         3       0.617178     0.00617178        102.608        1.02608
    7         3       0.686098     0.00686098        111.866        1.11866
    7         3       0.749906     0.00749906         120.49         1.2049
    7         3       0.818813     0.00818813        129.567        1.29567
    7         3       0.887815     0.00887815        138.565        1.38565
    7         3       0.956049     0.00956049        147.491        1.47491
    7         3        1.03019      0.0103019        156.873        1.56873
    7         3        1.09923      0.0109923        165.674        1.65674
    7         3        1.17481      0.0117481        174.937        1.74937
    7         3        1.24701      0.0124701        183.636        1.83636
    7         3        1.32434      0.0132434        192.802        1.92802
    8         0      0.0314237    0.000314237        10.4447       0.104447
    8         0      0.0643439    0.000643439         18.851        0.18851
    8         0       0.100556     0.00100556        26.8765       0.268765
    8         0        0.14006      0.0014006        34.8364       0.348364
    8         0       0.182825     0.00182825        42.8722       0.428722
    8         0       0.226625     0.00226625        50.4992       0.504992
    8         0       0.278255     0.00278255        58.9227       0.589227
    8         0       0.329765     0.00329765        66.9916       0.669916
    8         0       0.380843     0.00380843        74.8203       0.748203
    8         0       0.435441     0.00435441        82.9513       0.829513
    8         0       0.490536     0.00490536        90.8981       0.908981
    8         0       0.545554     0.00545554        98.6927       0.986927
    8         0       0.604026     0.00604026        106.835        1.06835
    8         0       0.662616     0.00662616        114.857        1.14857
    8         0       0.720612     0.00720612        122.778        1.22778
    8         0       0.778692     0.00778692        130.613        1.30613
    8         0       0.840692     0.00840692        138.829        1.38829
    8         0       0.903006     0.00903006        146.977        1.46977
    8         0       0.962153     0.00962153         154.62         1.5462
    8         0        1.02532      0.0102532        162.665        1.62665
    8         0          1.088        0.01088         170.67         1.7067
    8         1      0.0224893    0.000224893         11.282        0.11282
    8         1      0.0573648    0.000573648        18.3779       0.183779
    8         1      0.0957278    0.000957278        25.6986       0.256986
    8         1       0.134091     0.00134091        32.6053       0.326053
    8         1       0.175941     0.00175941        39.7461       0.397461
    8         1       0.217791     0.00217791        46.5428       0.465428
    8         1       0.263131     0.00263131         53.571        0.53571
    8         1       0.311954     0.00311954        60.8092       0.608092
    8         1        0.36079      0.0036079        67.7472       0.677472
    8         1       0.413266     0.00413266        74.9397       0.749397
    8         1       0.465092     0.00465092        81.9278       0.819278
    8         1       0.516932     0.00516932        88.7535       0.887535
    8         1       0.573004     0.00573004        95.8919       0.958919
    8         1       0.628788     0.00628788        102.914        1.02914
    8         1       0.684687     0.00684687        109.843        1.09843
    8         1       0.740507     0.00740507          116.7          1.167
    8         1       0.799758     0.00799758        123.922        1.23922
    8         1       0.854992     0.00854992        130.675        1.30675
    8         1       0.914873     0.00914873        137.811        1.37811
    8         1       0.974917     0.00974917        144.919        1.44919
    8         1        1.03172      0.0103172         151.59         1.5159
    8         1         1.0925       0.010925        158.664        1.58664
    8         1        1.15345      0.0115345        165.728        1.65728
    8         2      0.0282881    0.000282881        10.7829       0.107829
    8         2      0.0645236    0.000645236        19.7008       0.197008
    8         2       0.109818     0.00109818        28.8851       0.288851
    8         2       0.159704     0.00159704        37.9204       0.379204
    8         2       0.210235     0.00210235        46.4157       0.464157
    8         2       0.266787     0.00266787        55.3047       0.553047
    8         2       0.326373     0.00326373        64.5833       0.645833
    8         2       0.386448     0.00386448        73.5866       0.735866
    8         2       0.446928     0.00446928        82.3628       0.823628
    8         2       0.511814     0.00511814        91.5982       0.915982
    8         2       0.576487     0.00576487        100.638        1.00638
    8         2       0.641691     0.00641691        109.507        1.09507
    8         2       0.711698     0.00711698        118.843        1.18843
    8         2       0.776179     0.00776179        127.419        1.27419
    8         2        0.84596      0.0084596        136.478        1.36478
    8         2       0.916303     0.00916303        145.419        1.45419
    8         2       0.991688     0.00991688         154.84         1.5484
    8         2        1.06236      0.0106236        163.578        1.63578
    8         2        1.13967      0.0113967         172.81         1.7281
    8         2        1.21729      0.0121729        181.961        1.81961
    8         2        1.29197      0.0129197        190.476        1.90476
    8         3      0.0278791    0.000278791        13.5068       0.135068
    8         3      0.0576115    0.000576115        19.8031       0.198031
    8         3      0.0903171    0.000903171         25.941        0.25941
    8         3       0.123023     0.00123023        31.7648       0.317648
    8         3       0.158654     0.00158654        37.9037       0.379037
    8         3       0.195011     0.00195011        43.8862       0.438862
    8         3       0.231073     0.00231073        49.7461       0.497461
    8         3       0.270097     0.00270097        55.9585       0.559585
    8         3       0.306771     0.00306771         61.584        0.61584
    8         3       0.346324     0.00346324        67.5704       0.675704
    8         3       0.389072     0.00389072        73.9219       0.739219
    8         3       0.427874     0.00427874         79.736        0.79736
    8         3        0.47008      0.0047008        85.9182       0.859182
    8         3       0.509829     0.00509829        91.5919       0.915919
    8         3       0.552632     0.00552632        97.6365       0.976365
    8         3       0.595087     0.00595087        103.619        1.03619
    8         3       0.639701     0.00639701        109.966        1.09966
    8         3       0.682372     0.00682372        115.836        1.15836
    8         3       0.725144     0.00725144        121.658        1.21658
    8         3       0.769964     0.00769964        127.846        1.27846
    8         3       0.815228     0.00815228        133.988        1.33988
    8         3       0.858004     0.00858004        139.681        1.39681
    8         3       0.903966     0.00903966        145.742        1.45742
    9         0       0.011272     0.00011272         11.945        0.11945
    9         0      0.0416672    0.000416672         18.503        0.18503
    9         0      0.0796611    0.000796611        25.4544       0.254544
    9         0       0.121454     0.00121454        32.5583       0.325583
    9         0       0.166819     0.00166819        39.9692       0.399692
    9         0        0.20357      0.0020357        46.5627       0.465627
    9         0       0.245844     0.00245844        53.5647       0.535647
    9         0       0.291238     0.00291238        60.9722       0.609722
    9         0       0.332997     0.00332997        67.6475       0.676475
    9         0       0.378611     0.00378611         74.754        0.74754
    9         0       0.423408     0.00423408        81.7411       0.817411
    9         0       0.468505     0.00468505        88.6237       0.886237
    9         0       0.517669     0.00517669        95.9316       0.959316
    9         0       0.563134     0.00563134        102.631        1.02631
    9         0       0.612117     0.00612117         109.76         1.0976
    9         0       0.661224     0.00661224         116.81         1.1681
    9         0       0.709731     0.00709731        123.788        1.23788
    9         0        0.75829      0.0075829        130.699        1.30699
    9         0       0.807554     0.00807554         137.55         1.3755
    9         0       0.860156     0.00860156        144.828        1.44828
    9         0       0.909627     0.00909627        151.568        1.51568
    9         0       0.962818     0.00962818        158.738        1.58738
    9         1       0.027726     0.00027726        13.5262       0.135262
    9         1      0.0658763    0.000658763         21.956        0.21956
    9         1       0.107495     0.00107495        29.8916       0.298916
    9         1       0.152582     0.00152582        37.9996       0.379996
    9         1          0.198        0.00198        45.8396       0.458396
    9         1       0.243823     0.00243823        53.4779       0.534779
    9         1       0.293313     0.00293313        61.5266       0.615266
    9         1        0.34535      0.0034535        69.9625       0.699625
    9         1       0.394707     0.00394707        77.7084       0.777084
    9         1       0.447685     0.00447685        85.8894       0.858894
    9         1       0.500745     0.00500745        93.9624       0.939624
    9         1         0.5539       0.005539         101.94         1.0194
    9         1       0.606678     0.00606678        109.831        1.09831
    9         1        0.65902      0.0065902        117.643        1.17643
    9         1       0.715738     0.00715738        125.899        1.25899
    9         1       0.768822     0.00768822         133.57         1.3357
    9         1       0.825338     0.00825338        141.688        1.41688
    9         1       0.882319     0.00882319        149.742        1.49742
    9         1       0.938574     0.00938574        157.739        1.57739
    9         1       0.995977     0.00995977        165.683        1.65683
    9         1        1.05375      0.0105375        173.578        1.73578
    9         1        1.11591      0.0111591        181.916        1.81916
    9         2      0.0260341    0.000260341        14.9994       0.149994
    9         2      0.0655669    0.000655669        22.6334       0.226334
    9         2       0.112288     0.00112288        30.5405       0.305405
    9         2       0.162608     0.00162608        38.5968       0.385968
    9         2       0.213621     0.00213621        46.9483       0.469483
    9         2       0.262724     0.00262724         54.558        0.54558
    9         2        0.31477      0.0031477        62.5446       0.625446
    9         2       0.370496     0.00370496        70.9056       0.709056
    9         2       0.422751     0.00422751        78.6314       0.786314
    9         2       0.477743     0.00477743        86.7709       0.867709
    9         2         0.5333       0.005333        94.8184       0.948184
    9         2        0.58913      0.0058913        102.785        1.02785
    9         2        0.64484      0.0064484        110.679        1.10679
    9         2        0.70429      0.0070429        118.994        1.18994
    9         2       0.759617     0.00759617         126.76         1.2676
    9         2       0.818404     0.00818404        134.952        1.34952
    9         2       0.874605     0.00874605        142.611        1.42611
    9         2       0.934317     0.00934317          150.7          1.507
    9         2       0.994381     0.00994381        158.743        1.58743
    9         2        1.05441      0.0105441        166.743        1.66743
    9         2        1.11495      0.0111495        174.704        1.74704
    9         2          1.177        0.01177         182.63         1.8263
    9         3      0.0262451    0.000262451        11.5906       0.115906
    9         3      0.0583697    0.000583697        18.6593       0.186593
    9         3      0.0963351    0.000963351        25.6178       0.256178
    9         3       0.137221     0.00137221         32.524        0.32524
    9         3       0.181843     0.00181843        39.5651       0.395651
    9         3       0.227859     0.00227859        46.8138       0.468138
    9         3       0.274916     0.00274916        53.8563       0.538563
    9         3       0.321234     0.00321234        60.7268       0.607268
    9         3       0.371467     0.00371467        67.8487       0.678487
    9         3       0.421709     0.00421709        74.8418       0.748418
    9         3       0.471029     0.00471029        81.7195       0.817195
    9         3       0.523605     0.00523605        88.8931       0.888931
    9         3       0.576805     0.00576805        95.9681       0.959681
    9         3       0.630029     0.00630029        102.956        1.02956
    9         3       0.682102     0.00682102        109.866        1.09866
    9         3       0.735028     0.00735028        116.705        1.16705
    9         3       0.791125     0.00791125        123.856        1.23856
    9         3       0.846899     0.00846899        130.942        1.30942
    9         3       0.902287     0.00902287        137.971        1.37971
    9         3       0.958959     0.00958959        144.946        1.44946
    9         3        1.01597      0.0101597        151.874        1.51874
   10         0      0.0244225    0.000244225        8.29339      0.0829339
   10         0       0.050175     0.00050175        14.9308       0.149308
   10         0      0.0759274    0.000759274        20.5249       0.205249
   10         0       0.108118     0.00108118        26.7912       0.267912
   10         0       0.140309     0.00140309        32.6226       0.326226
   10         0       0.176649     0.00176649        38.7456       0.387456
   10         0        0.21151      0.0021151        44.6692       0.446692
   10         0       0.251119     0.00251119         50.971        0.50971
   10         0       0.286978     0.00286978        56.6111       0.566111
   10         0        0.32615      0.0032615        62.6103       0.626103
   10         0       0.368744     0.00368744        68.9712       0.689712
   10         0       0.407959     0.00407959        74.7325       0.747325
   10         0        0.45045      0.0045045        80.8642       0.808642
   10         0       0.493152     0.00493152        86.8926       0.868926
   10         0       0.535798     0.00535798        92.8266       0.928266
   10         0       0.577791     0.00577791         98.674        0.98674
   10         0       0.623407     0.00623407        104.883        1.04883
   10         0       0.666046     0.00666046        110.573        1.10573
   10         0       0.711949     0.00711949        116.626        1.16626
   10         0        0.75796      0.0075796        122.609        1.22609
   10         0       0.807052     0.00807052        128.947        1.28947
   10         0       0.852946     0.00852946        134.801        1.34801
   10         0       0.899159     0.00899159        140.602        1.40602
   10         1      0.0269828    0.000269828        11.2567       0.112567
   10         1      0.0627042    0.000627042        18.6605       0.186605
   10         1       0.101998     0.00101998        25.5296       0.255296
   10         1       0.144863     0.00144863        32.5327       0.325327
   10         1       0.192236     0.00192236         39.818        0.39818
   10         1       0.239512     0.00239512        46.9094       0.469094
   10         1       0.287311     0.00287311        53.8484       0.538484
   10         1       0.333931     0.00333931        60.6437       0.606437
   10         1       0.385054     0.00385054        67.8101       0.678101
   10         1       0.436504     0.00436504        74.8697       0.748697
   10         1       0.487771     0.00487771        81.8305       0.818305
   10         1       0.539187     0.00539187        88.7041       0.887041
   10         1        0.59318      0.0059318        95.9821       0.959821
   10         1       0.644705     0.00644705        102.701        1.02701
   10         1       0.699618     0.00699618        109.829        1.09829
   10         1       0.754822     0.00754822        116.888        1.16888
   10         1       0.809401     0.00809401        123.885        1.23885
   10         1       0.864113     0.00864113        130.825        1.30825
   10         1       0.919705     0.00919705         137.71         1.3771
   10         1       0.975277     0.00975277        144.546        1.44546
   10         1        1.03507      0.0103507        151.787        1.51787
   10         2     0.00539038    5.39038e-05         8.4933       0.084933
   10         2      0.0451439    0.000451439        15.4617       0.154617
   10         2      0.0888728    0.000888728        22.4938       0.224938
   10         2       0.136577     0.00136577        29.7277       0.297277
   10         2       0.180596     0.00180596        36.6179       0.366179
   10         2       0.225451     0.00225451        43.7576       0.437576
   10         2       0.271191     0.00271191        50.6227       0.506227
   10         2       0.320222     0.00320222        57.7449       0.577449
   10         2       0.369353     0.00369353        64.5926       0.645926
   10         2       0.422096     0.00422096         71.714        0.71714
   10         2       0.474116     0.00474116        78.6411       0.786411
   10         2       0.530048     0.00530048        85.8542       0.858542
   10         2       0.586395     0.00586395        92.9137       0.929137
   10         2       0.642689     0.00642689        99.8441       0.998441
   10         2       0.698927     0.00698927        106.665        1.06665
   10         2       0.758238     0.00758238        113.811        1.13811
   10         2       0.817352     0.00817352        120.867        1.20867
   10         2       0.877371     0.00877371        127.848        1.27848
   10         2       0.937614     0.00937614        134.765        1.34765
   10         2       0.998182     0.00998182        141.627        1.41627
   10         2         1.0621       0.010621        148.843        1.48843
   10         3      0.0401056    0.000401056        13.9457       0.139457
   10         3      0.0728626    0.000728626        20.3283       0.203283
   10         3       0.112899     0.00112899        27.7961       0.277961
   10         3       0.152935     0.00152935         34.968        0.34968
   10         3       0.193793     0.00193793        41.8974       0.418974
   10         3       0.235398     0.00235398        48.6232       0.486232
   10         3       0.279585     0.00279585        55.7504       0.557504
   10         3       0.324315     0.00324315        62.6501       0.626501
   10         3       0.373323     0.00373323         69.921        0.69921
   10         3        0.41847      0.0041847        76.4757       0.764757
   10         3       0.470599     0.00470599        83.9577       0.839577
   10         3       0.519055     0.00519055        90.7653       0.907653
   10         3       0.571782     0.00571782        97.9646       0.979646
   10         3       0.620561     0.00620561        104.541        1.04541
   10         3       0.673392     0.00673392         111.52         1.1152
   10         3       0.728943     0.00728943        118.892        1.18892
   10         3       0.781469     0.00781469        125.685        1.25685
   10         3       0.837915     0.00837915        132.879        1.32879
   10         3       0.894649     0.00894649        139.995        1.39995
   10         3        0.94745      0.0094745        146.575        1.46575
   10         3        1.00375      0.0100375        153.565        1.53565
   11         0      0.0372124    0.000372124        12.7923       0.127923
   11         0      0.0659442    0.000659442        19.6601       0.196601
   11         0      0.0998999    0.000998999        26.9441       0.269441
   11         0       0.133856     0.00133856        33.7017       0.337017
   11         0       0.170525     0.00170525        40.5864       0.405864
   11         0       0.209604     0.00209604        47.6259       0.476259
   11         0       0.253183     0.00253183        54.8368       0.548368
   11         0       0.296359     0.00296359        61.7804       0.617804
   11         0       0.342291     0.00342291        68.9167       0.689167
   11         0       0.388204     0.00388204        75.8653       0.758653
   11         0       0.433391     0.00433391        82.6572       0.826572
   11         0       0.481948     0.00481948        89.7063       0.897063
   11         0       0.530721     0.00530721        96.6332       0.966332
   11         0       0.582151     0.00582151        103.834        1.03834
   11         0       0.633513     0.00633513        110.939        1.10939
   11         0       0.684616     0.00684616        117.965        1.17965
   11         0       0.735299     0.00735299        124.923        1.24923
   11         0       0.786722     0.00786722        131.825        1.31825
   11         0       0.837969     0.00837969         138.68         1.3868
   11         0       0.892282     0.00892282        145.853        1.45853
   11         1       0.036405     0.00036405        16.7721       0.167721
   11         1      0.0708438    0.000708438        22.6733       0.226733
   11         1       0.105283     0.00105283        28.5161       0.285161
   11         1       0.142591     0.00142591        34.7679       0.347679
   11         1       0.179941     0.00179941         40.922        0.40922
   11         1       0.218401     0.00218401         46.974        0.46974
   11         1       0.256195     0.00256195        52.8947       0.528947
   11         1       0.294141     0.00294141        58.7047       0.587047
   11         1       0.335437     0.00335437        64.7976       0.647976
   11         1       0.376803     0.00376803        70.7723       0.707723
   11         1        0.41802      0.0041802        76.6315       0.766315
   11         1       0.461836     0.00461836        82.8007       0.828007
   11         1        0.50574      0.0050574        88.8739       0.888739
   11         1       0.550191     0.00550191        94.8678       0.948678
   11         1       0.594517     0.00594517        100.798        1.00798
   11         1       0.638513     0.00638513        106.678        1.06678
   11         1       0.685258     0.00685258        112.909        1.12909
   11         1       0.729591     0.00729591        118.723        1.18723
   11         1       0.776881     0.00776881        124.905        1.24905
   11         1       0.820871     0.00820871        130.691        1.30691
   11         1        0.86769      0.0086769         136.86         1.3686
   11         1       0.912163     0.00912163        142.647        1.42647
   11         1        0.95998      0.0095998        148.827        1.48827
   11         2      0.0269787    0.000269787        12.8231       0.128231
   11         2      0.0556792    0.000556792        18.7302       0.187302
   11         2      0.0891632    0.000891632        24.7065       0.247065
   11         2       0.125039     0.00125039        30.7414       0.307414
   11         2       0.163312     0.00163312        36.9607       0.369607
   11         2       0.199625     0.00199625        42.6572       0.426572
   11         2       0.240858     0.00240858        48.9891       0.489891
   11         2        0.27968      0.0027968         54.841        0.54841
   11         2       0.320449     0.00320449        60.9611       0.609611
   11         2       0.361278     0.00361278         66.976        0.66976
   11         2       0.402686     0.00402686        72.9205       0.729205
   11         2       0.444056     0.00444056        78.7945       0.787945
   11         2       0.488014     0.00488014        84.9473       0.849473
   11         2       0.529413     0.00529413           90.7          0.907
   11         2        0.57316      0.0057316        96.7348       0.967348
   11         2       0.616871     0.00616871        102.716        1.02716
   11         2       0.663137     0.00663137        108.976        1.08976
   11         2       0.706962     0.00706962        114.859        1.14859
   11         2       0.750708     0.00750708        120.699        1.20699
   11         2       0.797078     0.00797078        126.821        1.26821
   11         2       0.843175     0.00843175        132.901        1.32901
   11         3      0.0253185    0.000253185        13.4571       0.134571
   11         3      0.0573787    0.000573787        19.6406       0.196406
   11         3      0.0930011    0.000930011        25.8583       0.258583
   11         3       0.128623     0.00128623        31.8251       0.318251
   11         3       0.164216     0.00164216        37.6295       0.376295
   11         3       0.203942     0.00203942        43.8628       0.438628
   11         3       0.244466     0.00244466        49.9505       0.499505
   11         3       0.284868     0.00284868        55.9221       0.559221
   11         3        0.32419      0.0032419         61.759        0.61759
   11         3       0.367574     0.00367574        67.9961       0.679961
   11         3       0.407926     0.00407926        73.6176       0.736176
   11         3       0.451759     0.00451759        79.6509       0.796509
   11         3       0.495675     0.00495675        85.5915       0.855915
   11         3        0.54326      0.0054326        91.9311       0.919311
   11         3       0.586303     0.00586303        97.7019       0.977019
   11         3       0.633765     0.00633765        103.873        1.03873
   11         3       0.681416     0.00681416        109.966        1.09966
   11         3       0.729008     0.00729008        115.989        1.15989
   11         3       0.776751     0.00776751        121.945        1.21945
   11         3       0.823393     0.00823393         127.84         1.2784
   11         3        0.87087      0.0087087        133.679        1.33679
   11         3        0.92251      0.0092251        139.907        1.39907
   11         3       0.970481     0.00970481         145.64         1.4564
