 *tel    numcsi   CsIInChannel     errCsIInChannel           CsIE       errCsIE
    0         0             98            0.5        10.9139       0.109139
    0         0            182            0.5        25.7561       0.257561
    0         0            272            0.5        40.5876       0.405876
    0         0            362            0.5        55.6468       0.556468
    0         0            452            0.5        70.6808       0.706808
    0         0            542            0.5        85.6557       0.856557
    0         0            632            0.5        100.567        1.00567
    0         0            722            0.5        115.414        1.15414
    0         0            812            0.5        130.202        1.30202
    0         0            908            0.5        145.927        1.45927
    0         0            998            0.5        160.638        1.60638
    0         0           1088            0.5        175.332        1.75332
    0         0           1178            0.5        190.023        1.90023
    0         0           1274            0.5          205.7          2.057
    0         0           1364            0.5        220.419        2.20419
    0         0           1454            0.5        235.167        2.35167
    0         0           1550            0.5        250.941        2.50941
    0         0           1640            0.5        265.776        2.65776
    0         0           1730            0.5        280.665        2.80665
    0         0           1820            0.5        295.615        2.95615
    0         0           1910            0.5        310.631        3.10631
    0         1             76            0.5        7.05907      0.0705907
    0         1            160            0.5        22.9123       0.229123
    0         1            238            0.5        37.3095       0.373095
    0         1            322            0.5        52.6328       0.526328
    0         1            406            0.5        67.6494       0.676494
    0         1            490            0.5        82.3872       0.823872
    0         1            580            0.5        97.9712       0.979712
    0         1            664            0.5        112.369        1.12369
    0         1            754            0.5        127.676        1.27676
    0         1            844            0.5        142.888        1.42888
    0         1            928            0.5        157.026        1.57026
    0         1           1018            0.5        172.128        1.72128
    0         1           1108            0.5          187.2          1.872
    0         1           1198            0.5        202.259        2.02259
    0         1           1288            0.5        217.319        2.17319
    0         1           1378            0.5        232.392        2.32392
    0         1           1468            0.5        247.489        2.47489
    0         1           1558            0.5        262.618        2.62618
    0         1           1648            0.5        277.787        2.77787
    0         1           1732            0.5         291.99         2.9199
    0         1           1822            0.5        307.259        3.07259
    0         2             93            0.5        7.88043      0.0788043
    0         2            171            0.5        22.2456       0.222456
    0         2            249            0.5        36.2061       0.362061
    0         2            327            0.5        50.0182       0.500182
    0         2            411            0.5        64.6444       0.646444
    0         2            495            0.5        78.9694       0.789694
    0         2            573            0.5        92.0899       0.920899
    0         2            657            0.5         106.06         1.0606
    0         2            747            0.5        120.876        1.20876
    0         2            831            0.5        134.588        1.34588
    0         2            915            0.5         148.21         1.4821
    0         2           1005            0.5        162.725        1.62725
    0         2           1089            0.5        176.213        1.76213
    0         2           1179            0.5        190.616        1.90616
    0         2           1269            0.5        204.984        2.04984
    0         2           1353            0.5        218.373        2.18373
    0         2           1443            0.5        232.708        2.32708
    0         2           1527            0.5        246.086        2.46086
    0         2           1617            0.5        260.425        2.60425
    0         2           1707            0.5        274.778        2.74778
    0         2           1791            0.5        288.195        2.88195
    0         2           1881            0.5        302.598        3.02598
    0         3             49            0.5        9.15623      0.0915623
    0         3            114            0.5        21.3814       0.213814
    0         3            179            0.5        33.2498       0.332498
    0         3            249            0.5        45.9481       0.459481
    0         3            314            0.5        57.6684       0.576684
    0         3            379            0.5        69.1811       0.691811
    0         3            449            0.5        81.4598       0.814598
    0         3            519            0.5        93.6369       0.936369
    0         3            589            0.5        105.732        1.05732
    0         3            659            0.5        117.759        1.17759
    0         3            729            0.5        129.733        1.29733
    0         3            799            0.5        141.663        1.41663
    0         3            869            0.5         153.56         1.5356
    0         3            939            0.5        165.433        1.65433
    0         3           1009            0.5        177.289        1.77289
    0         3           1084            0.5        189.982        1.89982
    0         3           1154            0.5        201.825        2.01825
    0         3           1224            0.5        213.671        2.13671
    0         3           1294            0.5        225.526        2.25526
    0         3           1364            0.5        237.395        2.37395
    0         3           1434            0.5        249.282        2.49282
    0         3           1504            0.5        261.191        2.61191
    1         0            111            0.5        9.96132      0.0996132
    1         0            189            0.5         23.911        0.23911
    1         0            273            0.5        37.4517       0.374517
    1         0            357            0.5        51.0689       0.510689
    1         0            447            0.5        65.6728       0.656728
    1         0            531            0.5        79.2073       0.792073
    1         0            621            0.5        93.6262       0.936262
    1         0            711            0.5        107.958        1.07958
    1         0            795            0.5        121.262        1.21262
    1         0            885            0.5         135.45         1.3545
    1         0            975            0.5        149.583        1.49583
    1         0           1065            0.5        163.676        1.63676
    1         0           1155            0.5         177.74         1.7774
    1         0           1245            0.5         191.79         1.9179
    1         0           1335            0.5        205.834        2.05834
    1         0           1425            0.5        219.885        2.19885
    1         0           1515            0.5        233.953        2.33953
    1         0           1599            0.5        247.104        2.47104
    1         0           1689            0.5        261.223        2.61223
    1         0           1779            0.5        275.379        2.75379
    1         0           1869            0.5        289.581        2.89581
    1         1             97            0.5         7.9188       0.079188
    1         1            169            0.5        20.5114       0.205114
    1         1            241            0.5        32.9815       0.329815
    1         1            319            0.5        46.4165       0.464165
    1         1            397            0.5        59.7327       0.597327
    1         1            475            0.5        72.7618       0.727618
    1         1            553            0.5        85.6304       0.856304
    1         1            631            0.5        98.3585       0.983585
    1         1            715            0.5        111.932        1.11932
    1         1            793            0.5        124.431        1.24431
    1         1            877            0.5        137.796        1.37796
    1         1            955            0.5        150.133        1.50133
    1         1           1039            0.5        163.355        1.63355
    1         1           1123            0.5        176.522        1.76522
    1         1           1207            0.5        189.645        1.89645
    1         1           1291            0.5        202.736        2.02736
    1         1           1375            0.5        215.803        2.15803
    1         1           1459            0.5        228.857        2.28857
    1         1           1543            0.5        241.903        2.41903
    1         1           1627            0.5         254.95         2.5495
    1         1           1705            0.5        267.068        2.67068
    1         1           1789            0.5         280.13         2.8013
    1         2             82            0.5         8.7011       0.087011
    1         2            152            0.5        21.2492       0.212492
    1         2            227            0.5        34.5594       0.345594
    1         2            302            0.5        47.7986       0.477986
    1         2            377            0.5        60.9164       0.609164
    1         2            452            0.5         73.776        0.73776
    1         2            527            0.5        86.4968       0.864968
    1         2            607            0.5        99.9341       0.999341
    1         2            682            0.5        112.429        1.12429
    1         2            762            0.5        125.666        1.25666
    1         2            842            0.5        138.826        1.38826
    1         2            922            0.5        151.926        1.51926
    1         2           1002            0.5        164.978        1.64978
    1         2           1082            0.5        177.994        1.77994
    1         2           1162            0.5        190.985        1.90985
    1         2           1242            0.5        203.959        2.03959
    1         2           1322            0.5        216.926        2.16926
    1         2           1402            0.5        229.893        2.29893
    1         2           1482            0.5        242.868        2.42868
    1         2           1562            0.5        255.856        2.55856
    1         2           1642            0.5        268.861        2.68861
    1         3            103            0.5        7.96829      0.0796829
    1         3            173            0.5        21.7021       0.217021
    1         3            243            0.5        34.6424       0.346424
    1         3            313            0.5         47.379        0.47379
    1         3            388            0.5        60.8463       0.608463
    1         3            458            0.5        73.1506       0.731506
    1         3            533            0.5        86.1898       0.861898
    1         3            613            0.5        99.9676       0.999676
    1         3            688            0.5        112.789        1.12789
    1         3            763            0.5        125.539        1.25539
    1         3            838            0.5        138.235        1.38235
    1         3            918            0.5        151.734        1.51734
    1         3            993            0.5        164.361        1.64361
    1         3           1073            0.5        177.812        1.77812
    1         3           1148            0.5        190.416        1.90416
    1         3           1228            0.5         203.86         2.0386
    1         3           1303            0.5        216.474        2.16474
    1         3           1383            0.5        229.948        2.29948
    1         3           1458            0.5        242.602        2.42602
    1         3           1533            0.5        255.284        2.55284
    1         3           1613            0.5        268.845        2.68845
    2         0             78            0.5        10.0833       0.100833
    2         0            153            0.5        22.6374       0.226374
    2         0            228            0.5        34.9543       0.349543
    2         0            298            0.5        46.7286       0.467286
    2         0            368            0.5        58.5817       0.585817
    2         0            438            0.5        70.2599       0.702599
    2         0            513            0.5        82.6489       0.826489
    2         0            588            0.5        94.9067       0.949067
    2         0            658            0.5         106.24         1.0624
    2         0            733            0.5        118.283        1.18283
    2         0            808            0.5         130.24         1.3024
    2         0            888            0.5        142.917        1.42917
    2         0            963            0.5        154.745        1.54745
    2         0           1038            0.5        166.532        1.66532
    2         0           1113            0.5        178.288        1.78288
    2         0           1193            0.5        190.808        1.90808
    2         0           1268            0.5        202.533        2.02533
    2         0           1343            0.5        214.257        2.14257
    2         0           1423            0.5        226.769        2.26769
    2         0           1498            0.5        238.512        2.38512
    2         0           1573            0.5        250.273        2.50273
    2         1            102            0.5        8.15217      0.0815217
    2         1            157            0.5         20.078        0.20078
    2         1            222            0.5        32.3754       0.323754
    2         1            287            0.5        44.4345       0.444345
    2         1            352            0.5        56.5025       0.565025
    2         1            417            0.5         68.455        0.68455
    2         1            482            0.5        80.3555       0.803555
    2         1            547            0.5        92.2181       0.922181
    2         1            617            0.5        104.961        1.04961
    2         1            682            0.5        116.771        1.16771
    2         1            747            0.5        128.569        1.28569
    2         1            812            0.5        140.363        1.40363
    2         1            877            0.5        152.161        1.52161
    2         1            947            0.5        164.879        1.64879
    2         1           1012            0.5        176.707        1.76707
    2         1           1077            0.5         188.56         1.8856
    2         1           1142            0.5        200.442        2.00442
    2         1           1207            0.5         212.36         2.1236
    2         1           1272            0.5        224.318        2.24318
    2         1           1337            0.5        236.321        2.36321
    2         1           1402            0.5        248.374        2.48374
    2         1           1467            0.5        260.478        2.60478
    2         2             76            0.5        7.12497      0.0712497
    2         2            146            0.5        19.8955       0.198955
    2         2            211            0.5        31.4136       0.314136
    2         2            281            0.5        43.5994       0.435994
    2         2            351            0.5        55.6021       0.556021
    2         2            421            0.5         67.332        0.67332
    2         2            496            0.5        79.6943       0.796943
    2         2            571            0.5        91.9072       0.919072
    2         2            641            0.5        103.206        1.03206
    2         2            716            0.5         115.23         1.1523
    2         2            796            0.5         127.99         1.2799
    2         2            871            0.5        139.908        1.39908
    2         2            946            0.5        151.799        1.51799
    2         2           1021            0.5        163.677        1.63677
    2         2           1096            0.5        175.549        1.75549
    2         2           1171            0.5        187.427        1.87427
    2         2           1246            0.5        199.318        1.99318
    2         2           1321            0.5        211.227        2.11227
    2         2           1401            0.5         223.96         2.2396
    2         2           1476            0.5         235.93         2.3593
    2         3            102            0.5        8.86831      0.0886831
    2         3            150            0.5        18.3542       0.183542
    2         3            210            0.5        28.8064       0.288064
    2         3            266            0.5        38.5533       0.385533
    2         3            322            0.5        48.3958       0.483958
    2         3            382            0.5         58.977        0.58977
    2         3            438            0.5        68.7229       0.687229
    2         3            494            0.5        78.4135       0.784135
    2         3            554            0.5        88.7234       0.887234
    2         3            614            0.5         98.962        0.98962
    2         3            670            0.5         108.46         1.0846
    2         3            730            0.5        118.581        1.18581
    2         3            790            0.5        128.654        1.28654
    2         3            850            0.5        138.687        1.38687
    2         3            910            0.5        148.686        1.48686
    2         3            970            0.5        158.661        1.58661
    2         3           1030            0.5        168.617        1.68617
    2         3           1090            0.5        178.559        1.78559
    2         3           1150            0.5        188.494        1.88494
    2         3           1210            0.5        198.426        1.98426
    2         3           1270            0.5        208.359        2.08359
    2         3           1334            0.5        218.962        2.18962
    3         0             83            0.5        9.69687      0.0969687
    3         0            139            0.5        19.9162       0.199162
    3         0            199            0.5        29.8272       0.298272
    3         0            259            0.5        39.6409       0.396409
    3         0            319            0.5         49.477        0.49477
    3         0            383            0.5        59.9523       0.599523
    3         0            443            0.5        69.6292       0.696292
    3         0            507            0.5        79.8842       0.798842
    3         0            567            0.5        89.4312       0.894312
    3         0            631            0.5        99.5492       0.995492
    3         0            695            0.5        109.608        1.09608
    3         0            759            0.5        119.616        1.19616
    3         0            823            0.5        129.581        1.29581
    3         0            887            0.5        139.512        1.39512
    3         0            951            0.5        149.416        1.49416
    3         0           1019            0.5        159.917        1.59917
    3         0           1083            0.5        169.786        1.69786
    3         0           1147            0.5        179.647        1.79647
    3         0           1211            0.5        189.504        1.89504
    3         0           1279            0.5        199.979        1.99979
    3         0           1343            0.5        209.842        2.09842
    3         1            103            0.5        7.98037      0.0798037
    3         1            153            0.5        18.0385       0.180385
    3         1            208            0.5        28.4319       0.284319
    3         1            263            0.5        38.3214       0.383214
    3         1            323            0.5        48.7028       0.487028
    3         1            383            0.5        58.7731       0.587731
    3         1            443            0.5        68.5107       0.685107
    3         1            508            0.5        78.8772       0.788772
    3         1            568            0.5        88.3309       0.883309
    3         1            633            0.5        98.4954       0.984954
    3         1            698            0.5        108.615        1.08615
    3         1            763            0.5        118.714        1.18714
    3         1            828            0.5        128.813        1.28813
    3         1            893            0.5        138.924        1.38924
    3         1            953            0.5        148.278        1.48278
    3         1           1018            0.5        158.442        1.58442
    3         1           1083            0.5        168.644        1.68644
    3         1           1148            0.5        178.888        1.78888
    3         1           1208            0.5        188.387        1.88387
    3         1           1273            0.5        198.725        1.98725
    3         1           1333            0.5        208.316        2.08316
    3         1           1398            0.5        218.761        2.18761
    3         2            100            0.5        9.64628      0.0964628
    3         2            139            0.5        19.9151       0.199151
    3         2            178            0.5        29.7546       0.297546
    3         2            217            0.5        39.3285       0.393285
    3         2            259            0.5        49.4401       0.494401
    3         2            301            0.5          59.39         0.5939
    3         2            346            0.5        69.8018       0.698018
    3         2            388            0.5         79.418        0.79418
    3         2            433            0.5        89.6432       0.896432
    3         2            478            0.5        99.8153       0.998153
    3         2            523            0.5        109.956        1.09956
    3         2            565            0.5        119.408        1.19408
    3         2            610            0.5        129.534        1.29534
    3         2            655            0.5        139.668        1.39668
    3         2            700            0.5        149.819        1.49819
    3         2            745            0.5        159.996        1.59996
    3         2            787            0.5        169.522        1.69522
    3         2            832            0.5        179.762        1.79762
    3         2            874            0.5        189.356        1.89356
    3         2            919            0.5        199.678        1.99678
    3         2            961            0.5        209.353        2.09353
    3         3             81            0.5        9.30371      0.0930371
    3         3            136            0.5        19.3249       0.193249
    3         3            196            0.5        29.4766       0.294766
    3         3            256            0.5        39.4683       0.394683
    3         3            316            0.5        49.3607       0.493607
    3         3            381            0.5        59.9454       0.599454
    3         3            441            0.5        69.4979       0.694979
    3         3            506            0.5        79.7273       0.797273
    3         3            571            0.5        89.8495       0.898495
    3         3            636            0.5        99.8874       0.998874
    3         3            701            0.5         109.86         1.0986
    3         3            766            0.5        119.784        1.19784
    3         3            831            0.5        129.673        1.29673
    3         3            896            0.5        139.537        1.39537
    3         3            961            0.5        149.388        1.49388
    3         3           1031            0.5        159.992        1.59992
    3         3           1096            0.5         169.84         1.6984
    3         3           1161            0.5        179.697        1.79697
    3         3           1226            0.5        189.568        1.89568
    3         3           1291            0.5        199.457        1.99457
    3         3           1356            0.5        209.369        2.09369
    3         3           1421            0.5        219.308        2.19308
    4         0            113            0.5        7.53201      0.0753201
    4         0            179            0.5        18.3206       0.183206
    4         0            257            0.5        29.4613       0.294613
    4         0            335            0.5        40.3807       0.403807
    4         0            413            0.5        51.2205       0.512205
    4         0            497            0.5        62.7303       0.627303
    4         0            575            0.5        73.2088       0.732088
    4         0            659            0.5        84.3465       0.843465
    4         0            743            0.5         95.355        0.95355
    4         0            827            0.5        106.257        1.06257
    4         0            917            0.5        117.841        1.17841
    4         0           1001            0.5        128.583        1.28583
    4         0           1085            0.5        139.271        1.39271
    4         0           1175            0.5         150.68         1.5068
    4         0           1259            0.5          161.3          1.613
    4         0           1349            0.5         172.66         1.7266
    4         0           1433            0.5        183.253        1.83253
    4         0           1523            0.5        194.602        1.94602
    4         0           1613            0.5        205.956        2.05956
    4         0           1697            0.5        216.566        2.16566
    4         0           1787            0.5        227.954        2.27954
    4         1             78            0.5        6.85998      0.0685998
    4         1            156            0.5        19.8747       0.198747
    4         1            240            0.5        31.2548       0.312548
    4         1            336            0.5        43.7078       0.437078
    4         1            426            0.5        55.3545       0.553545
    4         1            522            0.5         67.684        0.67684
    4         1            618            0.5        79.9565       0.799565
    4         1            708            0.5        91.4239       0.914239
    4         1            804            0.5        103.618        1.03618
    4         1            900            0.5        115.778        1.15778
    4         1            996            0.5        127.909        1.27909
    4         1           1086            0.5        139.262        1.39262
    4         1           1182            0.5        151.357        1.51357
    4         1           1278            0.5        163.446        1.63446
    4         1           1374            0.5        175.533        1.75533
    4         1           1470            0.5        187.626        1.87626
    4         1           1566            0.5         199.73         1.9973
    4         1           1662            0.5        211.851        2.11851
    4         1           1758            0.5        223.995        2.23995
    4         1           1848            0.5        235.404        2.35404
    4         2            108            0.5        7.35014      0.0735014
    4         2            168            0.5        18.2016       0.182016
    4         2            243            0.5        29.7917       0.297917
    4         2            318            0.5        40.7769       0.407769
    4         2            393            0.5        51.5756       0.515756
    4         2            473            0.5        62.9368       0.629368
    4         2            548            0.5        73.4271       0.734271
    4         2            628            0.5        84.5255       0.845255
    4         2            708            0.5        95.5484       0.955484
    4         2            788            0.5         106.51         1.0651
    4         2            868            0.5        117.422        1.17422
    4         2            953            0.5        128.973        1.28973
    4         2           1033            0.5        139.816        1.39816
    4         2           1113            0.5        150.639        1.50639
    4         2           1193            0.5        161.449        1.61449
    4         2           1278            0.5         172.93         1.7293
    4         2           1358            0.5        183.736        1.83736
    4         2           1438            0.5        194.549        1.94549
    4         2           1518            0.5        205.372        2.05372
    4         2           1603            0.5        216.891        2.16891
    4         2           1683            0.5        227.755        2.27755
    4         3             98            0.5        7.00237      0.0700237
    4         3            158            0.5        17.6775       0.176775
    4         3            223            0.5        27.5471       0.275471
    4         3            293            0.5        37.7227       0.377227
    4         3            363            0.5        47.7428       0.477428
    4         3            433            0.5        57.6618       0.576618
    4         3            503            0.5         67.378        0.67378
    4         3            578            0.5        77.6693       0.776693
    4         3            653            0.5         87.853        0.87853
    4         3            728            0.5        97.9487       0.979487
    4         3            803            0.5        107.972        1.07972
    4         3            878            0.5        117.937        1.17937
    4         3            953            0.5        127.856        1.27856
    4         3           1028            0.5        137.738        1.37738
    4         3           1103            0.5        147.595        1.47595
    4         3           1178            0.5        157.433        1.57433
    4         3           1258            0.5        167.914        1.67914
    4         3           1333            0.5        177.736        1.77736
    4         3           1408            0.5        187.559        1.87559
    4         3           1483            0.5        197.388        1.97388
    4         3           1563            0.5        207.884        2.07884
    5         0             96            0.5        8.77116      0.0877116
    5         0            168            0.5        19.9551       0.199551
    5         0            240            0.5        30.3078       0.303078
    5         0            318            0.5        41.3465       0.413465
    5         0            396            0.5        52.2772       0.522772
    5         0            480            0.5        63.8523       0.638523
    5         0            558            0.5        74.3997       0.743997
    5         0            642            0.5        85.6107       0.856107
    5         0            726            0.5        96.6954       0.966954
    5         0            810            0.5        107.677        1.07677
    5         0            894            0.5        118.574        1.18574
    5         0            978            0.5        129.405        1.29405
    5         0           1068            0.5        140.952        1.40952
    5         0           1152            0.5         151.69         1.5169
    5         0           1236            0.5        162.401        1.62401
    5         0           1326            0.5        173.857        1.73857
    5         0           1410            0.5         184.54         1.8454
    5         0           1500            0.5        195.983        1.95983
    5         0           1584            0.5        206.669        2.06669
    5         0           1668            0.5        217.365        2.17365
    5         1             93            0.5        5.60519      0.0560519
    5         1            170            0.5        16.4732       0.164732
    5         1            254            0.5        27.2799       0.272799
    5         1            345            0.5         38.364        0.38364
    5         1            443            0.5        49.8803       0.498803
    5         1            534            0.5        60.3047       0.603047
    5         1            632            0.5        71.2287       0.712287
    5         1            737            0.5        82.7757       0.827757
    5         1            835            0.5        93.4583       0.934583
    5         1            940            0.5        104.846        1.04846
    5         1           1038            0.5        115.447        1.15447
    5         1           1143            0.5          126.8          1.268
    5         1           1241            0.5        137.406        1.37406
    5         1           1346            0.5        148.794        1.48794
    5         1           1444            0.5        159.455        1.59455
    5         1           1549            0.5         170.92         1.7092
    5         1           1647            0.5        181.668        1.81668
    5         1           1745            0.5        192.465        1.92465
    5         1           1843            0.5        203.316        2.03316
    5         1           1941            0.5        214.226        2.14226
    5         1           2046            0.5        225.984        2.25984
    5         1           2137            0.5        236.234        2.36234
    5         2             80            0.5        7.93531      0.0793531
    5         2            157            0.5        18.3529       0.183529
    5         2            241            0.5        28.4125       0.284125
    5         2            325            0.5        38.3738       0.383738
    5         2            409            0.5        48.3056       0.483056
    5         2            500            0.5        58.9784       0.589784
    5         2            584            0.5        68.6126       0.686126
    5         2            675            0.5        78.9147       0.789147
    5         2            759            0.5        88.3052       0.883052
    5         2            850            0.5        98.3667       0.983667
    5         2            941            0.5        108.329        1.08329
    5         2           1039            0.5        118.966        1.18966
    5         2           1130            0.5        128.774        1.28774
    5         2           1221            0.5        138.526        1.38526
    5         2           1319            0.5         148.98         1.4898
    5         2           1410            0.5        158.653        1.58653
    5         2           1501            0.5        168.302        1.68302
    5         2           1599            0.5        178.674        1.78674
    5         2           1690            0.5        188.295        1.88295
    5         2           1788            0.5        198.651        1.98651
    5         2           1879            0.5        208.269        2.08269
    5         2           1977            0.5        218.634        2.18634
    5         3            108            0.5        8.28437      0.0828437
    5         3            216            0.5        17.6378       0.176378
    5         3            333            0.5        26.7905       0.267905
    5         3            450            0.5        35.8369       0.358369
    5         3            567            0.5        44.8101       0.448101
    5         3            684            0.5        53.6851       0.536851
    5         3            801            0.5         62.404        0.62404
    5         3            927            0.5        71.6011       0.716011
    5         3           1053            0.5        80.6672       0.806672
    5         3           1179            0.5        89.6234       0.896234
    5         3           1305            0.5        98.4878       0.984878
    5         3           1440            0.5        107.902        1.07902
    5         3           1566            0.5        116.626        1.16626
    5         3           1701            0.5        125.921        1.25921
    5         3           1827            0.5        134.558        1.34558
    5         3           1962            0.5        143.781        1.43781
    5         3           2097            0.5        152.981        1.52981
    5         3           2223            0.5        161.555        1.61555
    5         3           2358            0.5        170.734        1.70734
    5         3           2493            0.5        179.911        1.79911
    5         3           2619            0.5        188.479        1.88479
    5         3           2754            0.5        197.667        1.97667
    6         0             70            0.5        8.10763      0.0810763
    6         0            135            0.5        19.6878       0.196878
    6         0            210            0.5        30.9793       0.309793
    6         0            285            0.5        41.8496       0.418496
    6         0            360            0.5        52.5441       0.525441
    6         0            440            0.5        63.7342       0.637342
    6         0            520            0.5        74.7067       0.747067
    6         0            600            0.5        85.5419       0.855419
    6         0            685            0.5        96.9397       0.969397
    6         0            765            0.5        107.585        1.07585
    6         0            850            0.5        118.833        1.18833
    6         0            930            0.5        129.377        1.29377
    6         0           1015            0.5        140.552        1.40552
    6         0           1100            0.5        151.711        1.51711
    6         0           1185            0.5        162.867        1.62867
    6         0           1265            0.5        173.374        1.73374
    6         0           1350            0.5        184.551        1.84551
    6         0           1435            0.5         195.75         1.9575
    6         0           1520            0.5        206.978        2.06978
    6         0           1600            0.5        217.577        2.17577
    6         0           1685            0.5        228.878        2.28878
    6         1             86            0.5        10.7991       0.107991
    6         1            151            0.5        20.4754       0.204754
    6         1            226            0.5        30.8924       0.308924
    6         1            296            0.5        40.6305       0.406305
    6         1            366            0.5        50.3953       0.503953
    6         1            441            0.5        60.8101       0.608101
    6         1            511            0.5         70.376        0.70376
    6         1            586            0.5        80.5421       0.805421
    6         1            661            0.5        90.6249       0.906249
    6         1            736            0.5        100.636        1.00636
    6         1            811            0.5        110.586        1.10586
    6         1            886            0.5        120.487        1.20487
    6         1            961            0.5         130.35         1.3035
    6         1           1041            0.5        140.838        1.40838
    6         1           1116            0.5        150.649        1.50649
    6         1           1191            0.5        160.448        1.60448
    6         1           1271            0.5        170.894        1.70894
    6         1           1346            0.5        180.685        1.80685
    6         1           1421            0.5        190.483        1.90483
    6         1           1501            0.5        200.944        2.00944
    6         1           1576            0.5        210.765        2.10765
    6         1           1651            0.5        220.605        2.20605
    6         2             91            0.5        8.92189      0.0892189
    6         2            136            0.5        16.4076       0.164076
    6         2            186            0.5        24.2425       0.242425
    6         2            241            0.5        32.3558       0.323558
    6         2            301            0.5        40.8097       0.408097
    6         2            361            0.5        48.9909       0.489909
    6         2            421            0.5        56.9897       0.569897
    6         2            481            0.5        64.7841       0.647841
    6         2            541            0.5        72.4777       0.724777
    6         2            606            0.5        80.7373       0.807373
    6         2            671            0.5        88.9559       0.889559
    6         2            731            0.5        96.5259       0.965259
    6         2            796            0.5        104.726        1.04726
    6         2            861            0.5        112.938        1.12938
    6         2            921            0.5         120.54         1.2054
    6         2            986            0.5        128.805        1.28805
    6         2           1046            0.5        136.469        1.36469
    6         2           1111            0.5        144.813        1.44813
    6         2           1171            0.5        152.559        1.52559
    6         2           1231            0.5        160.349        1.60349
    6         2           1296            0.5        168.841        1.68841
    6         3             94            0.5        8.95478      0.0895478
    6         3            142            0.5        17.7102       0.177102
    6         3            202            0.5          26.92         0.2692
    6         3            262            0.5        35.6692       0.356692
    6         3            326            0.5        44.9143       0.449143
    6         3            386            0.5        53.5682       0.535682
    6         3            450            0.5        62.7316       0.627316
    6         3            514            0.5        71.7962       0.717962
    6         3            578            0.5        80.8041       0.808041
    6         3            642            0.5        89.7583       0.897583
    6         3            706            0.5        98.6617       0.986617
    6         3            770            0.5        107.519        1.07519
    6         3            838            0.5        116.885        1.16885
    6         3            902            0.5        125.663        1.25663
    6         3            970            0.5        134.956        1.34956
    6         3           1034            0.5        143.677        1.43677
    6         3           1102            0.5         152.92         1.5292
    6         3           1166            0.5        161.602        1.61602
    6         3           1234            0.5        170.814        1.70814
    6         3           1298            0.5        179.474        1.79474
    6         3           1366            0.5         188.67         1.8867
    7         0            100            0.5        6.55853      0.0655853
    7         0            148            0.5        14.8646       0.148646
    7         0            196            0.5        22.3882       0.223882
    7         0            252            0.5        30.8374       0.308374
    7         0            304            0.5        38.4948       0.384948
    7         0            360            0.5        46.6013       0.466013
    7         0            416            0.5        54.5895       0.545895
    7         0            476            0.5        62.9822       0.629822
    7         0            532            0.5        70.6761       0.706761
    7         0            592            0.5        78.8237       0.788237
    7         0            652            0.5          86.89         0.8689
    7         0            712            0.5        94.8876       0.948876
    7         0            772            0.5        102.828        1.02828
    7         0            832            0.5        110.721        1.10721
    7         0            892            0.5        118.574        1.18574
    7         0            956            0.5        126.915        1.26915
    7         0           1016            0.5        134.706        1.34706
    7         0           1080            0.5        142.993        1.42993
    7         0           1140            0.5        150.745        1.50745
    7         0           1204            0.5        158.999        1.58999
    7         0           1264            0.5        166.728        1.66728
    7         0           1328            0.5        174.965        1.74965
    7         1             95            0.5        8.12201      0.0812201
    7         1            150            0.5        17.5177       0.175177
    7         1            215            0.5        26.7693       0.267693
    7         1            280            0.5        35.4064       0.354064
    7         1            350            0.5        44.5076       0.445076
    7         1            420            0.5        53.5361       0.535361
    7         1            490            0.5        62.4769       0.624769
    7         1            565            0.5        71.9439       0.719439
    7         1            635            0.5        80.7304       0.807304
    7         1            705            0.5        89.4773       0.894773
    7         1            780            0.5        98.8113       0.988113
    7         1            850            0.5        107.494        1.07494
    7         1            925            0.5        116.772        1.16772
    7         1            995            0.5        125.413        1.25413
    7         1           1070            0.5        134.657        1.34657
    7         1           1145            0.5        143.892        1.43892
    7         1           1215            0.5        152.507        1.52507
    7         1           1290            0.5        161.737        1.61737
    7         1           1365            0.5         170.97         1.7097
    7         1           1435            0.5        179.594        1.79594
    7         1           1510            0.5        188.844        1.88844
    7         2            117            0.5        8.96727      0.0896727
    7         2            172            0.5        17.8696       0.178696
    7         2            232            0.5        26.4525       0.264525
    7         2            302            0.5        35.9758       0.359758
    7         2            367            0.5        44.5842       0.445842
    7         2            437            0.5        53.6808       0.536808
    7         2            507            0.5        62.5843       0.625843
    7         2            582            0.5        71.9211       0.719211
    7         2            652            0.5        80.5207       0.805207
    7         2            727            0.5        89.6394       0.896394
    7         2            802            0.5        98.6811       0.986811
    7         2            877            0.5        107.664        1.07664
    7         2            952            0.5        116.604        1.16604
    7         2           1027            0.5        125.512        1.25512
    7         2           1107            0.5        134.991        1.34991
    7         2           1182            0.5        143.866        1.43866
    7         2           1257            0.5        152.737        1.52737
    7         2           1332            0.5         161.61         1.6161
    7         2           1407            0.5         170.49         1.7049
    7         2           1487            0.5        179.976        1.79976
    7         2           1562            0.5        188.886        1.88886
    7         2           1637            0.5        197.816        1.97816
    7         3             86            0.5        6.88747      0.0688747
    7         3            142            0.5        15.9388       0.159388
    7         3            202            0.5        24.9178       0.249178
    7         3            262            0.5        33.7143       0.337143
    7         3            326            0.5        42.9963       0.429963
    7         3            386            0.5        51.6312       0.516312
    7         3            450            0.5        60.7502       0.607502
    7         3            514            0.5        69.7062       0.697062
    7         3            578            0.5        78.5874       0.785874
    7         3            646            0.5        87.9469       0.879469
    7         3            710            0.5        96.6929       0.966929
    7         3            778            0.5        105.927        1.05927
    7         3            842            0.5        114.571        1.14571
    7         3            910            0.5        123.711        1.23711
    7         3            978            0.5        132.811        1.32811
    7         3           1046            0.5        141.877        1.41877
    7         3           1114            0.5        150.914        1.50914
    7         3           1182            0.5        159.927        1.59927
    7         3           1250            0.5         168.92         1.6892
    7         3           1318            0.5        177.896        1.77896
    8         0            107            0.5        8.67331      0.0867331
    8         0            151            0.5        15.6773       0.156773
    8         0            203            0.5        22.9859       0.229859
    8         0            255            0.5        29.8729       0.298729
    8         0            307            0.5        36.5496       0.365496
    8         0            363            0.5        43.5912       0.435912
    8         0            419            0.5        50.5217       0.505217
    8         0            479            0.5        57.8498       0.578498
    8         0            535            0.5        64.5435       0.645435
    8         0            595            0.5        71.6435       0.716435
    8         0            655            0.5        78.6774       0.786774
    8         0            715            0.5        85.6641       0.856641
    8         0            775            0.5         92.613        0.92613
    8         0            839            0.5        99.9945       0.999945
    8         0            899            0.5        106.894        1.06894
    8         0            959            0.5        113.779        1.13779
    8         0           1019            0.5        120.656        1.20656
    8         0           1083            0.5        127.987        1.27987
    8         0           1143            0.5        134.861        1.34861
    8         0           1203            0.5        141.738        1.41738
    8         0           1263            0.5        148.622        1.48622
    8         0           1327            0.5        155.976        1.55976
    8         0           1387            0.5        162.883        1.62883
    8         1            135            0.5        7.91439      0.0791439
    8         1            179            0.5        14.9818       0.149818
    8         1            223            0.5        21.5388       0.215388
    8         1            275            0.5        28.7748       0.287748
    8         1            327            0.5        35.6005       0.356005
    8         1            383            0.5        42.6159       0.426159
    8         1            443            0.5        49.8605       0.498605
    8         1            503            0.5        56.9118       0.569118
    8         1            563            0.5        63.7678       0.637678
    8         1            627            0.5        70.9662       0.709662
    8         1            687            0.5        77.6473       0.776473
    8         1            751            0.5        84.7323       0.847323
    8         1            815            0.5        91.7923       0.917923
    8         1            879            0.5        98.8416       0.988416
    8         1            943            0.5         105.89         1.0589
    8         1           1007            0.5        112.945        1.12945
    8         1           1067            0.5        119.569        1.19569
    8         1           1131            0.5        126.649        1.26649
    8         1           1195            0.5        133.748        1.33748
    8         1           1259            0.5        140.867        1.40867
    8         1           1319            0.5        147.562        1.47562
    8         2            110            0.5        7.86095      0.0786095
    8         2            155            0.5        15.4041       0.154041
    8         2            210            0.5        23.3444       0.233444
    8         2            270            0.5          31.66         0.3166
    8         2            330            0.5        39.8618       0.398618
    8         2            390            0.5        47.9796       0.479796
    8         2            445            0.5        55.3416       0.553416
    8         2            510            0.5        63.8737       0.638737
    8         2            570            0.5        71.6154       0.716154
    8         2            635            0.5        79.8875       0.798875
    8         2            695            0.5         87.433        0.87433
    8         2            760            0.5        95.5208       0.955208
    8         2            825            0.5        103.531        1.03531
    8         2            890            0.5        111.474        1.11474
    8         2            960            0.5        119.964        1.19964
    8         2           1025            0.5        127.798        1.27798
    8         2           1090            0.5        135.591        1.35591
    8         2           1160            0.5        143.945        1.43945
    8         2           1225            0.5        151.675        1.51675
    8         2           1295            0.5        159.975        1.59975
    8         2           1360            0.5        167.663        1.67663
    8         2           1430            0.5        175.928        1.75928
    8         3            117            0.5        7.65325      0.0765325
    8         3            150            0.5        13.5126       0.135126
    8         3            189            0.5        19.9746       0.199746
    8         3            225            0.5        25.7725       0.257725
    8         3            264            0.5         31.932        0.31932
    8         3            300            0.5        37.5538       0.375538
    8         3            339            0.5        43.5828       0.435828
    8         3            378            0.5        49.5554       0.495554
    8         3            420            0.5         55.929        0.55929
    8         3            459            0.5          61.76         0.6176
    8         3            501            0.5        67.9472       0.679472
    8         3            540            0.5        73.6487       0.736487
    8         3            582            0.5         79.735        0.79735
    8         3            624            0.5        85.7754       0.857754
    8         3            666            0.5         91.773        0.91773
    8         3            708            0.5        97.7323       0.977323
    8         3            750            0.5        103.657        1.03657
    8         3            795            0.5         109.97         1.0997
    8         3            837            0.5        115.832        1.15832
    8         3            879            0.5        121.668        1.21668
    8         3            924            0.5        127.895        1.27895
    8         3            966            0.5        133.685        1.33685
    9         0            117            0.5        6.53262      0.0653262
    9         0            165            0.5        14.4148       0.144148
    9         0            221            0.5        22.6989       0.226989
    9         0            277            0.5        30.6758       0.306758
    9         0            333            0.5        38.4945       0.384945
    9         0            393            0.5        46.7462       0.467462
    9         0            453            0.5        54.8896       0.548896
    9         0            513            0.5        62.8851       0.628851
    9         0            573            0.5         70.746        0.70746
    9         0            633            0.5        78.5162       0.785162
    9         0            697            0.5        86.7188       0.867188
    9         0            761            0.5         94.843        0.94843
    9         0            825            0.5        102.899        1.02899
    9         0            889            0.5        110.895        1.10895
    9         0            953            0.5        118.839        1.18839
    9         0           1017            0.5        126.736        1.26736
    9         0           1081            0.5        134.592        1.34592
    9         0           1149            0.5        142.899        1.42899
    9         0           1213            0.5        150.686        1.50686
    9         0           1281            0.5         158.93         1.5893
    9         0           1345            0.5        166.664        1.66664
    9         1            100            0.5        6.55013      0.0655013
    9         1            148            0.5        14.4758       0.144758
    9         1            204            0.5        22.8398       0.228398
    9         1            260            0.5        30.9351       0.309351
    9         1            316            0.5        38.9081       0.389081
    9         1            372            0.5        46.7961       0.467961
    9         1            428            0.5        54.6112       0.546112
    9         1            488            0.5        62.8583       0.628583
    9         1            548            0.5        70.9806       0.709806
    9         1            604            0.5        78.4872       0.784872
    9         1            668            0.5        86.9898       0.869898
    9         1            728            0.5        94.8935       0.948935
    9         1            788            0.5        102.739        1.02739
    9         1            848            0.5        110.531        1.10531
    9         1            912            0.5        118.791        1.18791
    9         1            972            0.5         126.49         1.2649
    9         1           1036            0.5        134.659        1.34659
    9         1           1100            0.5        142.788        1.42788
    9         1           1164            0.5        150.882        1.50882
    9         1           1228            0.5        158.943        1.58943
    9         1           1292            0.5        166.977        1.66977
    9         2            127            0.5        7.77213      0.0777213
    9         2            193            0.5         17.521        0.17521
    9         2            265            0.5        27.3065       0.273065
    9         2            343            0.5        37.6675       0.376675
    9         2            421            0.5        47.9137       0.479137
    9         2            493            0.5        57.2953       0.572953
    9         2            571            0.5        67.2728       0.672728
    9         2            655            0.5        77.9072       0.779072
    9         2            733            0.5        87.6938       0.876938
    9         2            811            0.5        97.4088       0.974088
    9         2            895            0.5        107.802        1.07802
    9         2            973            0.5        117.397        1.17397
    9         2           1057            0.5        127.679        1.27679
    9         2           1141            0.5        137.913        1.37913
    9         2           1219            0.5        147.381        1.47381
    9         2           1303            0.5        157.545        1.57545
    9         2           1387            0.5         167.68         1.6768
    9         2           1471            0.5        177.791        1.77791
    9         2           1555            0.5        187.883        1.87883
    9         2           1639            0.5         197.96         1.9796
    9         2           1717            0.5        207.307        2.07307
    9         2           1801            0.5        217.366        2.17366
    9         3            115            0.5        6.45821      0.0645821
    9         3            157            0.5        13.7093       0.137093
    9         3            202            0.5        20.6167       0.206167
    9         3            250            0.5        27.6584       0.276584
    9         3            301            0.5        34.9601       0.349601
    9         3            349            0.5         41.721        0.41721
    9         3            400            0.5        48.8145       0.488145
    9         3            451            0.5        55.8289       0.558289
    9         3            502            0.5        62.7232       0.627232
    9         3            556            0.5         69.916        0.69916
    9         3            607            0.5        76.6423       0.766423
    9         3            661            0.5        83.7014       0.837014
    9         3            715            0.5        90.7031       0.907031
    9         3            769            0.5        97.6546       0.976546
    9         3            826            0.5        104.944        1.04944
    9         3            880            0.5        111.809        1.11809
    9         3            934            0.5        118.639        1.18639
    9         3            991            0.5        125.815        1.25815
    9         3           1048            0.5         132.96         1.3296
    9         3           1102            0.5        139.703        1.39703
   10         0            110            0.5        6.68911      0.0668911
   10         0            165            0.5        14.4736       0.144736
   10         0            230            0.5         22.629        0.22629
   10         0            295            0.5        30.5692       0.305692
   10         0            360            0.5        38.4079       0.384079
   10         0            430            0.5         46.744        0.46744
   10         0            500            0.5        54.9599       0.549599
   10         0            570            0.5        62.9985       0.629985
   10         0            640            0.5        70.8721       0.708721
   10         0            710            0.5        78.6257       0.786257
   10         0            785            0.5        86.8192       0.868192
   10         0            860            0.5        94.9102       0.949102
   10         0            935            0.5        102.914        1.02914
   10         0           1010            0.5        110.844        1.10844
   10         0           1085            0.5        118.712        1.18712
   10         0           1160            0.5        126.528        1.26528
   10         0           1240            0.5        134.816        1.34816
   10         0           1315            0.5        142.549        1.42549
   10         0           1395            0.5        150.766        1.50766
   10         0           1475            0.5        158.957        1.58957
   10         1            114            0.5        5.69233      0.0569233
   10         1            162            0.5        12.9954       0.129954
   10         1            210            0.5        19.5868       0.195868
   10         1            262            0.5          26.49         0.2649
   10         1            318            0.5        33.7784       0.337784
   10         1            374            0.5        40.9753       0.409753
   10         1            426            0.5        47.5939       0.475939
   10         1            482            0.5        54.6586       0.546586
   10         1            538            0.5        61.6269       0.616269
   10         1            598            0.5        68.9678       0.689678
   10         1            654            0.5        75.7575       0.757575
   10         1            714            0.5        82.9656       0.829656
   10         1            770            0.5        89.6377       0.896377
   10         1            830            0.5        96.7328       0.967328
   10         1            890            0.5        103.777        1.03777
   10         1            950            0.5        110.775        1.10775
   10         1           1010            0.5        117.732        1.17732
   10         1           1070            0.5        124.649        1.24649
   10         1           1134            0.5        131.989        1.31989
   10         1           1194            0.5        138.838        1.38838
   10         2            129            0.5        6.92183      0.0692183
   10         2            173            0.5        12.5685       0.125685
   10         2            221            0.5        18.6462       0.186462
   10         2            269            0.5        24.6107       0.246107
   10         2            321            0.5        30.9354       0.309354
   10         2            369            0.5        36.6503       0.366503
   10         2            421            0.5        42.7275       0.427275
   10         2            473            0.5        48.7012       0.487012
   10         2            525            0.5        54.5841       0.545841
   10         2            581            0.5        60.8091       0.608091
   10         2            637            0.5        66.8982       0.668982
   10         2            693            0.5        72.9271       0.729271
   10         2            749            0.5        78.8909       0.788909
   10         2            805            0.5        84.8064       0.848064
   10         2            861            0.5         90.681        0.90681
   10         2            921            0.5        96.9392       0.969392
   10         2            977            0.5        102.753        1.02753
   10         2           1037            0.5        108.959        1.08959
   10         2           1093            0.5        114.736        1.14736
   10         2           1153            0.5        120.913        1.20913
   10         2           1209            0.5        126.669        1.26669
   10         2           1269            0.5        132.832        1.32832
   10         2           1329            0.5        138.992        1.38992
   10         3            113            0.5        6.90386      0.0690386
   10         3            149            0.5        12.6604       0.126604
   10         3            189            0.5        18.8326       0.188326
   10         3            229            0.5        24.8377       0.248377
   10         3            269            0.5        30.7086       0.307086
   10         3            309            0.5        36.4678       0.364678
   10         3            353            0.5        42.6938       0.426938
   10         3            397            0.5        48.8187       0.488187
   10         3            441            0.5        54.8519       0.548519
   10         3            485            0.5        60.7793       0.607793
   10         3            529            0.5        66.5766       0.665766
   10         3            577            0.5        72.8304       0.728304
   10         3            621            0.5        78.4901       0.784901
   10         3            669            0.5        84.6005       0.846005
   10         3            717            0.5        90.6506       0.906506
   10         3            765            0.5        96.6482       0.966482
   10         3            813            0.5          102.6          1.026
   10         3            861            0.5         108.51         1.0851
   10         3            913            0.5        114.872        1.14872
   10         3            961            0.5        120.712        1.20712
   10         3           1009            0.5        126.524        1.26524
   10         3           1061            0.5        132.793        1.32793
   10         3           1109            0.5        138.557        1.38557
   11         0            141            0.5        9.90945      0.0990945
   11         0            180            0.5        15.9194       0.159194
   11         0            219            0.5        21.5764       0.215764
   11         0            264            0.5         27.875        0.27875
   11         0            306            0.5        33.6178       0.336178
   11         0            351            0.5        39.6609       0.396609
   11         0            396            0.5        45.6147       0.456147
   11         0            444            0.5        51.8858       0.518858
   11         0            489            0.5        57.7026       0.577026
   11         0            537            0.5        63.7883       0.637883
   11         0            585            0.5        69.8179       0.698179
   11         0            633            0.5        75.8031       0.758031
   11         0            681            0.5        81.7544       0.817544
   11         0            729            0.5        87.6799       0.876799
   11         0            780            0.5        93.9554       0.939554
   11         0            828            0.5        99.8486       0.998486
   11         0            876            0.5        105.734        1.05734
   11         0            927            0.5        111.983        1.11983
   11         0            975            0.5        117.864        1.17864
   11         0           1023            0.5        123.749        1.23749
   11         0           1071            0.5        129.639        1.29639
   11         0           1122            0.5        135.906        1.35906
   11         1            116            0.5        8.59155      0.0859155
   11         1            155            0.5        14.8548       0.148548
   11         1            191            0.5        20.5529       0.205529
   11         1            230            0.5        26.6155       0.266155
   11         1            269            0.5         32.558        0.32558
   11         1            311            0.5        38.8201       0.388201
   11         1            353            0.5        44.9499       0.449499
   11         1            395            0.5        50.9649       0.509649
   11         1            437            0.5        56.8857       0.568857
   11         1            479            0.5        62.6826       0.626826
   11         1            524            0.5        68.8097       0.688097
   11         1            569            0.5         74.893        0.74893
   11         1            614            0.5        80.9458       0.809458
   11         1            659            0.5        86.9857       0.869857
   11         1            701            0.5        92.6211       0.926211
   11         1            746            0.5        98.6659       0.986659
   11         1            791            0.5        104.724        1.04724
   11         1            836            0.5        110.802        1.10802
   11         1            881            0.5        116.902        1.16902
   11         1            923            0.5        122.618        1.22618
   11         1            968            0.5        128.769        1.28769
   11         1           1013            0.5        134.949        1.34949
   11         1           1055            0.5        140.744        1.40744
   11         2            138            0.5        6.75892      0.0675892
   11         2            174            0.5        11.8081       0.118081
   11         2            213            0.5        16.8218       0.168218
   11         2            252            0.5        21.6742       0.216742
   11         2            294            0.5        26.8067       0.268067
   11         2            336            0.5        31.8809       0.318809
   11         2            378            0.5         36.913        0.36913
   11         2            420            0.5        41.9109       0.419109
   11         2            462            0.5        46.8781       0.468781
   11         2            504            0.5        51.8159       0.518159
   11         2            546            0.5        56.7253       0.567253
   11         2            591            0.5        61.9141       0.619141
   11         2            633            0.5        66.7005       0.667005
   11         2            678            0.5        71.8044       0.718044
   11         2            723            0.5        76.8692       0.768692
   11         2            768            0.5        81.9033       0.819033
   11         2            813            0.5        86.9075       0.869075
   11         2            858            0.5        91.8838       0.918838
   11         2            903            0.5        96.8341       0.968341
   11         2            948            0.5         101.76         1.0176
   11         2            996            0.5        106.989        1.06989
   11         2           1041            0.5        111.869        1.11869
   11         3            105            0.5        6.37384      0.0637384
   11         3            145            0.5        12.6079       0.126079
   11         3            189            0.5        18.9855       0.189855
   11         3            229            0.5        24.6253       0.246253
   11         3            273            0.5         30.716        0.30716
   11         3            317            0.5        36.7175       0.367175
   11         3            361            0.5        42.6395       0.426395
   11         3            405            0.5        48.4884       0.484884
   11         3            453            0.5        54.7894       0.547894
   11         3            501            0.5        60.9862       0.609862
   11         3            545            0.5          66.55         0.6655
   11         3            593            0.5        72.5591       0.725591
   11         3            645            0.5        78.9841       0.789841
   11         3            693            0.5        84.8496       0.848496
   11         3            741            0.5        90.6565       0.906565
   11         3            793            0.5        96.8877       0.968877
   11         3            841            0.5        102.589        1.02589
   11         3            893            0.5        108.716        1.08716
   11         3            945            0.5        114.795        1.14795
   11         3            997            0.5         120.83         1.2083
   11         3           1049            0.5        126.826        1.26826
   11         3           1101            0.5        132.785        1.32785
