 *tel    numcsi   CsIInChannel     errCsIInChannel           CsIE       errCsIE
    0         0             92            0.5        15.1955       0.151955
    0         0            146            0.5        28.1193       0.281193
    0         0            212            0.5         41.227        0.41227
    0         0            284            0.5        54.4725       0.544725
    0         0            356            0.5         67.303        0.67303
    0         0            434            0.5        80.8778       0.808778
    0         0            506            0.5        93.2273       0.932273
    0         0            584            0.5        106.437        1.06437
    0         0            662            0.5        119.486        1.19486
    0         0            740            0.5        132.388        1.32388
    0         0            818            0.5        145.156        1.45156
    0         0            902            0.5        158.769        1.58769
    0         0            980            0.5        171.295        1.71295
    0         0           1064            0.5        184.675        1.84675
    0         0           1148            0.5        197.954        1.97954
    0         0           1226            0.5        210.205        2.10205
    0         0           1310            0.5        223.323        2.23323
    0         0           1394            0.5        236.374        2.36374
    0         0           1478            0.5        249.368        2.49368
    0         0           1562            0.5        262.313        2.62313
    0         0           1646            0.5        275.217        2.75217
    0         0           1730            0.5        288.089        2.88089
    0         1             76            0.5         13.882        0.13882
    0         1            148            0.5        29.3274       0.293274
    0         1            220            0.5        44.0444       0.440444
    0         1            298            0.5        59.4167       0.594167
    0         1            376            0.5        74.2583       0.742583
    0         1            460            0.5        89.7195       0.897195
    0         1            544            0.5        104.775        1.04775
    0         1            628            0.5        119.498        1.19498
    0         1            718            0.5         134.97         1.3497
    0         1            802            0.5        149.173        1.49173
    0         1            892            0.5        164.178        1.64178
    0         1            988            0.5         179.98         1.7998
    0         1           1078            0.5        194.636        1.94636
    0         1           1168            0.5        209.161        2.09161
    0         1           1264            0.5        224.536        2.24536
    0         1           1360            0.5        239.809        2.39809
    0         1           1456            0.5        254.999        2.54999
    0         1           1546            0.5        269.179        2.69179
    0         1           1642            0.5        284.252        2.84252
    0         1           1738            0.5        299.283        2.99283
    0         1           1834            0.5        314.283        3.14283
    0         1           1930            0.5        329.263        3.29263
    0         2             93            0.5        14.7717       0.147717
    0         2            165            0.5        29.8596       0.298596
    0         2            243            0.5        45.2427       0.452427
    0         2            321            0.5         60.108        0.60108
    0         2            405            0.5        75.6058       0.756058
    0         2            489            0.5        90.6376       0.906376
    0         2            573            0.5        105.306        1.05306
    0         2            663            0.5        120.686        1.20686
    0         2            753            0.5        135.768        1.35768
    0         2            843            0.5        150.597        1.50597
    0         2            933            0.5        165.207        1.65207
    0         2           1029            0.5        180.583        1.80583
    0         2           1125            0.5        195.774        1.95774
    0         2           1221            0.5        210.805        2.10805
    0         2           1317            0.5        225.697        2.25697
    0         2           1413            0.5        240.472        2.40472
    0         2           1509            0.5        255.144        2.55144
    0         2           1611            0.5        270.639        2.70639
    0         2           1707            0.5        285.146        2.85146
    0         2           1809            0.5        300.492        3.00492
    0         2           1911            0.5        315.781        3.15781
    0         3             45            0.5        15.8341       0.158341
    0         3            111            0.5        30.1218       0.301218
    0         3            183            0.5        44.6125       0.446125
    0         3            255            0.5         58.637        0.58637
    0         3            327            0.5        72.2763       0.722763
    0         3            405            0.5         86.633        0.86633
    0         3            483            0.5        100.672        1.00672
    0         3            561            0.5        114.445        1.14445
    0         3            639            0.5        127.992        1.27992
    0         3            723            0.5        142.364        1.42364
    0         3            807            0.5        156.544        1.56544
    0         3            891            0.5        170.559        1.70559
    0         3            975            0.5        184.432        1.84432
    0         3           1059            0.5        198.182        1.98182
    0         3           1149            0.5        212.797        2.12797
    0         3           1233            0.5        226.344        2.26344
    0         3           1323            0.5        240.774        2.40774
    0         3           1407            0.5        254.176        2.54176
    0         3           1497            0.5        268.474        2.68474
    0         3           1587            0.5         282.72         2.8272
    0         3           1677            0.5        296.925        2.96925
    0         3           1761            0.5        310.153        3.10153
    1         0            106            0.5        13.5447       0.135447
    1         0            176            0.5        30.1336       0.301336
    1         0            267            0.5        47.4841       0.474841
    1         0            365            0.5        64.7494       0.647494
    1         0            463            0.5        81.3863       0.813863
    1         0            568            0.5        98.8078       0.988078
    1         0            673            0.5        115.905        1.15905
    1         0            778            0.5        132.718        1.32718
    1         0            883            0.5        149.279        1.49279
    1         0            995            0.5        166.699        1.66699
    1         0           1107            0.5        183.897        1.83897
    1         0           1219            0.5        200.904        2.00904
    1         0           1331            0.5        217.747        2.17747
    1         0           1443            0.5        234.452        2.34452
    1         0           1555            0.5        251.041        2.51041
    1         0           1674            0.5        268.563        2.68563
    1         0           1793            0.5        285.996        2.85996
    1         0           1905            0.5        302.341        3.02341
    1         0           2024            0.5        319.657        3.19657
    1         0           2143            0.5        336.935        3.36935
    1         0           2255            0.5        353.175        3.53175
    1         1             93            0.5        14.4633       0.144633
    1         1            181            0.5        31.4087       0.314087
    1         1            269            0.5        47.8008       0.478008
    1         1            365            0.5        65.1986       0.651986
    1         1            461            0.5         82.043        0.82043
    1         1            565            0.5        99.8078       0.998078
    1         1            661            0.5        115.841        1.15841
    1         1            765            0.5        132.877        1.32877
    1         1            877            0.5        150.893        1.50893
    1         1            981            0.5         167.36         1.6736
    1         1           1093            0.5        184.854        1.84854
    1         1           1197            0.5        200.905        2.00905
    1         1           1309            0.5        218.013        2.18013
    1         1           1421            0.5        234.965        2.34965
    1         1           1541            0.5        252.979        2.52979
    1         1           1653            0.5        269.677        2.69677
    1         1           1765            0.5        286.281        2.86281
    1         1           1885            0.5        303.985        3.03985
    1         1           1997            0.5        320.443        3.20443
    1         1           2109            0.5         336.85         3.3685
    1         1           2229            0.5        354.386        3.54386
    1         2             84            0.5        16.6648       0.166648
    1         2            156            0.5         31.103        0.31103
    1         2            234            0.5        46.2411       0.462411
    1         2            312            0.5        60.9627       0.609627
    1         2            396            0.5        76.3581       0.763581
    1         2            480            0.5        91.3375       0.913375
    1         2            564            0.5         105.99         1.0599
    1         2            654            0.5        121.385        1.21385
    1         2            744            0.5        136.513        1.36513
    1         2            834            0.5        151.413        1.51413
    1         2            924            0.5        166.117        1.66117
    1         2           1020            0.5        181.615        1.81615
    1         2           1116            0.5        196.948        1.96948
    1         2           1206            0.5        211.195        2.11195
    1         2           1302            0.5        226.274        2.26274
    1         2           1398            0.5        241.249        2.41249
    1         2           1494            0.5        256.137        2.56137
    1         2           1596            0.5        271.875        2.71875
    1         2           1692            0.5        286.625        2.86625
    1         2           1788            0.5        301.324        3.01324
    1         2           1890            0.5        316.899        3.16899
    1         3            104            0.5        14.1752       0.141752
    1         3            170            0.5        29.3473       0.293473
    1         3            242            0.5        44.2191       0.442191
    1         3            320            0.5        59.5639       0.595639
    1         3            398            0.5         74.323        0.74323
    1         3            482            0.5        89.6861       0.896861
    1         3            566            0.5         104.65         1.0465
    1         3            650            0.5        119.296        1.19296
    1         3            740            0.5        134.701        1.34701
    1         3            830            0.5        149.861        1.49861
    1         3            920            0.5        164.819        1.64819
    1         3           1010            0.5        179.608        1.79608
    1         3           1100            0.5        194.257        1.94257
    1         3           1196            0.5        209.754        2.09754
    1         3           1286            0.5        224.182        2.24182
    1         3           1382            0.5        239.485        2.39485
    1         3           1478            0.5        254.715        2.54715
    1         3           1574            0.5        269.888        2.69888
    1         3           1664            0.5        284.071        2.84071
    1         3           1760            0.5        299.169        2.99169
    1         3           1856            0.5        314.243        3.14243
    2         0             74            0.5        13.5991       0.135991
    2         0            134            0.5        27.6103       0.276103
    2         0            206            0.5        41.5227       0.415227
    2         0            284            0.5        55.8805       0.558805
    2         0            362            0.5        69.9563       0.699563
    2         0            440            0.5        83.7145       0.837145
    2         0            518            0.5        97.2224       0.972224
    2         0            602            0.5        111.495        1.11495
    2         0            686            0.5        125.501        1.25501
    2         0            770            0.5        139.262        1.39262
    2         0            860            0.5        153.764        1.53764
    2         0            944            0.5        167.097        1.67097
    2         0           1034            0.5        181.192        1.81192
    2         0           1124            0.5        195.114        1.95114
    2         0           1220            0.5        209.799        2.09799
    2         0           1310            0.5        223.431        2.23431
    2         0           1406            0.5         237.85         2.3785
    2         0           1496            0.5        251.269        2.51269
    2         0           1592            0.5        265.494        2.65494
    2         0           1688            0.5        279.641        2.79641
    2         0           1784            0.5        293.724        2.93724
    2         1            102            0.5        11.8443       0.118443
    2         1            157            0.5         26.977        0.26977
    2         1            217            0.5        40.7644       0.407644
    2         1            282            0.5        54.4913       0.544913
    2         1            352            0.5        68.6042       0.686042
    2         1            422            0.5        82.2149       0.822149
    2         1            497            0.5        96.4639       0.964639
    2         1            572            0.5        110.445        1.10445
    2         1            647            0.5         124.21         1.2421
    2         1            727            0.5        138.694        1.38694
    2         1            802            0.5        152.118        1.52118
    2         1            882            0.5        166.296        1.66296
    2         1            962            0.5        180.354        1.80354
    2         1           1042            0.5         194.31         1.9431
    2         1           1122            0.5        208.183        2.08183
    2         1           1207            0.5        222.849        2.22849
    2         1           1287            0.5        236.596        2.36596
    2         1           1367            0.5        250.302        2.50302
    2         1           1452            0.5        264.832        2.64832
    2         1           1532            0.5        278.484        2.78484
    2         1           1617            0.5        292.976        2.92976
    2         2             76            0.5        13.9967       0.139967
    2         2            126            0.5        24.4636       0.244636
    2         2            181            0.5        35.4955       0.354955
    2         2            236            0.5        46.1341       0.461341
    2         2            296            0.5        57.3774       0.573774
    2         2            356            0.5        68.2689       0.682689
    2         2            421            0.5        79.6812       0.796812
    2         2            486            0.5        90.8058       0.908058
    2         2            551            0.5        101.685        1.01685
    2         2            616            0.5        112.356        1.12356
    2         2            686            0.5        123.652        1.23652
    2         2            756            0.5        134.774        1.34774
    2         2            826            0.5        145.747        1.45747
    2         2            896            0.5        156.593        1.56593
    2         2            966            0.5         167.33         1.6733
    2         2           1041            0.5         178.73         1.7873
    2         2           1111            0.5        189.287        1.89287
    2         2           1186            0.5        200.521        2.00521
    2         2           1261            0.5        211.687        2.11687
    2         2           1336            0.5        222.797        2.22797
    2         2           1411            0.5        233.859        2.33859
    2         2           1486            0.5        244.881        2.44881
    2         3             99            0.5        11.4684       0.114684
    2         3            149            0.5         24.917        0.24917
    2         3            219            0.5        39.9009       0.399009
    2         3            289            0.5        53.6376       0.536376
    2         3            364            0.5         67.847        0.67847
    2         3            439            0.5        81.6412       0.816412
    2         3            514            0.5        95.1505       0.951505
    2         3            594            0.5        109.281        1.09281
    2         3            674            0.5        123.154        1.23154
    2         3            759            0.5         137.64         1.3764
    2         3            844            0.5        151.896        1.51896
    2         3            929            0.5        165.949        1.65949
    2         3           1014            0.5        179.824        1.79824
    2         3           1099            0.5        193.546        1.93546
    2         3           1189            0.5        207.927        2.07927
    2         3           1274            0.5        221.391        2.21391
    2         3           1364            0.5        235.539        2.35539
    2         3           1454            0.5        249.594        2.49594
    2         3           1544            0.5        263.569        2.63569
    2         3           1634            0.5        277.478        2.77478
    2         3           1724            0.5        291.332        2.91332
    3         0             81            0.5        14.9927       0.149927
    3         0            126            0.5        25.9777       0.259777
    3         0            176            0.5        36.2482       0.362482
    3         0            236            0.5        47.5238       0.475238
    3         0            296            0.5        58.3115       0.583115
    3         0            361            0.5        69.6652       0.696652
    3         0            426            0.5        80.7152       0.807152
    3         0            491            0.5        91.5681       0.915681
    3         0            556            0.5        102.245        1.02245
    3         0            626            0.5        113.568        1.13568
    3         0            696            0.5        124.726        1.24726
    3         0            766            0.5        135.738        1.35738
    3         0            836            0.5        146.617        1.46617
    3         0            906            0.5        157.377        1.57377
    3         0            981            0.5        168.787        1.68787
    3         0           1051            0.5        179.338        1.79338
    3         0           1126            0.5        190.549        1.90549
    3         0           1201            0.5        201.674        2.01674
    3         0           1276            0.5        212.723        2.12723
    3         0           1351            0.5        223.706        2.23706
    3         0           1426            0.5         234.63         2.3463
    3         0           1501            0.5        245.503        2.45503
    3         1            106            0.5        15.4891       0.154891
    3         1            150            0.5        25.5893       0.255893
    3         1            194            0.5         35.153        0.35153
    3         1            246            0.5        45.9076       0.459076
    3         1            294            0.5        55.3982       0.553982
    3         1            346            0.5         65.293        0.65293
    3         1            402            0.5        75.4987       0.754987
    3         1            458            0.5        85.3619       0.853619
    3         1            518            0.5        95.6229       0.956229
    3         1            578            0.5        105.629        1.05629
    3         1            638            0.5        115.428        1.15428
    3         1            702            0.5        125.694        1.25694
    3         1            766            0.5        135.804        1.35804
    3         1            830            0.5        145.786        1.45786
    3         1            894            0.5        155.664        1.55664
    3         1            958            0.5        165.456        1.65456
    3         1           1026            0.5        175.786        1.75786
    3         1           1090            0.5        185.451        1.85451
    3         1           1158            0.5        195.672        1.95672
    3         1           1226            0.5        205.855        2.05855
    3         1           1290            0.5        215.413        2.15413
    3         2             97            0.5        15.9062       0.159062
    3         2            127            0.5        25.2678       0.252678
    3         2            163            0.5        35.8072       0.358072
    3         2            199            0.5        45.7922       0.457922
    3         2            235            0.5        55.3464       0.553464
    3         2            274            0.5        65.3216       0.653216
    3         2            316            0.5        75.6424       0.756424
    3         2            358            0.5        85.6522       0.856522
    3         2            400            0.5        95.4152       0.954152
    3         2            445            0.5        105.659        1.05659
    3         2            490            0.5        115.722        1.15722
    3         2            535            0.5        125.639        1.25639
    3         2            580            0.5        135.437        1.35437
    3         2            628            0.5        145.783        1.45783
    3         2            673            0.5        155.402        1.55402
    3         2            721            0.5        165.593        1.65593
    3         2            769            0.5        175.729        1.75729
    3         2            817            0.5        185.821        1.85821
    3         2            865            0.5         195.88         1.9588
    3         2            913            0.5        205.914        2.05914
    3         2            961            0.5        215.933        2.15933
    3         2           1009            0.5        225.942        2.25942
    3         3             81            0.5         13.961        0.13961
    3         3            126            0.5          24.85         0.2485
    3         3            176            0.5        35.2466       0.352466
    3         3            236            0.5        46.7873       0.467873
    3         3            296            0.5         57.776        0.57776
    3         3            356            0.5        68.3513       0.683513
    3         3            421            0.5        79.3717       0.793717
    3         3            491            0.5        90.8904       0.908904
    3         3            556            0.5        101.314        1.01314
    3         3            626            0.5        112.294        1.12294
    3         3            701            0.5        123.824        1.23824
    3         3            771            0.5          134.4          1.344
    3         3            846            0.5        145.567        1.45567
    3         3            921            0.5        156.589        1.56589
    3         3            996            0.5        167.489        1.67489
    3         3           1071            0.5        178.288        1.78288
    3         3           1151            0.5        189.712        1.89712
    3         3           1226            0.5        200.349        2.00349
    3         3           1306            0.5        211.631        2.11631
    3         3           1386            0.5        222.858        2.22858
    3         3           1461            0.5        233.345        2.33345
    3         3           1541            0.5        244.497        2.44497
    4         0            111            0.5         10.937        0.10937
    4         0            156            0.5        21.3727       0.213727
    4         0            216            0.5         32.595        0.32595
    4         0            281            0.5        43.4227       0.434227
    4         0            351            0.5         54.413        0.54413
    4         0            426            0.5        65.7416       0.657416
    4         0            501            0.5        76.6569       0.766569
    4         0            581            0.5        87.9788       0.879788
    4         0            656            0.5        98.3385       0.983385
    4         0            741            0.5        109.825        1.09825
    4         0            821            0.5        120.422        1.20422
    4         0            906            0.5        131.483        1.31483
    4         0            991            0.5        142.366        1.42366
    4         0           1081            0.5        153.719        1.53719
    4         0           1171            0.5        164.922        1.64922
    4         0           1261            0.5        175.993        1.75993
    4         0           1351            0.5        186.951        1.86951
    4         0           1441            0.5        197.809        1.97809
    4         0           1531            0.5        208.582        2.08582
    4         0           1626            0.5        219.874        2.19874
    4         0           1716            0.5        230.506        2.30506
    4         1             78            0.5        10.9082       0.109082
    4         1            132            0.5        22.8975       0.228975
    4         1            192            0.5        33.8356       0.338356
    4         1            258            0.5        44.4131       0.444131
    4         1            336            0.5        55.9341       0.559341
    4         1            414            0.5        66.9191       0.669191
    4         1            492            0.5        77.5095       0.775095
    4         1            576            0.5        88.6747       0.886747
    4         1            660            0.5        99.6535       0.996535
    4         1            744            0.5        110.485        1.10485
    4         1            834            0.5        121.953        1.21953
    4         1            918            0.5        132.544        1.32544
    4         1           1008            0.5        143.787        1.43787
    4         1           1098            0.5        154.931        1.54931
    4         1           1188            0.5        165.989        1.65989
    4         1           1278            0.5        176.969        1.76969
    4         1           1368            0.5         187.88         1.8788
    4         1           1458            0.5        198.729        1.98729
    4         1           1548            0.5        209.523        2.09523
    4         1           1644            0.5        220.984        2.20984
    4         1           1734            0.5        231.685        2.31685
    4         1           1824            0.5        242.351        2.42351
    4         2            104            0.5        10.2825       0.102825
    4         2            152            0.5        21.4096       0.214096
    4         2            206            0.5        32.0711       0.320711
    4         2            272            0.5        43.7602       0.437602
    4         2            338            0.5        54.6463       0.546463
    4         2            410            0.5        65.9835       0.659835
    4         2            482            0.5        76.8569       0.768569
    4         2            554            0.5        87.4352       0.874352
    4         2            632            0.5        98.6356       0.986356
    4         2            710            0.5         109.62         1.0962
    4         2            788            0.5        120.424        1.20424
    4         2            872            0.5        131.889        1.31889
    4         2            950            0.5        142.399        1.42399
    4         2           1034            0.5        153.589        1.53589
    4         2           1118            0.5        164.663        1.64663
    4         2           1202            0.5        175.636        1.75636
    4         2           1286            0.5        186.522        1.86522
    4         2           1370            0.5         197.33         1.9733
    4         2           1460            0.5        208.836        2.08836
    4         2           1544            0.5        219.514        2.19514
    4         2           1634            0.5        230.899        2.30899
    4         2           1718            0.5         241.48         2.4148
    4         3            103            0.5        11.7314       0.117314
    4         3            143            0.5        21.1594       0.211594
    4         3            193            0.5        31.2208       0.312208
    4         3            248            0.5        41.1977       0.411977
    4         3            308            0.5        51.3826       0.513826
    4         3            373            0.5        61.9232       0.619232
    4         3            433            0.5        71.3069       0.713069
    4         3            503            0.5        81.9052       0.819052
    4         3            568            0.5        91.5073       0.915073
    4         3            638            0.5        101.632        1.01632
    4         3            708            0.5        111.562        1.11562
    4         3            778            0.5        121.325        1.21325
    4         3            853            0.5        131.622        1.31622
    4         3            928            0.5        141.771        1.41771
    4         3           1003            0.5        151.788        1.51788
    4         3           1078            0.5        161.689        1.61689
    4         3           1153            0.5        171.487        1.71487
    4         3           1233            0.5        181.838        1.81838
    4         3           1308            0.5        191.459        1.91459
    4         3           1388            0.5        201.642        2.01642
    4         3           1468            0.5        211.753        2.11753
    5         0             89            0.5        12.9887       0.129887
    5         0            139            0.5        23.3523       0.233523
    5         0            194            0.5         33.165        0.33165
    5         0            259            0.5        43.8714       0.438714
    5         0            319            0.5        53.3137       0.533137
    5         0            389            0.5        63.9599       0.639599
    5         0            454            0.5        73.5436       0.735436
    5         0            524            0.5        83.5946       0.835946
    5         0            594            0.5          93.42         0.9342
    5         0            669            0.5        103.732        1.03732
    5         0            744            0.5         113.85         1.1385
    5         0            819            0.5        123.796        1.23796
    5         0            894            0.5        133.591        1.33591
    5         0            974            0.5        143.891        1.43891
    5         0           1049            0.5        153.426        1.53426
    5         0           1129            0.5        163.482        1.63482
    5         0           1209            0.5        173.432        1.73432
    5         0           1294            0.5        183.903        1.83903
    5         0           1374            0.5        193.673        1.93673
    5         0           1459            0.5        203.976        2.03976
    5         0           1539            0.5        213.608        2.13608
    5         0           1624            0.5        223.781        2.23781
    5         1             86            0.5        9.95622      0.0995622
    5         1            149            0.5        20.8852       0.208852
    5         1            212            0.5        30.6403       0.306403
    5         1            282            0.5        40.6031       0.406031
    5         1            359            0.5        50.8341       0.508341
    5         1            436            0.5        60.5067       0.605067
    5         1            520            0.5        70.5904       0.705904
    5         1            604            0.5        80.2562       0.802562
    5         1            695            0.5        90.4146       0.904146
    5         1            786            0.5         100.32         1.0032
    5         1            884            0.5        110.772        1.10772
    5         1            975            0.5        120.321        1.20321
    5         1           1073            0.5        130.476        1.30476
    5         1           1171            0.5        140.527        1.40527
    5         1           1269            0.5        150.498        1.50498
    5         1           1367            0.5        160.408        1.60408
    5         1           1472            0.5        170.976        1.70976
    5         1           1570            0.5        180.806        1.80806
    5         1           1668            0.5        190.614        1.90614
    5         1           1766            0.5         200.41         2.0041
    5         1           1871            0.5        210.898        2.10898
    5         1           1969            0.5        220.689        2.20689
    5         2             79            0.5        12.0482       0.120482
    5         2            127            0.5        21.3914       0.213914
    5         2            187            0.5        30.9403       0.309403
    5         2            247            0.5        39.5597       0.395597
    5         2            313            0.5        48.5593       0.485593
    5         2            379            0.5        57.2834       0.572834
    5         2            451            0.5        66.5584       0.665584
    5         2            523            0.5        75.5762       0.755762
    5         2            595            0.5        84.4064       0.844064
    5         2            673            0.5        93.7766       0.937766
    5         2            751            0.5        102.967        1.02967
    5         2            829            0.5        111.993        1.11993
    5         2            907            0.5        120.872        1.20872
    5         2            985            0.5        129.616        1.29616
    5         2           1069            0.5        138.897        1.38897
    5         2           1147            0.5        147.402        1.47402
    5         2           1231            0.5        156.449        1.56449
    5         2           1315            0.5        165.393        1.65393
    5         2           1405            0.5        174.873        1.74873
    5         2           1489            0.5        183.634        1.83634
    5         2           1579            0.5        192.938        1.92938
    5         2           1663            0.5        201.551        2.01551
    5         3             99            0.5        11.7553       0.117553
    5         3            171            0.5         21.126        0.21126
    5         3            261            0.5        30.4574       0.304574
    5         3            360            0.5        39.6592       0.396592
    5         3            459            0.5        48.3702       0.483702
    5         3            567            0.5        57.5428       0.575428
    5         3            675            0.5         66.421        0.66421
    5         3            792            0.5        75.7256       0.757256
    5         3            909            0.5        84.7824       0.847824
    5         3           1026            0.5        93.6182       0.936182
    5         3           1152            0.5        102.922        1.02922
    5         3           1269            0.5        111.387        1.11387
    5         3           1404            0.5        120.974        1.20974
    5         3           1530            0.5        129.769        1.29769
    5         3           1656            0.5        138.434        1.38434
    5         3           1791            0.5        147.592        1.47592
    5         3           1926            0.5        156.635        1.56635
    5         3           2061            0.5        165.578        1.65578
    5         3           2196            0.5        174.434        1.74434
    5         3           2340            0.5        183.796        1.83796
    5         3           2475            0.5        192.504        1.92504
    5         3           2619            0.5        201.729        2.01729
    6         0             70            0.5        12.7648       0.127648
    6         0            115            0.5        24.0241       0.240241
    6         0            170            0.5        35.1668       0.351668
    6         0            235            0.5        46.7979       0.467979
    6         0            300            0.5        57.6133       0.576133
    6         0            370            0.5        68.7021       0.687021
    6         0            440            0.5        79.3068       0.793068
    6         0            515            0.5        90.3125       0.903125
    6         0            595            0.5         101.72         1.0172
    6         0            675            0.5        112.847        1.12847
    6         0            755            0.5        123.742        1.23742
    6         0            835            0.5        134.441        1.34441
    6         0            920            0.5        145.627        1.45627
    6         0           1005            0.5        156.654        1.56654
    6         0           1090            0.5        167.548        1.67548
    6         0           1180            0.5        178.958        1.78958
    6         0           1265            0.5        189.635        1.89635
    6         0           1355            0.5        200.852        2.00852
    6         0           1445            0.5        211.992        2.11992
    6         0           1530            0.5        222.455        2.22455
    6         0           1620            0.5        233.483        2.33483
    6         1             77            0.5        13.3321       0.133321
    6         1            131            0.5        24.8269       0.248269
    6         1            191            0.5        35.4395       0.354395
    6         1            257            0.5        46.1959       0.461959
    6         1            329            0.5        57.4481       0.574481
    6         1            401            0.5        68.3632       0.683632
    6         1            479            0.5        79.8464       0.798464
    6         1            551            0.5        90.2223       0.902223
    6         1            629            0.5        101.247        1.01247
    6         1            713            0.5        112.898        1.12898
    6         1            791            0.5        123.538        1.23538
    6         1            875            0.5        134.825        1.34825
    6         1            959            0.5        145.958        1.45958
    6         1           1043            0.5        156.956        1.56956
    6         1           1127            0.5        167.835        1.67835
    6         1           1211            0.5        178.611        1.78611
    6         1           1295            0.5        189.297        1.89297
    6         1           1385            0.5        200.659        2.00659
    6         1           1475            0.5        211.945        2.11945
    6         1           1559            0.5        222.419        2.22419
    6         1           1649            0.5        233.587        2.33587
    6         1           1739            0.5        244.708        2.44708
    6         2             86            0.5        13.9639       0.139639
    6         2            126            0.5        22.4217       0.224217
    6         2            171            0.5        31.3329       0.313329
    6         2            221            0.5        40.3912       0.403912
    6         2            276            0.5        49.5777       0.495777
    6         2            336            0.5        58.9151       0.589151
    6         2            396            0.5        67.7377       0.677377
    6         2            461            0.5        76.8012       0.768012
    6         2            526            0.5        85.5296       0.855296
    6         2            596            0.5        94.6392       0.946392
    6         2            666            0.5        103.525        1.03525
    6         2            741            0.5        112.857        1.12857
    6         2            811            0.5        121.435        1.21435
    6         2            886            0.5        130.518        1.30518
    6         2            961            0.5         139.52         1.3952
    6         2           1036            0.5        148.462        1.48462
    6         2           1116            0.5        157.955        1.57955
    6         2           1191            0.5        166.829        1.66829
    6         2           1266            0.5        175.689        1.75689
    6         2           1341            0.5        184.545        1.84545
    6         2           1421            0.5        193.996        1.93996
    6         3             92            0.5        13.9593       0.139593
    6         3            127            0.5        22.5907       0.225907
    6         3            172            0.5        31.8081       0.318081
    6         3            222            0.5        40.7779       0.407779
    6         3            277            0.5        49.8758       0.498758
    6         3            332            0.5        58.5385       0.585385
    6         3            392            0.5        67.7105       0.677105
    6         3            452            0.5        76.6214       0.766214
    6         3            512            0.5        85.3812       0.853812
    6         3            577            0.5        94.7215       0.947215
    6         3            642            0.5        103.932        1.03932
    6         3            702            0.5         112.33         1.1233
    6         3            767            0.5        121.327        1.21327
    6         3            837            0.5         130.91         1.3091
    6         3            902            0.5        139.718        1.39718
    6         3            967            0.5        148.446        1.48446
    6         3           1037            0.5        157.764        1.57764
    6         3           1102            0.5        166.348        1.66348
    6         3           1172            0.5        175.526        1.75526
    6         3           1242            0.5        184.639        1.84639
    6         3           1312            0.5        193.695        1.93695
    6         3           1382            0.5          202.7          2.027
    7         0             97            0.5        11.7712       0.117712
    7         0            142            0.5        21.5576       0.215576
    7         0            192            0.5        30.8175       0.308175
    7         0            242            0.5        39.4761       0.394761
    7         0            297            0.5        48.5678       0.485678
    7         0            352            0.5        57.3362       0.573362
    7         0            412            0.5        66.5882       0.665882
    7         0            472            0.5        75.5171       0.755171
    7         0            537            0.5        84.9336       0.849336
    7         0            597            0.5        93.4215       0.934215
    7         0            662            0.5        102.432        1.02432
    7         0            732            0.5        111.951        1.11951
    7         0            797            0.5        120.643        1.20643
    7         0            867            0.5        129.866        1.29866
    7         0            937            0.5        138.964        1.38964
    7         0           1007            0.5        147.954        1.47954
    7         0           1077            0.5        156.849        1.56849
    7         0           1147            0.5         165.66         1.6566
    7         0           1217            0.5        174.397        1.74397
    7         0           1292            0.5        183.686        1.83686
    7         0           1367            0.5         192.91         1.9291
    7         0           1437            0.5        201.467        2.01467
    7         1             90            0.5        11.1186       0.111186
    7         1            130            0.5        20.2631       0.202631
    7         1            180            0.5        29.8712       0.298712
    7         1            230            0.5        38.3553       0.383553
    7         1            290            0.5        47.7048       0.477048
    7         1            350            0.5        56.5094       0.565094
    7         1            415            0.5        65.6725       0.656725
    7         1            480            0.5        74.5021       0.745021
    7         1            550            0.5        83.7715       0.837715
    7         1            620            0.5        92.8496       0.928496
    7         1            690            0.5        101.776        1.01776
    7         1            760            0.5        110.574        1.10574
    7         1            835            0.5        119.879        1.19879
    7         1            905            0.5        128.466        1.28466
    7         1            980            0.5        137.573        1.37573
    7         1           1055            0.5        146.595        1.46595
    7         1           1130            0.5        155.543        1.55543
    7         1           1205            0.5        164.424        1.64424
    7         1           1285            0.5        173.833        1.73833
    7         1           1360            0.5        182.601        1.82601
    7         1           1440            0.5        191.902        1.91902
    7         2            110            0.5        11.5794       0.115794
    7         2            142            0.5        18.9971       0.189971
    7         2            174            0.5        25.4682       0.254682
    7         2            214            0.5        32.8056       0.328056
    7         2            254            0.5        39.6277       0.396277
    7         2            298            0.5        46.7367       0.467367
    7         2            342            0.5         53.541        0.53541
    7         2            390            0.5        60.7159       0.607159
    7         2            438            0.5        67.6582       0.676582
    7         2            490            0.5         74.921        0.74921
    7         2            538            0.5        81.4629       0.814629
    7         2            594            0.5        88.9192       0.889192
    7         2            646            0.5        95.6985       0.956985
    7         2            702            0.5        102.864        1.02864
    7         2            758            0.5        109.906        1.09906
    7         2            814            0.5        116.839        1.16839
    7         2            870            0.5        123.677        1.23677
    7         2            930            0.5        130.909        1.30909
    7         2            986            0.5         137.58         1.3758
    7         2           1046            0.5        144.652        1.44652
    7         2           1106            0.5        151.656        1.51656
    7         2           1166            0.5        158.598        1.58598
    7         2           1230            0.5        165.942        1.65942
    7         3             82            0.5        12.3981       0.123981
    7         3            130            0.5         21.964        0.21964
    7         3            182            0.5        30.9539       0.309539
    7         3            234            0.5        39.5056       0.395056
    7         3            290            0.5        48.4406       0.484406
    7         3            350            0.5        57.7937       0.577937
    7         3            410            0.5        66.9412       0.669412
    7         3            470            0.5        75.8608       0.758608
    7         3            530            0.5        84.6299       0.846299
    7         3            594            0.5         93.831        0.93831
    7         3            658            0.5        102.897        1.02897
    7         3            722            0.5        111.843        1.11843
    7         3            786            0.5        120.681        1.20681
    7         3            854            0.5        129.965        1.29965
    7         3            918            0.5        138.612        1.38612
    7         3            986            0.5        147.713        1.47713
    7         3           1054            0.5        156.731        1.56731
    7         3           1122            0.5        165.674        1.65674
    7         3           1190            0.5        174.549        1.74549
    7         3           1262            0.5        183.879        1.83879
    7         3           1330            0.5        192.632        1.92632
    8         0            103            0.5        11.6026       0.116026
    8         0            139            0.5        19.5477       0.195477
    8         0            183            0.5        27.9436       0.279436
    8         0            227            0.5        35.5334       0.355334
    8         0            279            0.5        43.8691       0.438691
    8         0            331            0.5        51.7369       0.517369
    8         0            387            0.5        59.8337       0.598337
    8         0            443            0.5        67.6315       0.676315
    8         0            503            0.5         75.665        0.75665
    8         0            567            0.5        83.9868       0.839868
    8         0            627            0.5        91.5883       0.915883
    8         0            691            0.5         99.522        0.99522
    8         0            759            0.5        107.784        1.07784
    8         0            827            0.5        115.899        1.15899
    8         0            895            0.5        123.889        1.23889
    8         0            963            0.5        131.773        1.31773
    8         0           1031            0.5        139.564        1.39564
    8         0           1103            0.5        147.726        1.47726
    8         0           1175            0.5        155.812        1.55812
    8         0           1247            0.5        163.832        1.63832
    8         0           1319            0.5        171.795        1.71795
    8         1            131            0.5        12.8454       0.128454
    8         1            175            0.5         20.915        0.20915
    8         1            219            0.5        28.4527       0.284527
    8         1            271            0.5        36.7995       0.367995
    8         1            323            0.5        44.6495       0.446495
    8         1            379            0.5          52.64         0.5264
    8         1            439            0.5        60.7547       0.607547
    8         1            499            0.5        68.5039       0.685039
    8         1            567            0.5        76.8741       0.768741
    8         1            635            0.5        84.9488       0.849488
    8         1            703            0.5        92.7819       0.927819
    8         1            775            0.5        100.873        1.00873
    8         1            847            0.5        108.801        1.08801
    8         1            919            0.5        116.601        1.16601
    8         1            995            0.5        124.726        1.24726
    8         1           1071            0.5        132.765        1.32765
    8         1           1147            0.5        140.736        1.40736
    8         1           1223            0.5        148.657        1.48657
    8         1           1303            0.5        156.951        1.56951
    8         1           1379            0.5        164.802        1.64802
    8         2            105            0.5        10.7183       0.107183
    8         2            145            0.5        20.2835       0.202835
    8         2            195            0.5        29.8818       0.298818
    8         2            245            0.5        38.3949       0.383949
    8         2            305            0.5        47.9427       0.479427
    8         2            360            0.5        56.3338       0.563338
    8         2            425            0.5        65.9139       0.659139
    8         2            485            0.5        74.4663       0.744663
    8         2            550            0.5        83.4891       0.834891
    8         2            620            0.5        92.9616       0.929616
    8         2            685            0.5        101.561        1.01561
    8         2            755            0.5        110.633        1.10633
    8         2            825            0.5        119.531        1.19531
    8         2            900            0.5        128.895        1.28895
    8         2            970            0.5        137.491        1.37491
    8         2           1045            0.5        146.567        1.46567
    8         2           1120            0.5        155.517        1.55517
    8         2           1200            0.5        164.942        1.64942
    8         2           1275            0.5        173.675        1.73675
    8         2           1355            0.5        182.893        1.82893
    8         2           1430            0.5        191.454        1.91454
    8         3            114            0.5        13.8678       0.138678
    8         3            147            0.5        20.9089       0.209089
    8         3            183            0.5        27.7705       0.277705
    8         3            222            0.5        34.8185       0.348185
    8         3            261            0.5        41.6205       0.416205
    8         3            303            0.5        48.7487       0.487487
    8         3            345            0.5        55.7093       0.557093
    8         3            387            0.5        62.5247       0.625247
    8         3            432            0.5        69.6847       0.696847
    8         3            477            0.5        76.6752       0.766752
    8         3            522            0.5        83.5583       0.835583
    8         3            570            0.5        90.7809       0.907809
    8         3            618            0.5        97.8974       0.978974
    8         3            666            0.5        104.917        1.04917
    8         3            714            0.5         111.85         1.1185
    8         3            762            0.5        118.702        1.18702
    8         3            813            0.5        125.904        1.25904
    8         3            861            0.5        132.612        1.32612
    8         3            912            0.5        139.673        1.39673
    8         3            963            0.5        146.671        1.46671
    9         0            113            0.5        11.2962       0.112962
    9         0            153            0.5        19.6911       0.196911
    9         0            197            0.5        27.4953       0.274953
    9         0            245            0.5        35.4374       0.354374
    9         0            297            0.5        43.6702       0.436702
    9         0            349            0.5        51.6399       0.516399
    9         0            405            0.5        59.9881       0.599881
    9         0            457            0.5        67.5612       0.675612
    9         0            513            0.5        75.4959       0.754959
    9         0            573            0.5        83.8282       0.838282
    9         0            633            0.5        91.9979       0.919979
    9         0            689            0.5        99.4968       0.994968
    9         0            753            0.5        107.933        1.07933
    9         0            813            0.5        115.724        1.15724
    9         0            877            0.5        123.923        1.23923
    9         0            937            0.5        131.514        1.31514
    9         0           1001            0.5        139.518        1.39518
    9         0           1069            0.5        147.927        1.47927
    9         0           1133            0.5        155.758        1.55758
    9         0           1201            0.5        163.999        1.63999
    9         1            100            0.5        13.1145       0.131145
    9         1            144            0.5        21.9257       0.219257
    9         1            188            0.5        29.5198       0.295198
    9         1            240            0.5        37.9714       0.379714
    9         1            288            0.5        45.4958       0.454958
    9         1            340            0.5        53.4406       0.534406
    9         1            396            0.5        61.8078       0.618078
    9         1            448            0.5        69.4311       0.694311
    9         1            504            0.5         77.457        0.77457
    9         1            564            0.5        85.9245       0.859245
    9         1            620            0.5        93.7082       0.937082
    9         1            680            0.5        101.937        1.01937
    9         1            736            0.5        109.523        1.09523
    9         1            796            0.5        117.559        1.17559
    9         1            856            0.5        125.507        1.25507
    9         1            920            0.5        133.898        1.33898
    9         1            980            0.5        141.688        1.41688
    9         1           1044            0.5        149.923        1.49923
    9         1           1104            0.5        157.578        1.57578
    9         1           1168            0.5        165.678        1.65678
    9         1           1232            0.5        173.716        1.73716
    9         1           1296            0.5        181.697        1.81697
    9         2            127            0.5        14.7993       0.147993
    9         2            171            0.5        22.7818       0.227818
    9         2            219            0.5        30.4037       0.304037
    9         2            275            0.5        38.7958       0.387958
    9         2            331            0.5        46.8995       0.468995
    9         2            387            0.5        54.8127       0.548127
    9         2            443            0.5        62.5753       0.625753
    9         2            503            0.5        70.7401       0.707401
    9         2            563            0.5        78.7409       0.787409
    9         2            623            0.5        86.6364       0.866364
    9         2            687            0.5        94.9475       0.949475
    9         2            747            0.5        102.649        1.02649
    9         2            811            0.5        110.776        1.10776
    9         2            875            0.5        118.822        1.18822
    9         2            939            0.5        126.794        1.26794
    9         2           1003            0.5        134.697        1.34697
    9         2           1067            0.5        142.538        1.42538
    9         2           1135            0.5        150.806        1.50806
    9         2           1199            0.5        158.533        1.58533
    9         2           1267            0.5        166.688        1.66688
    9         2           1335            0.5        174.792        1.74792
    9         2           1403            0.5        182.848        1.82848
    9         3            115            0.5        11.9619       0.119619
    9         3            145            0.5        18.5814       0.185814
    9         3            184            0.5         25.843        0.25843
    9         3            223            0.5        32.5282       0.325282
    9         3            268            0.5        39.8625       0.398625
    9         3            313            0.5        46.9248       0.469248
    9         3            358            0.5         53.794        0.53794
    9         3            406            0.5         60.944        0.60944
    9         3            454            0.5        67.9419       0.679419
    9         3            502            0.5        74.7627       0.747627
    9         3            553            0.5        81.8856       0.818856
    9         3            604            0.5        88.8878       0.888878
    9         3            655            0.5        95.7857       0.957857
    9         3            709            0.5        102.987        1.02987
    9         3            760            0.5        109.702        1.09702
    9         3            814            0.5        116.729        1.16729
    9         3            868            0.5        123.678        1.23678
    9         3            925            0.5        130.937        1.30937
    9         3            979            0.5        137.748        1.37748
    9         3           1036            0.5        144.873        1.44873
    9         3           1093            0.5        151.938        1.51938
   10         0            103            0.5        9.19266      0.0919266
   10         0            131            0.5        15.2817       0.152817
   10         0            167            0.5        21.8142       0.218142
   10         0            203            0.5        27.6139       0.276139
   10         0            243            0.5        33.6115       0.336115
   10         0            287            0.5        39.9004       0.399004
   10         0            331            0.5        45.9781       0.459781
   10         0            375            0.5        51.8989       0.518989
   10         0            419            0.5        57.6983       0.576983
   10         0            467            0.5        63.8904       0.638904
   10         0            515            0.5        69.9486       0.699486
   10         0            563            0.5        75.8603       0.758603
   10         0            611            0.5        81.6752       0.816752
   10         0            663            0.5        87.8612       0.878612
   10         0            715            0.5        93.9416       0.939416
   10         0            767            0.5        99.9248       0.999248
   10         0            819            0.5        105.818        1.05818
   10         0            871            0.5        111.629        1.11629
   10         0            927            0.5        117.801        1.17801
   10         0            983            0.5        123.893        1.23893
   10         0           1039            0.5        129.909        1.29909
   10         0           1095            0.5        135.856        1.35856
   10         0           1151            0.5        141.739        1.41739
   10         1            110            0.5        10.7889       0.107889
   10         1            146            0.5        17.8443       0.178443
   10         1            186            0.5        24.4416       0.244416
   10         1            234            0.5          31.79         0.3179
   10         1            282            0.5        38.8201       0.388201
   10         1            330            0.5        45.6475       0.456475
   10         1            382            0.5        52.8734       0.528734
   10         1            434            0.5          59.97         0.5997
   10         1            486            0.5        66.9348       0.669348
   10         1            538            0.5        73.7488       0.737488
   10         1            594            0.5         80.974        0.80974
   10         1            646            0.5         87.589        0.87589
   10         1            702            0.5        94.6215       0.946215
   10         1            758            0.5        101.568        1.01568
   10         1            818            0.5        108.923        1.08923
   10         1            874            0.5        115.713        1.15713
   10         1            934            0.5        122.914        1.22914
   10         1            990            0.5        129.571        1.29571
   10         1           1050            0.5         136.64         1.3664
   10         1           1110            0.5        143.647        1.43647
   10         1           1170            0.5        150.597        1.50597
   10         1           1234            0.5        157.951        1.57951
   10         2            125            0.5        10.6056       0.106056
   10         2            165            0.5         17.549        0.17549
   10         2            209            0.5        24.6513       0.246513
   10         2            257            0.5        31.9951       0.319951
   10         2            305            0.5        38.9976       0.389976
   10         2            353            0.5        45.7128       0.457128
   10         2            405            0.5        52.7199       0.527199
   10         2            461            0.5        59.9873       0.599873
   10         2            513            0.5        66.5132       0.665132
   10         2            573            0.5         73.774        0.73774
   10         2            633            0.5        80.8223       0.808223
   10         2            693            0.5        87.6922       0.876922
   10         2            757            0.5        94.8526       0.948526
   10         2            821            0.5        101.866        1.01866
   10         2            885            0.5        108.754        1.08754
   10         2            953            0.5        115.954        1.15954
   10         2           1017            0.5        122.635        1.22635
   10         2           1085            0.5        129.646        1.29646
   10         2           1157            0.5        136.985        1.36985
   10         2           1225            0.5        143.847        1.43847
   10         2           1293            0.5        150.652        1.50652
   10         3            109            0.5        12.8661       0.128661
   10         3            145            0.5        19.5598       0.195598
   10         3            185            0.5        26.6718       0.266718
   10         3            225            0.5         33.508        0.33508
   10         3            269            0.5        40.7657       0.407657
   10         3            313            0.5        47.7803       0.477803
   10         3            357            0.5        54.6027       0.546027
   10         3            405            0.5        61.8319       0.618319
   10         3            453            0.5        68.8615       0.688615
   10         3            501            0.5        75.6747       0.756747
   10         3            553            0.5        82.8915       0.828915
   10         3            605            0.5        89.9452       0.899452
   10         3            657            0.5         96.859        0.96859
   10         3            709            0.5        103.647        1.03647
   10         3            765            0.5        110.833        1.10833
   10         3            821            0.5        117.904        1.17904
   10         3            877            0.5        124.872        1.24872
   10         3            933            0.5        131.747        1.31747
   10         3            989            0.5        138.539        1.38539
   10         3           1049            0.5        145.733        1.45733
   10         3           1109            0.5        152.849        1.52849
   11         0            135            0.5        13.5649       0.135649
   11         0            168            0.5        20.7004       0.207004
   11         0            204            0.5        27.6569       0.276569
   11         0            243            0.5        34.6347       0.346347
   11         0            285            0.5        41.7178       0.417178
   11         0            330            0.5        48.9477       0.489477
   11         0            375            0.5        55.8738       0.558738
   11         0            420            0.5        62.5688       0.625688
   11         0            471            0.5        69.9086       0.699086
   11         0            522            0.5        76.9947       0.769947
   11         0            573            0.5        83.9102       0.839102
   11         0            624            0.5        90.6698       0.906698
   11         0            678            0.5        97.6875       0.976875
   11         0            735            0.5        104.962        1.04962
   11         0            789            0.5        111.746        1.11746
   11         0            846            0.5         118.81         1.1881
   11         0            903            0.5        125.789        1.25789
   11         0            960            0.5        132.695        1.32695
   11         0           1020            0.5        139.898        1.39898
   11         0           1077            0.5        146.686        1.46686
   11         0           1137            0.5        153.783        1.53783
   11         1            119            0.5        18.8352       0.188352
   11         1            161            0.5        25.9016       0.259016
   11         1            203            0.5        32.8779       0.328779
   11         1            245            0.5        39.7431       0.397431
   11         1            290            0.5        46.9572       0.469572
   11         1            332            0.5        53.5473       0.535473
   11         1            380            0.5        60.8992       0.608992
   11         1            425            0.5        67.6257       0.676257
   11         1            473            0.5        74.5855       0.745855
   11         1            524            0.5        81.8096       0.818096
   11         1            575            0.5        88.8758       0.888758
   11         1            626            0.5        95.8126       0.958126
   11         1            677            0.5        102.644        1.02644
   11         1            731            0.5        109.787        1.09787
   11         1            785            0.5        116.861        1.16861
   11         1            839            0.5        123.884        1.23884
   11         1            893            0.5        130.874        1.30874
   11         1            947            0.5        137.845        1.37845
   11         1           1001            0.5        144.807        1.44807
   11         1           1055            0.5        151.771        1.51771
   11         2            135            0.5        12.4999       0.124999
   11         2            171            0.5        18.6541       0.186541
   11         2            213            0.5        24.8571       0.248571
   11         2            255            0.5        30.7001       0.307001
   11         2            300            0.5        36.7451       0.367451
   11         2            345            0.5         42.639        0.42639
   11         2            393            0.5        48.8053       0.488053
   11         2            441            0.5        54.8689       0.548689
   11         2            489            0.5        60.8331       0.608331
   11         2            537            0.5        66.7231       0.667231
   11         2            588            0.5        72.8645       0.728645
   11         2            639            0.5        78.9213       0.789213
   11         2            690            0.5        84.9096       0.849096
   11         2            741            0.5        90.8289       0.908289
   11         2            792            0.5        96.6879       0.966879
   11         2            846            0.5        102.829        1.02829
   11         2            900            0.5        108.912        1.08912
   11         2            954            0.5         114.94         1.1494
   11         2           1008            0.5        120.917        1.20917
   11         2           1062            0.5        126.845        1.26845
   11         2           1116            0.5        132.729        1.32729
   11         3            105            0.5        13.2556       0.132556
   11         3            141            0.5        19.7411       0.197411
   11         3            177            0.5           25.6          0.256
   11         3            217            0.5        31.8426       0.318426
   11         3            257            0.5        37.8966       0.378966
   11         3            297            0.5        43.8056       0.438056
   11         3            337            0.5        49.5835       0.495835
   11         3            381            0.5        55.8239       0.558239
   11         3            425            0.5        61.9224       0.619224
   11         3            469            0.5        67.9165       0.679165
   11         3            513            0.5        73.7678       0.737678
   11         3            557            0.5        79.5227       0.795227
   11         3            605            0.5        85.6991       0.856991
   11         3            653            0.5        91.7744       0.917744
   11         3            701            0.5        97.7594       0.977594
   11         3            749            0.5         103.66         1.0366
   11         3            801            0.5        109.965        1.09965
   11         3            849            0.5         115.71         1.1571
   11         3            901            0.5        121.858        1.21858
   11         3            953            0.5        127.934        1.27934
   11         3           1005            0.5        133.943        1.33943
   11         3           1057            0.5        139.888        1.39888
   11         3           1109            0.5        145.775        1.45775
