 *tel    numcsi         Z         A           CsIV        errCsIV           CsIE       errCsIE
    0         0         1         2      0.0307874              0        5.49952              0
    0         0         1         2       0.106359              0        15.4193              0
    0         0         1         2       0.174566              0        25.8076              0
    0         0         1         2       0.239652              0        35.9323              0
    0         0         1         2       0.298755              0        45.5951              0
    0         0         1         2       0.359547              0        55.4548              0
    0         0         1         2        0.41937              0        65.4865              0
    0         0         1         2       0.479613              0        75.6779              0
    0         0         1         2       0.535823              0        85.2219              0
    0         0         1         2       0.595338              0        95.7087              0
    0         1         1         2      0.0382516              0        5.92622              0
    0         1         1         2       0.108144              0        15.6701              0
    0         1         1         2       0.173487              0        25.9124              0
    0         1         1         2         0.2358              0        35.6205              0
    0         1         1         2       0.298574              0        45.5063              0
    0         1         1         2       0.361405              0        55.5479              0
    0         1         1         2          0.424              0        65.7351              0
    0         1         1         2       0.481621              0        75.2647              0
    0         1         1         2        0.54468              0        85.7246              0
    0         1         1         2       0.602895              0        95.5085              0
    0         2         1         2      0.0348195              0        5.41036              0
    0         2         1         2       0.109157              0        15.5079              0
    0         2         1         2       0.175866              0        25.3797              0
    0         2         1         2       0.244237              0        35.4336              0
    0         2         1         2       0.311349              0        45.6701              0
    0         2         1         2       0.374288              0        55.3244              0
    0         2         1         2       0.442382              0        65.8773              0
    0         2         1         2       0.505746              0        75.8216              0
    0         2         1         2       0.568661              0        85.9088              0
    0         2         1         2       0.626473              0        95.3522              0
    0         3         1         2      0.0321746              0        5.41567              0
    0         3         1         2       0.109839              0        15.7286              0
    0         3         1         2        0.18027              0        25.9924              0
    0         3         1         2       0.245379              0        35.8133              0
    0         3         1         2       0.309467              0        45.8796              0
    0         3         1         2         0.3705              0        55.3558              0
    0         3         1         2        0.43491              0        65.8005              0
    0         3         1         2       0.495625              0        75.5963              0
    0         3         1         2       0.555064              0         85.535              0
    0         3         1         2       0.615368              0         95.616              0
    1         0         1         2      0.0337714              0        5.49752              0
    1         0         1         2        0.11032              0        15.3521              0
    1         0         1         2       0.180004              0        25.6069              0
    1         0         1         2        0.24547              0        35.5488              0
    1         0         1         2       0.310687              0        45.7234              0
    1         0         1         2       0.371965              0        55.3209              0
    1         0         1         2       0.436843              0        65.7876              0
    1         0         1         2       0.498454              0        75.6138              0
    1         0         1         2        0.55945              0        85.5355              0
    1         0         1         2       0.620165              0        95.5504              0
    1         1         1         2      0.0381734              0         5.8651              0
    1         1         1         2       0.104781              0        15.3278              0
    1         1         1         2        0.17384              0        25.8686              0
    1         1         1         2       0.239705              0        35.8349              0
    1         1         1         2       0.304003              0        45.9355              0
    1         1         1         2       0.365364              0        55.4286              0
    1         1         1         2       0.429974              0        65.7746              0
    1         1         1         2       0.490949              0        75.4987              0
    1         1         1         2       0.550868              0        85.3397              0
    1         1         1         2       0.612293              0        95.3039              0
    1         2         1         2      0.0394564              0        5.82612              0
    1         2         1         2        0.11547              0        15.9637              0
    1         2         1         2        0.18205              0        25.9152              0
    1         2         1         2       0.244607              0        35.3516              0
    1         2         1         2       0.313284              0         45.718              0
    1         2         1         2       0.376073              0        55.5163              0
    1         2         1         2       0.439587              0        65.4741              0
    1         2         1         2       0.502188              0        75.5902              0
    1         2         1         2       0.566451              0        85.8667              0
    1         2         1         2        0.62453              0        95.4997              0
    1         3         1         2      0.0347221              0        5.93308              0
    1         3         1         2       0.104351              0        15.6229              0
    1         3         1         2       0.172221              0         25.773              0
    1         3         1         2       0.234971              0        35.4303              0
    1         3         1         2       0.297204              0        45.3094              0
    1         3         1         2       0.360983              0        55.3904              0
    1         3         1         2       0.423538              0        65.6641              0
    1         3         1         2       0.482111              0        75.3158              0
    1         3         1         2       0.544496              0        85.9549              0
    1         3         1         2       0.603462              0        95.9486              0
    2         0         1         2      0.0369322              0        5.78982              0
    2         0         1         2       0.107809              0        15.5624              0
    2         0         1         2       0.173877              0        25.6253              0
    2         0         1         2       0.238492              0        35.9554              0
    2         0         1         2       0.299434              0         45.705              0
    2         0         1         2       0.360207              0        55.5675              0
    2         0         1         2       0.420468              0        65.5274              0
    2         0         1         2       0.482093              0        75.5768              0
    2         0         1         2       0.542053              0        85.7116              0
    2         0         1         2        0.60333              0        95.9312              0
    2         1         1         2      0.0319755              0        5.54702              0
    2         1         1         2        0.10238              0        15.3482              0
    2         1         1         2       0.166023              0         25.454              0
    2         1         1         2       0.224194              0        35.2453              0
    2         1         1         2       0.282583              0        45.3771              0
    2         1         1         2       0.341628              0         55.784              0
    2         1         1         2       0.396059              0        65.5362              0
    2         1         1         2       0.449156              0        75.4769              0
    2         1         1         2       0.503717              0        85.5978              0
    2         1         1         2       0.557052              0        95.8959              0
    2         2         1         2      0.0383173              0        5.72908              0
    2         2         1         2       0.110708              0        15.8086              0
    2         2         1         2        0.17828              0        25.7112              0
    2         2         1         2       0.244157              0         35.836              0
    2         2         1         2       0.306909              0        45.4291              0
    2         2         1         2       0.373408              0        55.9415              0
    2         2         1         2       0.435916              0        65.8584              0
    2         2         1         2       0.497358              0        75.9176              0
    2         2         1         2       0.555642              0        85.3261              0
    2         2         1         2       0.617632              0        95.6518              0
    2         3         1         2      0.0339518              0        5.45836              0
    2         3         1         2       0.108332              0        15.4309              0
    2         3         1         2       0.175301              0        25.9411              0
    2         3         1         2       0.234025              0        35.2799              0
    2         3         1         2       0.296361              0        45.6199              0
    2         3         1         2       0.355118              0        55.3181              0
    2         3         1         2       0.418092              0        65.9639              0
    2         3         1         2       0.476451              0        75.9075              0
    2         3         1         2       0.534161              0        85.9571              0
    2         3         1         2       0.588016              0        95.2608              0
    3         0         1         2      0.0397573              0        5.87426              0
    3         0         1         2       0.112291              0        15.4695              0
    3         0         1         2       0.180549              0         25.914              0
    3         0         1         2       0.245272              0        35.9513              0
    3         0         1         2       0.306699              0        45.4461              0
    3         0         1         2       0.371945              0        55.8136              0
    3         0         1         2       0.432857              0        65.5535              0
    3         0         1         2       0.494435              0        75.3924              0
    3         0         1         2       0.554698              0        85.3254              0
    3         0         1         2       0.615845              0        95.3512              0
    3         1         1         2      0.0425638              0        5.92638              0
    3         1         1         2       0.113703              0        15.5715              0
    3         1         1         2       0.182174              0        25.4966              0
    3         1         1         2        0.25205              0        35.6739              0
    3         1         1         2       0.317182              0        45.5861              0
    3         1         1         2        0.38357              0        55.7296              0
    3         1         1         2       0.445461              0        65.4933              0
    3         1         1         2       0.508027              0        75.4128              0
    3         1         1         2       0.569939              0        85.4707              0
    3         1         1         2       0.633057              0        95.6548              0
    3         2         1         2      0.0286013              0        5.76785              0
    3         2         1         2      0.0801424              0        15.6307              0
    3         2         1         2        0.12754              0        25.5075              0
    3         2         1         2       0.174751              0        35.6391              0
    3         2         1         2       0.220819              0        45.5114              0
    3         2         1         2       0.266109              0        55.6095              0
    3         2         1         2       0.311058              0        65.9243              0
    3         2         1         2       0.354746              0        75.8911              0
    3         2         1         2       0.395784              0         85.476              0
    3         2         1         2       0.438332              0        95.8071              0
    3         3         1         2       0.036479              0        5.47372              0
    3         3         1         2       0.114572              0        15.7695              0
    3         3         1         2       0.178312              0        25.5064              0
    3         3         1         2       0.243759              0        35.4647              0
    3         3         1         2       0.310296              0         45.603              0
    3         3         1         2       0.376017              0        55.8962              0
    3         3         1         2       0.437467              0        65.5854              0
    3         3         1         2       0.499356              0        75.3983              0
    3         3         1         2       0.560282              0        85.3344              0
    3         3         1         2       0.621575              0        95.3955              0
    4         0         1         2      0.0335873              0        5.67364              0
    4         0         1         2       0.104232              0        15.9404              0
    4         0         1         2       0.164588              0        25.4959              0
    4         0         1         2       0.229472              0        35.9854              0
    4         0         1         2       0.290087              0        45.8607              0
    4         0         1         2       0.349702              0        55.8395              0
    4         0         1         2       0.410225              0        65.9132              0
    4         0         1         2       0.466085              0        75.2933              0
    4         0         1         2       0.526677              0         85.542              0
    4         0         1         2       0.586234              0        95.8828              0
    4         1         1         2      0.0327165              0        5.54991              0
    4         1         1         2       0.105987              0        15.7827              0
    4         1         1         2       0.168919              0        25.5191              0
    4         1         1         2       0.231019              0        35.5907              0
    4         1         1         2       0.293649              0        45.8701              0
    4         1         1         2       0.352289              0        55.5309              0
    4         1         1         2       0.410737              0        65.2681              0
    4         1         1         2       0.473794              0        75.8168              0
    4         1         1         2       0.531338              0        85.6568              0
    4         1         1         2        0.58964              0        95.5331              0
    4         2         1         2      0.0369378              0        5.73637              0
    4         2         1         2       0.116119              0        15.7525              0
    4         2         1         2       0.188259              0         25.974              0
    4         2         1         2       0.257418              0        35.9779              0
    4         2         1         2       0.322322              0        45.6114              0
    4         2         1         2       0.386135              0        55.4389              0
    4         2         1         2       0.450954              0        65.4337              0
    4         2         1         2        0.51525              0        75.5814              0
    4         2         1         2        0.57934              0        85.8744              0
    4         2         1         2       0.639958              0        95.6103              0
    4         3         1         2      0.0365524              0        5.86136              0
    4         3         1         2       0.111963              0        15.8058              0
    4         3         1         2       0.178075              0        25.4245              0
    4         3         1         2       0.246596              0        35.9979              0
    4         3         1         2       0.308332              0        45.5493              0
    4         3         1         2        0.37345              0        55.9122              0
    4         3         1         2       0.434731              0        65.7655              0
    4         3         1         2       0.496538              0        75.7374              0
    4         3         1         2       0.557834              0        85.8186              0
    4         3         1         2       0.614535              0        95.3221              0
    5         0         1         2      0.0352464              0        5.79532              0
    5         0         1         2       0.105909              0         15.422              0
    5         0         1         2         0.1752              0        25.7338              0
    5         0         1         2       0.238803              0        35.5144              0
    5         0         1         2        0.30338              0         45.444              0
    5         0         1         2       0.367399              0        55.4921              0
    5         0         1         2       0.431426              0        65.6463              0
    5         0         1         2       0.496077              0        75.9012              0
    5         0         1         2       0.555214              0        85.4546              0
    5         0         1         2       0.618892              0           95.9              0
    5         1         1         2      0.0394577              0        5.44352              0
    5         1         1         2       0.121293              0        15.3292              0
    5         1         1         2       0.201511              0         25.472              0
    5         1         1         2       0.281175              0        35.7501              0
    5         1         1         2       0.356188              0        45.4819              0
    5         1         1         2        0.43033              0        55.4106              0
    5         1         1         2       0.505194              0        65.5465              0
    5         1         1         2       0.580119              0        75.8976              0
    5         1         1         2       0.648763              0        85.6494              0
    5         1         1         2       0.717517              0        95.5973              0
    5         2         1         2      0.0461201              0        5.95872              0
    5         2         1         2       0.134544              0        15.9545              0
    5         2         1         2       0.214673              0        25.8707              0
    5         2         1         2       0.296301              0        35.9011              0
    5         2         1         2       0.371909              0        45.4344              0
    5         2         1         2       0.453575              0         55.761              0
    5         2         1         2       0.529328              0        65.6077              0
    5         2         1         2       0.605516              0         75.629              0
    5         2         1         2       0.681352              0        85.8369              0
    5         2         1         2        0.75215              0        95.5433              0
    5         3         1         2      0.0563853              0        5.43783              0
    5         3         1         2       0.179735              0        15.8748              0
    5         3         1         2       0.285656              0        25.3236              0
    5         3         1         2       0.400745              0        35.5966              0
    5         3         1         2       0.515578              0        45.9967              0
    5         3         1         2       0.621633              0        55.7724              0
    5         3         1         2       0.728329              0        65.6678              0
    5         3         1         2       0.834008              0        75.6864              0
    5         3         1         2       0.940851              0        85.8311              0
    5         3         1         2        1.04026              0        95.3104              0
    6         0         1         2      0.0321303              0        5.53792              0
    6         0         1         2        0.10252              0        15.4859              0
    6         0         1         2       0.165837              0        25.4526              0
    6         0         1         2       0.228632              0        35.6714              0
    6         0         1         2       0.287446              0        45.2652              0
    6         0         1         2       0.351295              0        55.7867              0
    6         0         1         2       0.409227              0        65.5953              0
    6         0         1         2       0.468181              0        75.4832              0
    6         0         1         2       0.527161              0        85.4417              0
    6         0         1         2       0.584889              0        95.4657              0
    6         1         1         2       0.038779              0         5.9352              0
    6         1         1         2       0.111881              0        15.8165              0
    6         1         1         2       0.178962              0        25.6651              0
    6         1         1         2       0.246299              0        35.6749              0
    6         1         1         2       0.313787              0        45.8486              0
    6         1         1         2       0.376873              0         55.567              0
    6         1         1         2       0.440703              0         65.423              0
    6         1         1         2        0.50435              0        75.4164              0
    6         1         1         2       0.567152              0         85.547              0
    6         1         1         2       0.630912              0        95.8168              0
    6         2         1         2      0.0346359              0        5.53118              0
    6         2         1         2       0.103755              0         15.509              0
    6         2         1         2       0.171305              0        25.8177              0
    6         2         1         2        0.23448              0        35.7541              0
    6         2         1         2       0.298363              0        45.9593              0
    6         2         1         2       0.358841              0        55.8182              0
    6         2         1         2       0.418686              0        65.9221              0
    6         2         1         2       0.474737              0        75.6123              0
    6         2         1         2       0.531485              0        85.5082              0
    6         2         1         2       0.588017              0        95.6066              0
    6         3         1         2      0.0330103              0        5.64488              0
    6         3         1         2       0.104052              0        15.9088              0
    6         3         1         2       0.166136              0        25.6317              0
    6         3         1         2       0.227293              0        35.5795              0
    6         3         1         2       0.288885              0        45.6921              0
    6         3         1         2       0.351025              0        55.9332              0
    6         3         1         2        0.40886              0         65.639              0
    6         3         1         2       0.466313              0        75.4425              0
    6         3         1         2       0.524467              0        85.3429              0
    6         3         1         2       0.582607              0        95.3431              0
    7         0         1         2      0.0380781              0        5.91361              0
    7         0         1         2       0.109232              0        15.9708              0
    7         0         1         2       0.175881              0          25.86              0
    7         0         1         2       0.241299              0        35.9659              0
    7         0         1         2       0.304064              0        45.6862              0
    7         0         1         2       0.366988              0        55.5977              0
    7         0         1         2       0.428939              0        65.6966              0
    7         0         1         2       0.491507              0        75.9837              0
    7         0         1         2       0.550412              0        85.8016              0
    7         0         1         2       0.608672              0        95.7932              0
    7         1         1         2       0.036754              0        5.54788              0
    7         1         1         2       0.115418              0         15.724              0
    7         1         1         2        0.18282              0        25.3317              0
    7         1         1         2       0.249101              0        35.2875              0
    7         1         1         2       0.316744              0         45.506              0
    7         1         1         2        0.38442              0        55.9298              0
    7         1         1         2       0.446061              0        65.7686              0
    7         1         1         2       0.509006              0        75.7492              0
    7         1         1         2       0.571767              0        85.8656              0
    7         1         1         2       0.628743              0        95.3231              0
    7         2         1         2      0.0391339              0        5.90186              0
    7         2         1         2       0.112125              0        15.9323              0
    7         2         1         2       0.176678              0        25.5301              0
    7         2         1         2       0.245488              0        35.9364              0
    7         2         1         2       0.309498              0        45.9442              0
    7         2         1         2       0.370863              0        55.4861              0
    7         2         1         2       0.435917              0         65.733              0
    7         2         1         2       0.496918              0        75.4659              0
    7         2         1         2       0.561288              0        85.8908              0
    7         2         1         2       0.622516              0         95.775              0
    7         3         1         2      0.0359918              0        5.62408              0
    7         3         1         2       0.114207              0        15.9955              0
    7         3         1         2       0.178159              0        25.4702              0
    7         3         1         2       0.246595              0        35.8865              0
    7         3         1         2       0.311252              0        45.9512              0
    7         3         1         2       0.371493              0        55.5668              0
    7         3         1         2       0.435847              0        65.9826              0
    7         3         1         2        0.49669              0        75.8756              0
    7         3         1         2       0.556354              0        85.8773              0
    7         3         1         2       0.617178              0        95.9779              0
    8         0         1         2      0.0454148              0        5.90346              0
    8         0         1         2        0.10714              0        15.5863              0
    8         0         1         2       0.168866              0         25.564              0
    8         0         1         2       0.231802              0         35.708              0
    8         0         1         2       0.291968              0        45.3476              0
    8         0         1         2       0.356241              0        55.8333              0
    8         0         1         2       0.415739              0        65.7424              0
    8         0         1         2       0.475891              0        75.7478              0
    8         0         1         2       0.536103              0         85.831              0
    8         0         1         2       0.596281              0        95.9776              0
    8         1         1         2      0.0364395              0         5.6238              0
    8         1         1         2        0.10619              0        15.9245              0
    8         1         1         2       0.172454              0        25.5664              0
    8         1         1         2       0.242204              0        35.8868              0
    8         1         1         2       0.308467              0        45.9466              0
    8         1         1         2       0.371266              0        55.6962              0
    8         1         1         2       0.434183              0        65.6456              0
    8         1         1         2       0.495982              0        75.7846              0
    8         1         1         2        0.55554              0        85.5287              0
    8         1         1         2       0.614835              0        95.4345              0
    8         2         1         2      0.0445941              0         5.9892              0
    8         2         1         2       0.109818              0        15.8808              0
    8         2         1         2       0.175568              0        25.8875              0
    8         2         1         2       0.242243              0        35.9679              0
    8         2         1         2       0.305485              0        45.6425              0
    8         2         1         2       0.367788              0        55.4885              0
    8         2         1         2       0.431068              0        65.5156              0
    8         2         1         2       0.494482              0        75.7279              0
    8         2         1         2       0.553055              0        85.5105              0
    8         2         1         2        0.61293              0        95.4615              0
    8         3         1         2      0.0427453              0        5.94473              0
    8         3         1         2       0.105183              0        15.7777              0
    8         3         1         2       0.167707              0        25.7925              0
    8         3         1         2       0.231073              0        35.8706              0
    8         3         1         2       0.291517              0        45.5956              0
    8         3         1         2       0.355502              0        55.9569              0
    8         3         1         2       0.415992              0        65.9739              0
    8         3         1         2       0.473134              0        75.6266              0
    8         3         1         2       0.534271              0        85.9314              0
    8         3         1         2       0.592097              0        95.8588              0
    9         0         1         2      0.0264696              0        5.66488              0
    9         0         1         2      0.0948587              0        15.4772              0
    9         0         1         2       0.163249              0        25.5116              0
    9         0         1         2       0.224419              0         35.659              0
    9         0         1         2       0.287776              0        45.9605              0
    9         0         1         2       0.347019              0        55.8402              0
    9         0         1         2       0.406301              0        65.8793              0
    9         0         1         2       0.461481              0        75.4856              0
    9         0         1         2       0.521165              0         85.872              0
    9         0         1         2       0.577139              0        95.8282              0
    9         1         1         2      0.0381306              0        5.56382              0
    9         1         1         2       0.100558              0        15.8547              0
    9         1         1         2       0.159584              0        25.7332              0
    9         1         1         2       0.218436              0        35.6945              0
    9         1         1         2       0.279394              0        45.8112              0
    9         1         1         2        0.33489              0        55.4802              0
    9         1         1         2       0.394707              0        65.9048              0
    9         1         1         2       0.451221              0        75.8501              0
    9         1         1         2        0.50781              0        85.9162              0
    9         1         1         2       0.561019              0        95.4566              0
    9         2         1         2      0.0368158              0        5.82935              0
    9         2         1         2       0.101506              0        15.5118              0
    9         2         1         2       0.169613              0        25.7952              0
    9         2         1         2       0.231139              0        35.5662              0
    9         2         1         2        0.29392              0        45.4668              0
    9         2         1         2       0.356577              0        55.5258              0
    9         2         1         2       0.419273              0        65.7566              0
    9         2         1         2       0.477743              0        75.5828              0
    9         2         1         2       0.536801              0         85.571              0
    9         2         1         2       0.596091              0        95.7249              0
    9         3         1         2      0.0398737              0        5.54946              0
    9         3         1         2       0.109964              0        15.8273              0
    9         3         1         2       0.176394              0        25.5283              0
    9         3         1         2       0.246901              0        35.8075              0
    9         3         1         2       0.312405              0        45.6295              0
    9         3         1         2       0.379332              0        55.5931              0
    9         3         1         2       0.446094              0        65.7133              0
    9         3         1         2       0.511761              0        75.9981              0
    9         3         1         2       0.574839              0        85.8324              0
    9         3         1         2       0.637834              0        95.8208              0
   10         0         1         2      0.0461511              0        5.80664              0
   10         0         1         2       0.110532              0        15.6739              0
   10         0         1         2       0.175837              0        25.6469              0
   10         0         1         2       0.240381              0        35.5567              0
   10         0         1         2         0.3057              0        45.5104              0
   10         0         1         2       0.371198              0        55.5533              0
   10         0         1         2       0.436539              0        65.7132              0
   10         0         1         2       0.498088              0        75.3598              0
   10         0         1         2        0.56329              0        85.7906              0
   10         0         1         2       0.624228              0        95.7108              0
   10         1         1         2      0.0448435              0        5.51464              0
   10         1         1         2       0.116286              0         15.728              0
   10         1         1         2       0.185218              0        25.6006              0
   10         1         1         2       0.254298              0        35.5139              0
   10         1         1         2       0.323203              0        45.5397              0
   10         1         1         2       0.392433              0        55.6905              0
   10         1         1         2       0.462113              0        65.9689              0
   10         1         1         2        0.52825              0        75.8223              0
   10         1         1         2        0.59318              0        85.7856              0
   10         1         1         2       0.659381              0        95.8569              0
   10         2         1         2       0.032224              0        5.54929              0
   10         2         1         2         0.1167              0        15.5852              0
   10         2         1         2       0.195013              0        25.7348              0
   10         2         1         2       0.269443              0        35.9228              0
   10         2         1         2       0.339558              0        45.6185              0
   10         2         1         2       0.409768              0        55.4288              0
   10         2         1         2       0.483597              0        65.9795              0
   10         2         1         2       0.549464              0        75.3957              0
   10         2         1         2       0.619831              0        85.5463              0
   10         2         1         2       0.690114              0        95.8047              0
   10         3         1         2      0.0473849              0        5.79828              0
   10         3         1         2       0.112899              0        15.9135              0
   10         3         1         2       0.175094              0        25.5977              0
   10         3         1         2       0.242835              0        35.8359              0
   10         3         1         2       0.305506              0        45.5787              0
   10         3         1         2       0.369565              0        55.4285              0
   10         3         1         2       0.437219              0        65.9996              0
   10         3         1         2       0.496565              0        75.5333              0
   10         3         1         2       0.560495              0        85.8155              0
   10         3         1         2       0.620561              0         95.646              0
   11         0         1         2      0.0441777              0        5.47976              0
   11         0         1         2       0.106865              0        15.6664              0
   11         0         1         2       0.169637              0        25.7657              0
   11         0         1         2       0.233107              0         35.782              0
   11         0         1         2       0.298154              0        45.8537              0
   11         0         1         2       0.359447              0        55.4601              0
   11         0         1         2       0.423651              0        65.7545              0
   11         0         1         2       0.484666              0        75.6042              0
   11         0         1         2       0.546051              0        85.5837              0
   11         0         1         2       0.607401              0        95.6983              0
   11         1         1         2      0.0478846              0        5.87331              0
   11         1         1         2       0.111022              0        15.7084              0
   11         1         1         2       0.174255              0        25.8025              0
   11         1         1         2       0.238781              0        35.9263              0
   11         1         1         2       0.300016              0        45.6591              0
   11         1         1         2       0.364996              0        55.9331              0
   11         1         1         2       0.426819              0        65.8147              0
   11         1         1         2       0.488091              0         75.767              0
   11         1         1         2       0.550191              0        85.7866              0
   11         1         1         2       0.612158              0        95.8714              0
   11         2         1         2      0.0421262              0        5.79536              0
   11         2         1         2       0.109094              0        15.9597              0
   11         2         1         2       0.173037              0        25.6565              0
   11         2         1         2       0.240858              0        35.8167              0
   11         2         1         2       0.305341              0        45.5509              0
   11         2         1         2       0.372627              0        55.8578              0
   11         2         1         2       0.437558              0        65.7728              0
   11         2         1         2       0.502646              0        75.7967              0
   11         2         1         2       0.567491              0          85.94              0
   11         2         1         2       0.629023              0        95.6964              0
   11         3         1         2      0.0431297              0        5.71327              0
   11         3         1         2       0.110812              0        15.7154              0
   11         3         1         2       0.179625              0        25.8635              0
   11         3         1         2       0.244466              0        35.6113              0
   11         3         1         2       0.309926              0        45.4961              0
   11         3         1         2       0.374906              0        55.4833              0
   11         3         1         2        0.44081              0        65.5473              0
   11         3         1         2        0.50671              0        75.6695              0
   11         3         1         2       0.571951              0        85.8368              0
   11         3         1         2       0.633765              0        95.4731              0
