 *tel    numcsi   CsIInVoltage     errCsIInVoltage           CsIE       errCsIE
    0         0      0.0233877    0.000233877        16.0756       0.160756
    0         0      0.0950042    0.000950042        30.7814       0.307814
    0         0       0.169954     0.00169954        44.1169       0.441169
    0         0        0.26019      0.0026019        58.7415       0.587415
    0         0       0.350168     0.00350168        72.9051       0.729051
    0         0       0.439893     0.00439893        86.7514       0.867514
    0         0       0.531202     0.00531202        100.356        1.00356
    0         0         0.6281       0.006281        114.783        1.14783
    0         0       0.717665     0.00717665        127.991        1.27991
    0         0       0.815179     0.00815179        142.029        1.42029
    0         0       0.920616     0.00920616        156.874        1.56874
    0         0        1.01874      0.0101874        170.564        1.70564
    0         0        1.11837      0.0111837         184.11         1.8411
    0         0        1.22749      0.0122749        198.481        1.98481
    0         0        1.34005      0.0134005        212.721        2.12721
    0         0        1.45394      0.0145394        226.845        2.26845
    0         0        1.56961      0.0156961        240.867        2.40867
    0         0        1.68843      0.0168843          254.8          2.548
    0         0        1.80707      0.0180707        268.656        2.68656
    0         0        1.92673      0.0192673        282.446        2.82446
    0         1      0.0279281    0.000279281         14.952        0.14952
    0         1       0.117926     0.00117926        30.8432       0.308432
    0         1       0.202817     0.00202817        45.9779       0.459779
    0         1       0.303476     0.00303476        62.9624       0.629624
    0         1        0.39714      0.0039714        78.1828       0.781828
    0         1       0.498365     0.00498365        93.9755       0.939755
    0         1       0.607645     0.00607645        110.409        1.10409
    0         1        0.71662      0.0071662        126.426        1.26426
    0         1       0.824939     0.00824939        142.098        1.42098
    0         1       0.941442     0.00941442        158.499        1.58499
    0         1        1.05938      0.0105938        174.625        1.74625
    0         1        1.17954      0.0117954        190.521        1.90521
    0         1        1.30321      0.0130321        206.221        2.06221
    0         1        1.43746      0.0143746        222.722        2.22722
    0         1        1.56581      0.0156581        238.109        2.38109
    0         1        1.70559      0.0170559         254.33         2.5433
    0         1        1.84731      0.0184731        270.439        2.70439
    0         1        1.98895      0.0198895        286.456        2.86456
    0         1        2.13153      0.0213153        302.398        3.02398
    0         1        2.27485      0.0227485        318.278        3.18278
    0         1        2.41826      0.0241826         334.11         3.3411
    0         2      0.0348195    0.000348195         15.917        0.15917
    0         2       0.116301     0.00116301        30.1612       0.301612
    0         2       0.202785     0.00202785        44.8533       0.448533
    0         2       0.296725     0.00296725        60.2277       0.602277
    0         2       0.390995     0.00390995        75.1511       0.751511
    0         2       0.493802     0.00493802        90.6809       0.906809
    0         2       0.595552     0.00595552        105.787        1.05787
    0         2       0.697291     0.00697291        120.538        1.20538
    0         2       0.798783     0.00798783        134.985        1.34985
    0         2       0.908269     0.00908269        150.173        1.50173
    0         2        1.01919      0.0101919          165.1          1.651
    0         2        1.13883      0.0113883        180.771        1.80771
    0         2        1.25451      0.0125451        195.257        1.95257
    0         2        1.37999      0.0137999        210.518        2.10518
    0         2        1.50924      0.0150924        225.606        2.25606
    0         2        1.64077      0.0164077        240.543        2.40543
    0         2        1.77374      0.0177374        255.348        2.55348
    0         2        1.91538      0.0191538        270.951        2.70951
    0         2        2.05096      0.0205096        285.533        2.85533
    0         2        2.19417      0.0219417         300.93         3.0093
    0         2        2.33044      0.0233044        315.344        3.15344
    0         3      0.0246106    0.000246106        15.4161       0.154161
    0         3       0.109839     0.00109839        30.2687       0.302687
    0         3       0.199993     0.00199993        45.2433       0.452433
    0         3       0.296991     0.00296991        60.9064       0.609064
    0         3       0.388146     0.00388146        74.9437       0.749437
    0         3       0.493127     0.00493127        90.8045       0.908045
    0         3       0.590502     0.00590502        105.155        1.05155
    0         3       0.695659     0.00695659        120.273        1.20273
    0         3       0.800611     0.00800611        135.098        1.35098
    0         3       0.913679     0.00913679        150.702        1.50702
    0         3        1.02036      0.0102036        165.043        1.65043
    0         3        1.13618      0.0113618        180.201        1.80201
    0         3        1.25495      0.0125495        195.174        1.95174
    0         3         1.3853       0.013853        210.968        2.10968
    0         3        1.51017      0.0151017        225.633        2.25633
    0         3        1.63677      0.0163677        240.177        2.40177
    0         3        1.77322      0.0177322        255.577        2.55577
    0         3        1.91228      0.0191228        270.875        2.70875
    0         3        2.04211      0.0204211        285.139        2.85139
    0         3        2.18184      0.0218184        300.282        3.00282
    1         0      0.0274619    0.000274619        14.1835       0.141835
    1         0        0.11149      0.0011149        31.3824       0.313824
    1         0       0.208845     0.00208845        47.9148       0.479148
    1         0       0.323568     0.00323568        65.6593       0.656593
    1         0       0.438002     0.00438002        82.7648       0.827648
    1         0       0.553707     0.00553707         99.404        0.99404
    1         0       0.676941     0.00676941         116.87         1.1687
    1         0       0.791706     0.00791706        132.871        1.32871
    1         0       0.924028     0.00924028        150.839        1.50839
    1         0        1.04877      0.0104877        167.409        1.67409
    1         0        1.18533      0.0118533        184.823        1.84823
    1         0        1.31596      0.0131596        200.934        2.00934
    1         0        1.46927      0.0146927        218.976        2.18976
    1         0        1.61688      0.0161688        235.772        2.35772
    1         0          1.766        0.01766        252.415        2.52415
    1         0        1.92655      0.0192655        269.954        2.69954
    1         0        2.07886      0.0207886        286.346        2.86346
    1         0        2.24105      0.0224105         303.66         3.0366
    1         0        2.40395      0.0240395        320.887        3.20887
    1         0        2.55771      0.0255771        337.034        3.37034
    1         0        2.72135      0.0272135        354.136        3.54136
    1         1      0.0283392    0.000283392        14.0882       0.140882
    1         1       0.132111     0.00132111        31.5793       0.315793
    1         1       0.244342     0.00244342        49.9728       0.499728
    1         1       0.355903     0.00355903        67.8204       0.678204
    1         1       0.476831     0.00476831        86.5399       0.865399
    1         1       0.598071     0.00598071        104.673        1.04673
    1         1       0.718968     0.00718968        122.351        1.22351
    1         1       0.849685     0.00849685         140.96         1.4096
    1         1       0.972027     0.00972027          157.9          1.579
    1         1        1.10523      0.0110523        175.829        1.75829
    1         1        1.25248      0.0125248        194.728        1.94728
    1         1        1.39381      0.0139381        212.118        2.12118
    1         1        1.54869      0.0154869        230.521        2.30521
    1         1        1.70696      0.0170696        248.719        2.48719
    1         1        1.86772      0.0186772        266.741        2.66741
    1         1        2.02858      0.0202858        284.613        2.84613
    1         1        2.19074      0.0219074        302.356        3.02356
    1         1        2.35414      0.0235414         319.99         3.1999
    1         1        2.52869      0.0252869        338.699        3.38699
    1         1        2.69288      0.0269288         356.16         3.5616
    1         1        2.86741      0.0286741        374.716        3.74716
    1         2      0.0267713    0.000267713        15.1962       0.151962
    1         2       0.117918     0.00117918        30.1715       0.301715
    1         2       0.211397     0.00211397        45.8172       0.458172
    1         2       0.298473     0.00298473        59.8559       0.598559
    1         2       0.400217     0.00400217        75.8031       0.758031
    1         2       0.494902     0.00494902        90.1496       0.901496
    1         2       0.598207     0.00598207        105.229        1.05229
    1         2        0.70017      0.0070017        119.983        1.19983
    1         2       0.809957     0.00809957        135.481        1.35481
    1         2        0.91991      0.0091991        150.703        1.50703
    1         2        1.03113      0.0103113        165.688        1.65688
    1         2        1.14411      0.0114411        180.465        1.80465
    1         2        1.26007      0.0126007        195.062        1.95062
    1         2         1.3868       0.013868        210.459        2.10459
    1         2        1.51651      0.0151651        225.699        2.25699
    1         2        1.64761      0.0164761        240.803        2.40803
    1         2        1.78099      0.0178099        255.788        2.55788
    1         2        1.91595      0.0191595        270.671        2.70671
    1         2        2.05078      0.0205078        285.465        2.85465
    1         2        2.18685      0.0218685        300.183        3.00183
    1         2        2.33272      0.0233272        315.748        3.15748
    1         3      0.0269819    0.000269819        13.9069       0.139069
    1         3       0.109216     0.00109216        29.6344       0.296344
    1         3       0.195958     0.00195958        44.9874       0.449874
    1         3       0.282852     0.00282852        59.6022       0.596022
    1         3       0.378069     0.00378069        74.8635       0.748635
    1         3       0.472261     0.00472261         89.564        0.89564
    1         3       0.573825     0.00573825        104.941        1.04941
    1         3       0.675851     0.00675851        119.943        1.19943
    1         3       0.777497     0.00777497        134.637        1.34637
    1         3       0.880592     0.00880592        149.074        1.49074
    1         3       0.990677     0.00990677        164.302        1.64302
    1         3        1.10279      0.0110279         179.32         1.7932
    1         3        1.21669      0.0121669        194.159        1.94159
    1         3        1.34138      0.0134138        209.822        2.09822
    1         3         1.4618       0.014618        224.373        2.24373
    1         3        1.59166      0.0159166        239.775        2.39775
    1         3        1.71492      0.0171492         254.12         2.5412
    1         3        1.84905      0.0184905        269.335        2.69335
    1         3        1.98327      0.0198327        284.477        2.84477
    1         3        2.11796      0.0211796         299.56         2.9956
    1         3        2.25398      0.0225398        314.593        3.14593
    2         0      0.0297253    0.000297253        14.6455       0.146455
    2         0       0.100814     0.00100814        28.9601       0.289601
    2         0       0.178596     0.00178596        41.9486       0.419486
    2         0       0.268697     0.00268697        56.5797       0.565797
    2         0       0.360207     0.00360207        70.9539       0.709539
    2         0       0.444189     0.00444189        83.9758       0.839758
    2         0       0.542053     0.00542053        98.8338       0.988338
    2         0       0.633119     0.00633119         112.35         1.1235
    2         0       0.732105     0.00732105        126.618        1.26618
    2         0       0.829992     0.00829992        140.611        1.40611
    2         0       0.928657     0.00928657        154.352        1.54352
    2         0        1.03517      0.0103517        168.825        1.68825
    2         0         1.1374       0.011374        182.125        1.82125
    2         0        1.24775      0.0124775        196.177        1.96177
    2         0        1.36942      0.0136942        210.967        2.10967
    2         0        1.48521      0.0148521        224.669        2.24669
    2         0        1.60258      0.0160258        238.231        2.38231
    2         0        1.73058      0.0173058        252.564        2.52564
    2         0        1.85893      0.0185893        266.775        2.66775
    2         0        1.98849      0.0198849        280.883        2.80883
    2         0        2.11887      0.0211887          294.9          2.949
    2         1      0.0228025    0.000228025         12.592        0.12592
    2         1      0.0807305    0.000807305        25.7227       0.257227
    2         1        0.15399      0.0015399        40.2361       0.402361
    2         1       0.232857     0.00232857        54.4518       0.544518
    2         1       0.317982     0.00317982        68.9625       0.689625
    2         1        0.40449      0.0040449        82.9653       0.829653
    2         1       0.490276     0.00490276        96.5596       0.965596
    2         1       0.581888     0.00581888        110.817        1.10817
    2         1       0.673787     0.00673787        124.812        1.24812
    2         1       0.765754     0.00765754        138.589        1.38589
    2         1       0.858525     0.00858525        152.178        1.52178
    2         1        0.95707      0.0095707        166.495        1.66495
    2         1        1.05692      0.0105692        180.656        1.80656
    2         1        1.15807      0.0115807        194.683        1.94683
    2         1         1.2622       0.012622        208.596        2.08596
    2         1        1.36802      0.0136802        222.412        2.22412
    2         1        1.47596      0.0147596        236.146        2.36146
    2         1        1.59271      0.0159271        250.663        2.50663
    2         1        1.70437      0.0170437        264.268        2.64268
    2         1        1.82381      0.0182381        278.673        2.78673
    2         1        1.93696      0.0193696        292.194        2.92194
    2         2      0.0308442    0.000308442        13.5197       0.135197
    2         2      0.0976373    0.000976373        25.4347       0.254347
    2         2       0.169885     0.00169885          37.82         0.3782
    2         2       0.240615     0.00240615        49.7142       0.497142
    2         2       0.312953     0.00312953        61.2019       0.612019
    2         2       0.389942     0.00389942        73.2634       0.732634
    2         2        0.47375      0.0047375        85.8022       0.858022
    2         2       0.558078     0.00558078        97.9681       0.979681
    2         2       0.641271     0.00641271        109.833        1.09833
    2         2       0.724853     0.00724853        121.448        1.21448
    2         2       0.815291     0.00815291        133.656        1.33656
    2         2       0.904704     0.00904704        145.656        1.45656
    2         2        0.99651      0.0099651        157.477        1.57477
    2         2         1.0941       0.010941        169.919        1.69919
    2         2        1.18775      0.0118775        181.446        1.81446
    2         2        1.28936      0.0128936        193.618        1.93618
    2         2        1.39302      0.0139302        205.679        2.05679
    2         2        1.49883      0.0149883        217.644        2.17644
    2         2        1.60613      0.0160613        229.528        2.29528
    2         2        1.71495      0.0171495        241.342        2.41342
    2         3      0.0247611    0.000247611         11.996        0.11996
    2         3      0.0880071    0.000880071        25.9186       0.259186
    2         3       0.165606     0.00165606        40.2585       0.402585
    2         3       0.250972     0.00250972        54.3586       0.543586
    2         3       0.341547     0.00341547        68.9198       0.689198
    2         3       0.426422     0.00426422        82.1644       0.821644
    2         3       0.523437     0.00523437        96.9008       0.969008
    2         3        0.61523      0.0061523        110.423        1.10423
    2         3       0.711927     0.00711927        124.561        1.24561
    2         3       0.808708     0.00808708        138.434        1.38434
    2         3       0.912935     0.00912935        152.914        1.52914
    2         3        1.01114      0.0101114        166.324        1.66324
    2         3        1.11807      0.0111807        180.366        1.80366
    2         3        1.22623      0.0122623         194.22         1.9422
    2         3        1.34317      0.0134317         208.71         2.0871
    2         3        1.45621      0.0145621        222.246        2.22246
    2         3         1.5792       0.015792        236.442        2.36442
    2         3        1.70273      0.0170273        250.514        2.50514
    2         3        1.82768      0.0182768        264.479        2.64479
    2         3        1.95395      0.0195395        278.352        2.78352
    2         3        2.08711      0.0208711         292.91         2.9291
    3         0      0.0262482    0.000262482        14.3564       0.143564
    3         0      0.0740928    0.000740928        24.8838       0.248838
    3         0       0.139113     0.00139113        36.7351       0.367351
    3         0       0.203016     0.00203016        47.4001       0.474001
    3         0       0.272197     0.00272197        58.4845       0.584845
    3         0       0.343143     0.00343143        69.2571       0.692571
    3         0       0.418583     0.00418583        80.6542       0.806542
    3         0       0.495593     0.00495593        91.7652       0.917652
    3         0       0.571389     0.00571389        102.683        1.02683
    3         0       0.647027     0.00647027        113.419        1.13419
    3         0       0.729862     0.00729862        124.799        1.24799
    3         0       0.805362     0.00805362        135.212        1.35212
    3         0       0.888552     0.00888552        146.274        1.46274
    3         0       0.977228     0.00977228         157.97         1.5797
    3         0        1.06031      0.0106031        168.753        1.68753
    3         0        1.14553      0.0114553        179.421        1.79421
    3         0        1.23809      0.0123809        190.736        1.90736
    3         0         1.3325       0.013325        201.944        2.01944
    3         0        1.42171      0.0142171        212.318        2.12318
    3         0        1.51892      0.0151892         223.35         2.2335
    3         0        1.61755      0.0161755        234.305        2.34305
    3         0        1.72507      0.0172507        245.915        2.45915
    3         1      0.0336156    0.000336156        16.1597       0.161597
    3         1      0.0894937    0.000894937        26.7383       0.267383
    3         1       0.142086     0.00142086        36.7222       0.367222
    3         1       0.195774     0.00195774        46.2196       0.462196
    3         1       0.259234     0.00259234        56.9359       0.569359
    3         1       0.317182     0.00317182        66.4092       0.664092
    3         1       0.381139     0.00381139        76.2871       0.762871
    3         1       0.449161     0.00449161        86.4801       0.864801
    3         1       0.517587     0.00517587        96.3455       0.963455
    3         1       0.591121     0.00591121         106.61         1.0661
    3         1       0.664331     0.00664331         116.62         1.1662
    3         1        0.73798      0.0073798        126.418        1.26418
    3         1       0.815619     0.00815619        136.678        1.36678
    3         1       0.894931     0.00894931        146.773        1.46773
    3         1       0.973904     0.00973904        156.731        1.56731
    3         1        1.05313      0.0105313        166.576        1.66576
    3         1        1.13863      0.0113863        176.933        1.76933
    3         1        1.22196      0.0122196        186.601        1.86601
    3         1        1.31075      0.0131075        196.801        1.96801
    3         1        1.40091      0.0140091        206.942        2.06942
    3         1        1.48708      0.0148708        216.441        2.16441
    3         2      0.0286013    0.000286013        15.6828       0.156828
    3         2       0.064989     0.00064989        25.3934       0.253934
    3         2       0.105338     0.00105338        35.4089       0.354089
    3         2       0.147354     0.00147354        45.7482       0.457482
    3         2       0.190473     0.00190473        55.6182       0.556182
    3         2        0.23769      0.0023769        65.8963       0.658963
    3         2       0.283716     0.00283716        75.8152       0.758152
    3         2       0.330401     0.00330401        85.3815       0.853815
    3         2       0.381424     0.00381424        95.4069       0.954069
    3         2       0.434759     0.00434759        105.888        1.05888
    3         2       0.485625     0.00485625        115.476        1.15476
    3         2        0.53886      0.0053886        125.576        1.25576
    3         2       0.593421     0.00593421        135.529        1.35529
    3         2       0.647652     0.00647652         145.36         1.4536
    3         2       0.704833     0.00704833        155.736        1.55736
    3         2       0.758903     0.00758903        165.378        1.65378
    3         2       0.816154     0.00816154        175.587        1.75587
    3         2       0.874845     0.00874845        185.732        1.85732
    3         2       0.932152     0.00932152        195.825        1.95825
    3         2       0.990959     0.00990959        205.877        2.05877
    3         2        1.04908      0.0104908        215.897        2.15897
    3         2        1.10929      0.0110929        225.891        2.25891
    3         3       0.022973     0.00022973        13.6756       0.136756
    3         3      0.0769661    0.000769661        25.1899       0.251899
    3         3       0.142397     0.00142397        36.9652       0.369652
    3         3       0.206932     0.00206932        47.8038       0.478038
    3         3       0.270751     0.00270751        58.1327       0.581327
    3         3       0.348271     0.00348271        69.8816       0.698816
    3         3        0.41827      0.0041827        80.3438       0.803438
    3         3       0.495859     0.00495859        91.2799       0.912799
    3         3        0.57824      0.0057824        102.735        1.02735
    3         3       0.660188     0.00660188        113.901        1.13901
    3         3       0.743682     0.00743682        124.825        1.24825
    3         3       0.825981     0.00825981        135.542        1.35542
    3         3       0.914954     0.00914954        146.831        1.46831
    3         3         1.0048       0.010048        157.948        1.57948
    3         3        1.09582      0.0109582        168.919        1.68919
    3         3        1.18775      0.0118775        179.765        1.79765
    3         3        1.28154      0.0128154        190.505        1.90505
    3         3        1.38483      0.0138483         201.86         2.0186
    3         3        1.48251      0.0148251        212.426        2.12426
    3         3        1.58798      0.0158798        223.625        2.23625
    3         3        1.69469      0.0169469        234.761        2.34761
    3         3        1.80325      0.0180325        245.845        2.45845
    4         0      0.0141645    0.000141645        10.3273       0.103273
    4         0      0.0583159    0.000583159         21.484        0.21484
    4         0       0.108846     0.00108846        32.2607       0.322607
    4         0       0.169218     0.00169218        43.4764       0.434764
    4         0       0.234128     0.00234128        54.7667       0.547667
    4         0       0.299315     0.00299315        65.6137       0.656137
    4         0       0.368252     0.00368252        76.8899       0.768899
    4         0        0.43816      0.0043816        87.7721       0.877721
    4         0       0.508058     0.00508058        98.3868       0.983868
    4         0       0.581654     0.00581654        109.443        1.09443
    4         0       0.660644     0.00660644         120.93         1.2093
    4         0       0.735038     0.00735038        131.528        1.31528
    4         0       0.813515     0.00813515        142.588        1.42588
    4         0       0.892434     0.00892434        153.466        1.53466
    4         0       0.976699     0.00976699         164.81         1.6481
    4         0        1.06055      0.0106055        175.997        1.75997
    4         0        1.14179      0.0114179        186.435        1.86435
    4         0        1.23435      0.0123435        197.973        1.97973
    4         0        1.32278      0.0132278        208.794        2.08794
    4         0        1.41334      0.0141334        219.522        2.19522
    4         0        1.50976      0.0150976        230.757        2.30757
    4         1      0.0198815    0.000198815        11.4813       0.114813
    4         1      0.0638974    0.000638974        22.7223       0.227223
    4         1       0.113147     0.00113147        33.1574       0.331574
    4         1       0.172518     0.00172518        44.2475       0.442475
    4         1       0.236301     0.00236301        55.2827       0.552827
    4         1       0.306304     0.00306304         66.607        0.66607
    4         1       0.376561     0.00376561        77.5457       0.775457
    4         1         0.4522       0.004522         88.968        0.88968
    4         1       0.521636     0.00521636         99.385        0.99385
    4         1        0.59684      0.0059684        110.431        1.10431
    4         1       0.672234     0.00672234        121.329        1.21329
    4         1        0.75295      0.0075295        132.861        1.32861
    4         1        0.82779      0.0082779        143.504        1.43504
    4         1       0.908892     0.00908892        154.792        1.54792
    4         1       0.990379     0.00990379        165.972        1.65972
    4         1        1.06626      0.0106626        176.319        1.76319
    4         1        1.14918      0.0114918        187.319        1.87319
    4         1        1.23945      0.0123945        198.964        1.98964
    4         1         1.3251       0.013251        209.807        2.09807
    4         1        1.41273      0.0141273        220.585        2.20585
    4         1        1.50111      0.0150111        231.305        2.31305
    4         1        1.59676      0.0159676        242.683        2.42683
    4         2       0.021394     0.00021394        10.5461       0.105461
    4         2      0.0751993    0.000751993        22.1629       0.221629
    4         2       0.139836     0.00139836        34.3845       0.343845
    4         2       0.209582     0.00209582         46.365        0.46365
    4         2       0.287674     0.00287674        58.5045       0.585045
    4         2       0.365019     0.00365019        70.0751       0.700751
    4         2       0.448775     0.00448775        82.1216       0.821216
    4         2       0.538451     0.00538451        94.6451       0.946451
    4         2       0.629263     0.00629263        106.849        1.06849
    4         2         0.7187       0.007187        118.793        1.18793
    4         2       0.809068     0.00809068        130.518        1.30518
    4         2       0.906227     0.00906227        142.872        1.42872
    4         2       0.996534     0.00996534        154.236        1.54236
    4         2        1.09552      0.0109552        166.255        1.66255
    4         2        1.20256      0.0120256         178.92         1.7892
    4         2        1.30453      0.0130453        190.665        1.90665
    4         2        1.40933      0.0140933        202.303        2.02303
    4         2         1.5236       0.015236        214.611        2.14611
    4         2        1.63827      0.0163827        226.826        2.26826
    4         2        1.75532      0.0175532        238.958        2.38958
    4         3      0.0206936    0.000206936        10.9261       0.109261
    4         3      0.0638059    0.000638059        20.9851       0.209851
    4         3       0.115041     0.00115041        31.5289       0.315289
    4         3       0.171887     0.00171887         41.867        0.41867
    4         3       0.227552     0.00227552        51.5091       0.515091
    4         3       0.288643     0.00288643        61.5453       0.615453
    4         3        0.35036      0.0035036        71.2537       0.712537
    4         3       0.416127     0.00416127        81.4313       0.814313
    4         3       0.483143     0.00483143        91.2975       0.912975
    4         3       0.554821     0.00554821        101.679        1.01679
    4         3       0.625878     0.00625878        111.836        1.11836
    4         3       0.697567     0.00697567        121.798        1.21798
    4         3        0.76874      0.0076874        131.589        1.31589
    4         3       0.845731     0.00845731        141.911        1.41911
    4         3       0.917216     0.00917216        151.403        1.51403
    4         3       0.994681     0.00994681         161.44         1.6144
    4         3        1.07195      0.0107195        171.352        1.71352
    4         3        1.15658      0.0115658        181.802        1.81802
    4         3        1.23723      0.0123723        191.496        1.91496
    4         3        1.32411      0.0132411        201.738        2.01738
    4         3        1.41245      0.0141245        211.889        2.11889
    4         3         1.5026       0.015026         221.96         2.2196
    5         0      0.0250537    0.000250537        14.9686       0.149686
    5         0      0.0765171    0.000765171        25.4756       0.254756
    5         0       0.135778     0.00135778        36.3537       0.363537
    5         0       0.199561     0.00199561        47.2469       0.472469
    5         0       0.268515     0.00268515        58.4405       0.584405
    5         0       0.338123     0.00338123         69.252        0.69252
    5         0       0.411494     0.00411494         80.494        0.80494
    5         0       0.486137     0.00486137        91.3734       0.913734
    5         0       0.564906     0.00564906        102.697        1.02697
    5         0       0.643768     0.00643768         113.76         1.1376
    5         0       0.723278     0.00723278        124.596        1.24596
    5         0       0.806377     0.00806377        135.892        1.35892
    5         0       0.890996     0.00890996         146.99         1.4699
    5         0       0.974901     0.00974901        157.915        1.57915
    5         0        1.06038      0.0106038        168.688        1.68688
    5         0        1.15177      0.0115177        179.947        1.79947
    5         0        1.23979      0.0123979        190.458        1.90458
    5         0        1.33402      0.0133402        201.473        2.01473
    5         0        1.43659      0.0143659        212.987        2.12987
    5         0        1.53445      0.0153445        223.802        2.23802
    5         0        1.63304      0.0163304        234.537        2.34537
    5         1      0.0165039    0.000165039        9.75522      0.0975522
    5         1      0.0795132    0.000795132        21.1185       0.211185
    5         1       0.145948     0.00145948        32.2896       0.322896
    5         1       0.219417     0.00219417         43.476        0.43476
    5         1       0.299462     0.00299462        54.7973       0.547973
    5         1        0.38026      0.0038026         65.474        0.65474
    5         1       0.466587     0.00466587        76.5103       0.765103
    5         1       0.560897     0.00560897        87.8551       0.878551
    5         1       0.654447     0.00654447        98.8337       0.988337
    5         1       0.748357     0.00748357        109.528        1.09528
    5         1       0.848803     0.00848803        120.748        1.20748
    5         1       0.949549     0.00949549        131.777        1.31777
    5         1        1.05118      0.0105118        142.659        1.42659
    5         1        1.15454      0.0115454        153.426        1.53426
    5         1        1.26702      0.0126702        164.813        1.64813
    5         1        1.37543      0.0137543        175.419        1.75419
    5         1        1.49252      0.0149252        186.676        1.86676
    5         1        1.61129      0.0161129         197.89         1.9789
    5         1        1.72479      0.0172479        208.378        2.08378
    5         1        1.84604      0.0184604        219.547        2.19547
    5         1        1.96775      0.0196775        230.707        2.30707
    5         2      0.0209202    0.000209202        13.2692       0.132692
    5         2      0.0777167    0.000777167        23.9525       0.239525
    5         2       0.139619     0.00139619        33.5725       0.335725
    5         2       0.211627     0.00211627        43.9962       0.439962
    5         2       0.285205     0.00285205        53.8986       0.538986
    5         2       0.357528     0.00357528        63.5055       0.635055
    5         2       0.437179     0.00437179        73.6627       0.736627
    5         2        0.51644      0.0051644        83.5435       0.835435
    5         2       0.601439     0.00601439         93.914        0.93914
    5         2       0.680345     0.00680345        103.335        1.03335
    5         2       0.771517     0.00771517         113.98         1.1398
    5         2       0.856557     0.00856557        123.718        1.23718
    5         2       0.948177     0.00948177         133.96         1.3396
    5         2        1.03478      0.0103478        143.359        1.43359
    5         2         1.1342       0.011342         153.93         1.5393
    5         2        1.22891      0.0122891        163.691        1.63691
    5         2        1.33329      0.0133329        173.961        1.73961
    5         2        1.43225      0.0143225        183.469        1.83469
    5         2        1.53919      0.0153919        193.496        1.93496
    5         2        1.64826      0.0164826        203.418        2.03418
    5         2        1.76554      0.0176554        213.855        2.13855
    5         3      0.0223306    0.000223306        13.3607       0.133607
    5         3      0.0897491    0.000897491        22.9142       0.229142
    5         3       0.163354     0.00163354        31.4654       0.314654
    5         3       0.253552     0.00253552        40.8381       0.408381
    5         3       0.343254     0.00343254        49.7007       0.497007
    5         3        0.43365      0.0043365         58.262        0.58262
    5         3       0.531727     0.00531727        67.3335       0.673335
    5         3       0.637999     0.00637999        76.8921       0.768921
    5         3       0.736544     0.00736544        85.4292       0.854292
    5         3       0.842146     0.00842146        94.4554       0.944554
    5         3         0.9573       0.009573        103.939        1.03939
    5         3        1.06494      0.0106494        112.555        1.12555
    5         3        1.18307      0.0118307        121.651        1.21651
    5         3        1.30379      0.0130379        130.579        1.30579
    5         3        1.43695      0.0143695        139.982        1.39982
    5         3        1.56306      0.0156306        148.623        1.48623
    5         3        1.70004      0.0170004        157.754        1.57754
    5         3        1.83888      0.0183888        166.768        1.66768
    5         3        1.97823      0.0197823        175.679        1.75679
    5         3        2.11832      0.0211832        184.499        1.84499
    5         3        2.26807      0.0226807        193.818        1.93818
    5         3        2.40829      0.0240829        202.481        2.02481
    6         0      0.0169618    0.000169618        13.8914       0.138914
    6         0      0.0624033    0.000624033        25.5479       0.255479
    6         0       0.117172     0.00117172        36.9763       0.369763
    6         0        0.17539      0.0017539        47.9825       0.479825
    6         0       0.233544     0.00233544        58.2268       0.582268
    6         0       0.302212     0.00302212        69.6013       0.696013
    6         0       0.370515     0.00370515         80.512        0.80512
    6         0       0.443688     0.00443688        91.7427       0.917427
    6         0       0.517335     0.00517335        102.645        1.02645
    6         0       0.594554     0.00594554        113.968        1.13968
    6         0       0.668087     0.00668087        124.341        1.24341
    6         0       0.751409     0.00751409        135.858        1.35858
    6         0       0.828915     0.00828915        146.498        1.46498
    6         0       0.912688     0.00912688        157.622        1.57622
    6         0        0.99549      0.0099549        168.585        1.68585
    6         0         1.0804       0.010804        179.411        1.79411
    6         0        1.17064      0.0117064        190.743        1.90743
    6         0        1.26359      0.0126359        201.961        2.01961
    6         0        1.35171      0.0135171        212.466        2.12466
    6         0        1.44765      0.0144765        223.507        2.23507
    6         0         1.5447       0.015447        234.476        2.34476
    6         1      0.0245442    0.000245442        14.7974       0.147974
    6         1      0.0792403    0.000792403        26.5863       0.265863
    6         1       0.139588     0.00139588        37.3831       0.373831
    6         1       0.204507     0.00204507         48.311        0.48311
    6         1       0.276357     0.00276357        59.7448       0.597448
    6         1       0.346972     0.00346972        70.8536       0.708536
    6         1       0.418799     0.00418799        81.6938       0.816938
    6         1        0.49062      0.0049062         92.254        0.92254
    6         1       0.567152     0.00567152        103.465        1.03465
    6         1       0.644905     0.00644905        114.457        1.14457
    6         1       0.721953     0.00721953        125.255        1.25255
    6         1       0.805205     0.00805205         136.69         1.3669
    6         1       0.889031     0.00889031        147.948        1.47948
    6         1       0.966324     0.00966324        158.261        1.58261
    6         1        1.05137      0.0105137        169.232        1.69232
    6         1        1.14233      0.0114233        180.851        1.80851
    6         1           1.23         0.0123        191.583        1.91583
    6         1        1.32489      0.0132489        202.975        2.02975
    6         1        1.41494      0.0141494        213.522        2.13522
    6         1        1.51388      0.0151388         224.74         2.2474
    6         1        1.61292      0.0161292        235.885        2.35885
    6         1        1.71311      0.0171311        246.966        2.46966
    6         2      0.0248703    0.000248703        14.9079       0.149079
    6         2      0.0634583    0.000634583        23.5949       0.235949
    6         2       0.106568     0.00106568        32.7852       0.327852
    6         2       0.148718     0.00148718        41.2221       0.412221
    6         2       0.200322     0.00200322        50.7312       0.507312
    6         2       0.251199     0.00251199        59.5951       0.595951
    6         2       0.307803     0.00307803        68.6947       0.686947
    6         2        0.36453      0.0036453        77.3683       0.773683
    6         2       0.425134     0.00425134        86.3248       0.863248
    6         2       0.490862     0.00490862        95.6401       0.956401
    6         2       0.556914     0.00556914        104.684        1.04684
    6         2        0.62292      0.0062292        113.523        1.13523
    6         2       0.692482     0.00692482        122.816        1.22816
    6         2       0.763416     0.00763416         131.97         1.3197
    6         2       0.829332     0.00829332        140.415        1.40415
    6         2       0.903755     0.00903755        149.978        1.49978
    6         2       0.975253     0.00975253        158.879        1.58879
    6         2        1.04701      0.0104701        167.735        1.67735
    6         2        1.11857      0.0111857        176.559        1.76559
    6         2        1.19685      0.0119685        185.948        1.85948
    6         2        1.27171      0.0127171        194.738        1.94738
    6         3      0.0182378    0.000182378        13.5894       0.135894
    6         3      0.0575549    0.000575549        24.0206       0.240206
    6         3       0.106948     0.00106948        34.5053       0.345053
    6         3       0.160295     0.00160295        44.4808       0.444808
    6         3       0.217875     0.00217875        54.4999       0.544999
    6         3       0.280105     0.00280105        64.8384       0.648384
    6         3       0.343252     0.00343252        74.8671       0.748671
    6         3       0.406011     0.00406011        84.6336       0.846336
    6         3       0.473126     0.00473126        94.9425       0.949425
    6         3       0.536061     0.00536061        104.357        1.04357
    6         3       0.603615     0.00603615        114.349        1.14349
    6         3       0.675466     0.00675466        124.901        1.24901
    6         3       0.743329     0.00743329        134.621        1.34621
    6         3         0.8153       0.008153        144.909        1.44909
    6         3       0.882826     0.00882826        154.404        1.54404
    6         3       0.956078     0.00956078        164.472        1.64472
    6         3        1.02877      0.0102877        174.441        1.74441
    6         3        1.10749      0.0110749        184.976        1.84976
    6         3        1.18279      0.0118279        194.768        1.94768
    6         3        1.25835      0.0125835        204.486        2.04486
    6         3         1.3415       0.013415         214.78         2.1478
    7         0      0.0191649    0.000191649        11.2883       0.112883
    7         0      0.0593507    0.000593507        20.4592       0.204592
    7         0        0.10345      0.0010345        29.2238       0.292238
    7         0       0.152346     0.00152346        38.2777       0.382777
    7         0       0.205876     0.00205876        47.7411       0.477411
    7         0       0.258785     0.00258785        56.8266       0.568266
    7         0       0.312899     0.00312899        65.6237       0.656237
    7         0       0.371911     0.00371911        74.9284       0.749284
    7         0       0.429898     0.00429898        83.9299       0.839299
    7         0       0.488549     0.00488549        92.6942       0.926942
    7         0       0.552372     0.00552372        101.973        1.01973
    7         0       0.610592     0.00610592        110.364        1.10364
    7         0       0.678659     0.00678659        119.973        1.19973
    7         0       0.742525     0.00742525        128.742        1.28742
    7         0       0.805817     0.00805817        137.382        1.37382
    7         0       0.873893     0.00873893        146.559        1.46559
    7         0       0.943012     0.00943012        155.619        1.55619
    7         0        1.01177      0.0101177        164.577        1.64577
    7         0         1.0812       0.010812        173.442        1.73442
    7         0        1.15715      0.0115715         182.85         1.8285
    7         0        1.22812      0.0122812        191.556        1.91556
    7         0        1.30659      0.0130659        200.812        2.00812
    7         1      0.0215286    0.000215286        11.8612       0.118612
    7         1      0.0613793    0.000613793        21.4023       0.214023
    7         1       0.105788     0.00105788        30.4344       0.304344
    7         1       0.153918     0.00153918        39.2742       0.392742
    7         1       0.211324     0.00211324        48.9359       0.489359
    7         1       0.268359     0.00268359        57.9885       0.579885
    7         1       0.326374     0.00326374        66.6785       0.666785
    7         1        0.38922      0.0038922        75.7854       0.757854
    7         1       0.450863     0.00450863        84.6064       0.846064
    7         1       0.518638     0.00518638        93.8919       0.938919
    7         1       0.586182     0.00586182        102.999        1.02999
    7         1       0.652621     0.00652621        111.959        1.11959
    7         1       0.720389     0.00720389         120.79         1.2079
    7         1       0.787914     0.00787914        129.509        1.29509
    7         1       0.859363     0.00859363        138.741        1.38741
    7         1       0.931931     0.00931931        147.872        1.47872
    7         1        1.00514      0.0100514        156.913        1.56913
    7         1        1.07776      0.0107776        165.874        1.65874
    7         1        1.15228      0.0115228        174.762        1.74762
    7         1         1.2275       0.012275        183.584        1.83584
    7         1        1.30908      0.0130908        192.931        1.92931
    7         2      0.0238729    0.000238729         12.328        0.12328
    7         2      0.0591356    0.000591356        20.9061       0.209061
    7         2      0.0930103    0.000930103        28.2777       0.282777
    7         2       0.134888     0.00134888        36.4052       0.364052
    7         2       0.180495     0.00180495        44.6166       0.446166
    7         2       0.226462     0.00226462        52.3752       0.523752
    7         2       0.275515     0.00275515        60.4199       0.604199
    7         2       0.328665     0.00328665        68.7698       0.687698
    7         2       0.382336     0.00382336        76.8347       0.768347
    7         2       0.435917     0.00435917        84.6145       0.846145
    7         2       0.493136     0.00493136        92.7278       0.927278
    7         2       0.549839     0.00549839        100.643        1.00643
    7         2       0.611038     0.00611038        108.898        1.08898
    7         2       0.672406     0.00672406        116.985        1.16985
    7         2       0.732652     0.00732652        124.924        1.24924
    7         2       0.793947     0.00793947        132.736        1.32736
    7         2        0.85903      0.0085903        140.911        1.40911
    7         2       0.923504     0.00923504        148.972        1.48972
    7         2       0.989056     0.00989056        156.934        1.56934
    7         2        1.05506      0.0105506        164.807        1.64807
    7         3      0.0198024    0.000198024        11.8547       0.118547
    7         3      0.0605809    0.000605809        20.2919       0.202919
    7         3       0.114207     0.00114207        29.7188       0.297188
    7         3       0.166325     0.00166325        38.6143       0.386143
    7         3       0.222223     0.00222223        47.8726       0.478726
    7         3       0.278837     0.00278837        56.9016       0.569016
    7         3       0.335641     0.00335641        65.7443       0.657443
    7         3       0.391306     0.00391306        74.4173       0.744173
    7         3       0.452195     0.00452195        83.5012       0.835012
    7         3       0.516512     0.00516512        92.9973       0.929973
    7         3       0.576599     0.00576599        101.755        1.01755
    7         3       0.641542     0.00641542        110.959        1.10959
    7         3       0.702032     0.00702032        119.471        1.19471
    7         3       0.770239     0.00770239        128.994        1.28994
    7         3          0.835        0.00835        137.848        1.37848
    7         3       0.899797     0.00899797        146.606        1.46606
    7         3       0.968373     0.00968373        155.815        1.55815
    7         3        1.03828      0.0103828        164.932        1.64932
    7         3        1.10759      0.0110759        173.967        1.73967
    7         3        1.17906      0.0117906        182.924        1.82924
    7         3        1.25119      0.0125119        191.811        1.91811
    7         3        1.32434      0.0132434        200.633        2.00633
    8         0      0.0314237    0.000314237        12.7106       0.127106
    8         0      0.0610519    0.000610519        20.9387       0.209387
    8         0      0.0939721    0.000939721        28.8392       0.288392
    8         0       0.130184     0.00130184        36.6809       0.366809
    8         0       0.169689     0.00169689        44.6143       0.446143
    8         0        0.21289      0.0021289         52.714        0.52714
    8         0       0.257672     0.00257672        60.4425       0.604425
    8         0       0.305706     0.00305706        68.4464       0.684464
    8         0       0.357091     0.00357091        76.7297       0.767297
    8         0       0.408053     0.00408053        84.7075       0.847075
    8         0       0.462967     0.00462967        92.9814       0.929814
    8         0       0.514622     0.00514622         100.55         1.0055
    8         0       0.573058     0.00573058        108.943        1.08943
    8         0        0.62814      0.0062814        116.686        1.16686
    8         0       0.686634     0.00686634        124.773        1.24773
    8         0       0.744414     0.00744414        132.733        1.32733
    8         0       0.802778     0.00802778        140.583        1.40583
    8         0        0.86487      0.0086487        148.791        1.48791
    8         0       0.927348     0.00927348        156.906        1.56906
    8         0       0.990168     0.00990168        164.939        1.64939
    8         0        1.05313      0.0105313        172.901        1.72901
    8         1      0.0259769    0.000259769        13.6422       0.136422
    8         1      0.0608523    0.000608523        21.2922       0.212922
    8         1       0.102703     0.00102703         29.845        0.29845
    8         1       0.144553     0.00144553         37.836        0.37836
    8         1       0.189891     0.00189891        45.9657       0.459657
    8         1       0.235229     0.00235229         53.641        0.53641
    8         1       0.284056     0.00284056        61.4784       0.614784
    8         1       0.339855     0.00339855        69.9994       0.699994
    8         1       0.392249     0.00392249        77.6437       0.776437
    8         1       0.451418     0.00451418        85.9233       0.859233
    8         1       0.509923     0.00509923        93.9313       0.939313
    8         1       0.569514     0.00569514        101.715        1.01715
    8         1       0.632278     0.00632278        109.766        1.09766
    8         1       0.695144     0.00695144        117.661        1.17661
    8         1       0.761582     0.00761582        125.861        1.25861
    8         1       0.827149     0.00827149        133.952        1.33952
    8         1       0.893775     0.00893775        141.958        1.41958
    8         1       0.960749     0.00960749        149.895        1.49895
    8         1        1.02814      0.0102814        157.778        1.57778
    8         1        1.09603      0.0109603        165.619        1.65619
    8         1        1.16815      0.0116815        173.837        1.73837
    8         2      0.0237586    0.000237586        11.9125       0.119125
    8         2      0.0599942    0.000599942        21.7945       0.217945
    8         2       0.100759     0.00100759        30.7116       0.307116
    8         2       0.146054     0.00146054          39.48         0.3948
    8         2       0.196872     0.00196872        48.4779       0.484779
    8         2       0.252686     0.00252686        57.8587       0.578587
    8         2       0.308213     0.00308213        66.9309       0.669309
    8         2       0.363134     0.00363134        75.7544       0.757544
    8         2        0.41899      0.0041899         84.307        0.84307
    8         2       0.479685     0.00479685        93.3395       0.933395
    8         2       0.543769     0.00543769        102.831        1.02831
    8         2       0.604561     0.00604561        111.451        1.11451
    8         2       0.669598     0.00669598        120.547        1.20547
    8         2       0.734968     0.00734968        129.469        1.29469
    8         2       0.803872     0.00803872        138.855        1.38855
    8         2       0.869379     0.00869379        147.471        1.47471
    8         2       0.939908     0.00939908        156.563        1.56563
    8         2        1.01025      0.0101025        165.527        1.65527
    8         2        1.08645      0.0108645         174.96         1.7496
    8         2        1.15934      0.0115934        183.697        1.83697
    8         2        1.23684      0.0123684        192.914        1.92914
    8         3      0.0308523    0.000308523        13.5085       0.135085
    8         3       0.063558     0.00063558        20.8197       0.208197
    8         3      0.0992369    0.000992369        27.9288       0.279288
    8         3       0.134916     0.00134916        34.6646       0.346646
    8         3       0.173713     0.00173713        41.7031       0.417031
    8         3       0.213267     0.00213267         48.549        0.48549
    8         3       0.254911     0.00254911        55.7489       0.557489
    8         3       0.297628     0.00297628        62.7878       0.627878
    8         3        0.34022      0.0034022         69.691        0.69691
    8         3       0.386043     0.00386043        76.9572       0.769572
    8         3       0.427874     0.00427874        83.5811       0.835811
    8         3       0.473134     0.00473134        90.5595       0.905595
    8         3       0.522047     0.00522047        97.8887       0.978887
    8         3       0.567909     0.00567909        104.656        1.04656
    8         3       0.615876     0.00615876        111.778        1.11778
    8         3       0.663978     0.00663978        118.807        1.18807
    8         3       0.712993     0.00712993        125.751        1.25751
    8         3       0.761046     0.00761046        132.617        1.32617
    8         3       0.812175     0.00812175        139.834        1.39834
    8         3       0.864111     0.00864111        146.976        1.46976
    8         3       0.913173     0.00913173        153.635        1.53635
    9         0       0.011272     0.00011272        10.6341       0.106341
    9         0      0.0454666    0.000454666        18.6081       0.186081
    9         0      0.0872599    0.000872599        26.7919       0.267919
    9         0       0.129053     0.00129053         34.392        0.34392
    9         0       0.177191     0.00177191        42.9696       0.429696
    9         0       0.217352     0.00217352        50.6173       0.506173
    9         0       0.263465     0.00263465        58.6845       0.586845
    9         0       0.308582     0.00308582        66.5615       0.665615
    9         0       0.357562     0.00357562        74.8358       0.748358
    9         0       0.406301     0.00406301        82.9116       0.829116
    9         0       0.454479     0.00454479        90.8097       0.908097
    9         0       0.503669     0.00503669        98.5699       0.985699
    9         0       0.556132     0.00556132         106.74         1.0674
    9         0        0.60862      0.0060862        114.778        1.14778
    9         0       0.661224     0.00661224        122.695        1.22695
    9         0       0.713156     0.00713156        130.504        1.30504
    9         0       0.768884     0.00768884        138.723        1.38723
    9         0       0.825024     0.00825024        146.838        1.46838
    9         0       0.881349     0.00881349        154.858        1.54858
    9         0       0.937968     0.00937968         162.79         1.6279
    9         0       0.994567     0.00994567        170.642        1.70642
    9         1       0.027726     0.00027726        12.6744       0.126744
    9         1      0.0658763    0.000658763        21.8336       0.218336
    9         1       0.107495     0.00107495         30.395        0.30395
    9         1       0.156117     0.00156117        39.7612       0.397612
    9         1       0.204572     0.00204572        48.7662       0.487662
    9         1       0.254657     0.00254657        57.5277       0.575277
    9         1       0.307167     0.00307167        66.6993       0.666993
    9         1       0.359385     0.00359385        75.6937       0.756937
    9         1       0.412367     0.00412367        84.4727       0.844727
    9         1       0.468916     0.00468916        93.6654       0.936654
    9         1       0.525486     0.00525486        102.704        1.02704
    9         1       0.582278     0.00582278        111.608        1.11608
    9         1       0.641365     0.00641365        120.933        1.20933
    9         1       0.698092     0.00698092        129.594        1.29594
    9         1       0.758176     0.00758176        138.685        1.38685
    9         1        0.81827      0.0081827         147.67         1.4767
    9         1       0.878775     0.00878775        156.557        1.56557
    9         1       0.942123     0.00942123        165.869        1.65869
    9         1         1.0032       0.010032        174.577        1.74577
    9         1        1.06825      0.0106825        183.714        1.83714
    9         2      0.0224403    0.000224403        13.6788       0.136788
    9         2      0.0655669    0.000655669        22.8791       0.228791
    9         2       0.112288     0.00112288        31.4209       0.314209
    9         2       0.166127     0.00166127        40.6849       0.406849
    9         2       0.217098     0.00217098         49.614        0.49614
    9         2       0.273139     0.00273139        58.8996       0.588996
    9         2       0.328707     0.00328707        67.9823       0.679823
    9         2       0.384419     0.00384419        76.9077       0.769077
    9         2       0.440071     0.00440071        85.6289       0.856289
    9         2       0.498398     0.00498398        94.7541       0.947541
    9         2        0.55777      0.0055777        103.743        1.03743
    9         2       0.616971     0.00616971        112.615        1.12615
    9         2       0.679772     0.00679772        121.892        1.21892
    9         2       0.739067     0.00739067        130.554        1.30554
    9         2       0.800914     0.00800914         139.63         1.3963
    9         2       0.864069     0.00864069        148.615        1.48615
    9         2       0.927293     0.00927293        157.516        1.57516
    9         2       0.994381     0.00994381         166.83         1.6683
    9         2        1.05789      0.0105789         175.58         1.7558
    9         2         1.1259       0.011259        184.746        1.84746
    9         3      0.0262451    0.000262451         10.739        0.10739
    9         3      0.0554493    0.000554493        17.8423       0.178423
    9         3      0.0904943    0.000904943        24.9031       0.249031
    9         3        0.12846      0.0012846        31.8997       0.318997
    9         3       0.166071     0.00166071        38.5373       0.385373
    9         3       0.210034     0.00210034        45.9068       0.459068
    9         3       0.251823     0.00251823        52.5779       0.525779
    9         3       0.294943     0.00294943        59.5467       0.595467
    9         3       0.341942     0.00341942        66.8161       0.668161
    9         3       0.389172     0.00389172         73.939        0.73939
    9         3       0.436395     0.00436395        80.9089       0.809089
    9         3       0.482537     0.00482537        87.7258       0.877258
    9         3       0.532504     0.00532504        94.8616       0.948616
    9         3       0.582708     0.00582708        101.883        1.01883
    9         3       0.632962     0.00632962        108.806        1.08806
    9         3       0.682102     0.00682102         115.64         1.1564
    9         3       0.735028     0.00735028        122.786        1.22786
    9         3       0.788168     0.00788168        129.848        1.29848
    9         3       0.841105     0.00841105        136.833        1.36833
    9         3       0.893407     0.00893407        143.748        1.43748
    9         3       0.950007     0.00950007        150.976        1.50976
    9         3        1.00396      0.0100396        157.762        1.57762
   10         0      0.0212034    0.000212034         9.0444       0.090444
   10         0      0.0469559    0.000469559        16.3317       0.163317
   10         0      0.0791465    0.000791465        23.7061       0.237061
   10         0       0.114556     0.00114556        30.8122       0.308122
   10         0       0.149905     0.00149905        37.4159       0.374159
   10         0       0.192463     0.00192463        44.8703       0.448703
   10         0       0.231256     0.00231256        51.5269       0.515269
   10         0       0.273985     0.00273985         58.558        0.58558
   10         0       0.319598     0.00319598        65.9577       0.659577
   10         0       0.362198     0.00362198        72.6696       0.726696
   10         0       0.407959     0.00407959        79.7351       0.797351
   10         0       0.453728     0.00453728        86.6089       0.866089
   10         0       0.503024     0.00503024        93.8339       0.938339
   10         0       0.552006     0.00552006        100.911        1.00911
   10         0       0.600491     0.00600491        107.857        1.07857
   10         0        0.64966      0.0064966        114.682        1.14682
   10         0       0.702103     0.00702103        121.841        1.21841
   10         0       0.754673     0.00754673        128.885        1.28885
   10         0       0.807052     0.00807052        135.824        1.35824
   10         0       0.859551     0.00859551        142.668        1.42668
   10         0       0.915616     0.00915616        149.843        1.49843
   10         1      0.0269828    0.000269828         10.305        0.10305
   10         1      0.0591321    0.000591321        17.6582       0.176582
   10         1      0.0948534    0.000948534        24.5088       0.245088
   10         1       0.134147     0.00134147        31.5025       0.315025
   10         1       0.178268     0.00178268         38.795        0.38795
   10         1       0.221085     0.00221085        45.8658       0.458658
   10         1       0.265359     0.00265359        52.7758       0.527758
   10         1       0.308922     0.00308922        59.5439       0.595439
   10         1       0.355633     0.00355633         66.764        0.66764
   10         1       0.403483     0.00403483        73.8559       0.738559
   10         1       0.451139     0.00451139        80.8193       0.808193
   10         1       0.498814     0.00498814        87.6467       0.876467
   10         1       0.550024     0.00550024        94.9075       0.949075
   10         1       0.596826     0.00596826        101.557        1.01557
   10         1       0.648379     0.00648379        108.631        1.08631
   10         1       0.699618     0.00699618        115.621        1.15621
   10         1       0.751128     0.00751128        122.534        1.22534
   10         1       0.805814     0.00805814         129.86         1.2986
   10         1       0.856693     0.00856693        136.628        1.36628
   10         1       0.912318     0.00912318        143.811        1.43811
   10         1       0.967827     0.00967827        150.926        1.50926
   10         1        1.02394      0.0102394        157.978        1.57978
   10         2     0.00936573    9.36573e-05        11.9058       0.119058
   10         2      0.0491193    0.000491193        18.8797       0.188797
   10         2      0.0888728    0.000888728        25.4325       0.254325
   10         2       0.136577     0.00136577         32.927        0.32927
   10         2       0.177184     0.00177184        39.4996       0.394996
   10         2       0.221925     0.00221925        46.9486       0.469486
   10         2       0.264198     0.00264198        53.5626       0.535626
   10         2       0.313192     0.00313192        60.9919       0.609919
   10         2       0.358846     0.00358846        67.6714       0.676714
   10         2       0.408005     0.00408005        74.6387       0.746387
   10         2       0.460359     0.00460359        81.8562       0.818562
   10         2       0.512398     0.00512398        88.8519       0.888519
   10         2       0.565302     0.00565302        95.6881       0.956881
   10         2        0.62159      0.0062159        102.815        1.02815
   10         2       0.677797     0.00677797          109.8          1.098
   10         2       0.734043     0.00734043        116.661        1.16661
   10         2       0.792786     0.00792786        123.834        1.23834
   10         2        0.85265      0.0085265        130.903        1.30903
   10         2       0.912778     0.00912778         137.88         1.3788
   10         2       0.973169     0.00973169        144.779        1.44779
   10         2        1.03383      0.0103383        151.608        1.51608
   10         2        1.09798      0.0109798        158.773        1.58773
   10         3      0.0364659    0.000364659        12.4992       0.124992
   10         3      0.0692229    0.000692229        19.4487       0.194487
   10         3        0.10562      0.0010562        26.8248       0.268248
   10         3       0.142016     0.00142016        33.9044       0.339044
   10         3       0.178755     0.00178755        40.7372       0.407372
   10         3       0.216626     0.00216626        47.3519       0.473519
   10         3       0.257588     0.00257588        54.4232       0.544232
   10         3        0.30177      0.0030177        61.9062       0.619062
   10         3       0.343207     0.00343207        68.5912       0.685912
   10         3       0.388358     0.00388358        75.6975       0.756975
   10         3        0.43348      0.0043348        82.5976       0.825976
   10         3       0.481698     0.00481698        89.8834       0.898834
   10         3       0.526584     0.00526584        96.4729       0.964729
   10         3       0.575542     0.00575542        103.469        1.03469
   10         3       0.628075     0.00628075        110.862        1.10862
   10         3       0.677152     0.00677152        117.607        1.17607
   10         3       0.728943     0.00728943        124.755        1.24755
   10         3       0.781469     0.00781469        131.796        1.31796
   10         3       0.834154     0.00834154         138.74         1.3874
   10         3        0.88704      0.0088704        145.596        1.45596
   10         3       0.943732     0.00943732        152.853        1.52853
   10         3       0.996111     0.00996111        159.551        1.59551
   11         0      0.0346005    0.000346005        14.9386       0.149386
   11         0      0.0607202    0.000607202         21.599        0.21599
   11         0      0.0920639    0.000920639        28.7445       0.287445
   11         0        0.12602      0.0012602        35.8874       0.358874
   11         0       0.159961     0.00159961        42.6216       0.426216
   11         0       0.196548     0.00196548        49.5377       0.495377
   11         0       0.236766     0.00236766        56.6396       0.566396
   11         0       0.280214     0.00280214         63.942        0.63942
   11         0       0.323346     0.00323346         70.992        0.70992
   11         0       0.366661     0.00366661        77.8444       0.778444
   11         0       0.412165     0.00412165        84.8835       0.848835
   11         0       0.457533     0.00457533        91.7562       0.917562
   11         0        0.50637      0.0050637        98.8743       0.988743
   11         0       0.555074     0.00555074         105.85         1.0585
   11         0       0.603796     0.00603796        112.706        1.12706
   11         0       0.655086     0.00655086        119.829        1.19829
   11         0        0.70594      0.0070594        126.852        1.26852
   11         0       0.756891     0.00756891        133.788        1.33788
   11         0       0.808319     0.00808319        140.648        1.40648
   11         0       0.862326     0.00862326        147.799        1.47799
   11         0       0.916843     0.00916843        154.887        1.54887
   11         1       0.036405     0.00036405        19.8244       0.198244
   11         1      0.0737136    0.000737136        26.5612       0.265612
   11         1       0.113892     0.00113892        33.7259       0.337259
   11         1       0.154069     0.00154069        40.7771       0.407771
   11         1       0.194704     0.00194704        47.6936       0.476936
   11         1       0.238781     0.00238781        54.9453       0.549453
   11         1         0.2795       0.002795        61.5545       0.615545
   11         1       0.326566     0.00326566        68.9258       0.689258
   11         1       0.370901     0.00370901        75.6677       0.756677
   11         1        0.41802      0.0041802        82.6525       0.826525
   11         1       0.467659     0.00467659        89.8857       0.898857
   11         1       0.517571     0.00517571        96.9737       0.969737
   11         1       0.567955     0.00567955        103.932        1.03932
   11         1       0.618026     0.00618026        110.789        1.10789
   11         1       0.670616     0.00670616        117.961        1.17961
   11         1       0.720698     0.00720698        124.673        1.24673
   11         1       0.773936     0.00773936        131.731        1.31731
   11         1       0.826719     0.00826719        138.755        1.38755
   11         1       0.879469     0.00879469        145.759        1.45759
   11         1         0.9331       0.009331        152.753        1.52753
   11         1       0.986607     0.00986607        159.747        1.59747
   11         2      0.0293704    0.000293704        12.7658       0.127658
   11         2      0.0556792    0.000556792        18.5357       0.185357
   11         2      0.0891632    0.000891632        24.9512       0.249512
   11         2       0.122647     0.00122647        30.9815       0.309815
   11         2       0.156091     0.00156091         36.802        0.36802
   11         2       0.192309     0.00192309         42.883        0.42883
   11         2       0.228748     0.00228748        48.8425       0.488425
   11         2        0.26513      0.0026513        54.7043       0.547043
   11         2       0.303747     0.00303747        60.8515       0.608515
   11         2       0.341956     0.00341956        66.9149       0.669149
   11         2       0.380752     0.00380752        72.9007       0.729007
   11         2       0.419714     0.00419714        78.8062       0.788062
   11         2       0.461142     0.00461142         84.962        0.84962
   11         2       0.500209     0.00500209        90.6928       0.906928
   11         2       0.541567     0.00541567        96.7163       0.967163
   11         2       0.582876     0.00582876        102.672        1.02672
   11         2       0.626591     0.00626591        108.913        1.08913
   11         2       0.668015     0.00668015        114.749        1.14749
   11         2       0.711819     0.00711819        120.871        1.20871
   11         2        0.75558      0.0075558        126.937        1.26937
   11         2       0.799521     0.00799521        132.952        1.32952
   11         2       0.843175     0.00843175        138.917        1.38917
   11         3      0.0288808    0.000288808        13.8734       0.138734
   11         3      0.0609409    0.000609409        20.4882       0.204882
   11         3       0.100126     0.00100126        27.8548       0.278548
   11         3        0.13931      0.0013931        34.8965       0.348965
   11         3       0.179625     0.00179625        41.7176       0.417176
   11         3       0.221935     0.00221935        48.9628       0.489628
   11         3       0.263047     0.00263047         55.441        0.55441
   11         3       0.309926     0.00309926        62.9318       0.629318
   11         3       0.352974     0.00352974        69.6914       0.696914
   11         3       0.400601     0.00400601        76.8688       0.768688
   11         3       0.448109     0.00448109         83.856        0.83856
   11         3       0.495675     0.00495675        90.7054       0.907054
   11         3       0.546866     0.00546866         97.948        0.97948
   11         3       0.593527     0.00593527        104.554        1.04554
   11         3       0.644782     0.00644782        111.554        1.11554
   11         3       0.699704     0.00699704        118.932        1.18932
   11         3       0.751082     0.00751082        125.714        1.25714
   11         3       0.805537     0.00805537        132.878        1.32878
   11         3       0.859787     0.00859787        139.944        1.39944
   11         3       0.915149     0.00915149         146.92         1.4692
   11         3       0.970481     0.00970481        153.811        1.53811
