 *tel    numcsi   CsIInVoltage     errCsIInVoltage           CsIE       errCsIE
    0         0      0.0233877    0.000233877        15.1955       0.151955
    0         0      0.0883465    0.000883465        28.1193       0.281193
    0         0       0.163056     0.00163056         41.227        0.41227
    0         0       0.246542     0.00246542        54.4725       0.544725
    0         0       0.329021     0.00329021         67.303        0.67303
    0         0        0.41937      0.0041937        80.8778       0.808778
    0         0       0.503185     0.00503185        93.2273       0.932273
    0         0       0.593013     0.00593013        106.437        1.06437
    0         0       0.682854     0.00682854        119.486        1.19486
    0         0       0.774106     0.00774106        132.388        1.32388
    0         0        0.86372      0.0086372        145.156        1.45156
    0         0       0.962224     0.00962224        158.769        1.58769
    0         0        1.05474      0.0105474        171.295        1.71295
    0         0        1.15479      0.0115479        184.675        1.84675
    0         0        1.25712      0.0125712        197.954        1.97954
    0         0         1.3548       0.013548        210.205        2.10205
    0         0        1.46147      0.0146147        223.323        2.23323
    0         0        1.56961      0.0156961        236.374        2.36374
    0         0         1.6807       0.016807        249.368        2.49368
    0         0        1.79139      0.0179139        262.313        2.62313
    0         0         1.9027       0.019027        275.217        2.75217
    0         0         2.0149       0.020149        288.089        2.88089
    0         1      0.0204121    0.000204121         13.882        0.13882
    0         1       0.110657     0.00110657        29.3274       0.293274
    0         1       0.195574     0.00195574        44.0444       0.440444
    0         1       0.288769     0.00288769        59.4167       0.594167
    0         1       0.382742     0.00382742        74.2583       0.742583
    0         1       0.484001     0.00484001        89.7195       0.897195
    0         1       0.586151     0.00586151        104.775        1.04775
    0         1        0.68714      0.0068714        119.498        1.19498
    0         1       0.795669     0.00795669         134.97         1.3497
    0         1       0.896985     0.00896985        149.173        1.49173
    0         1         1.0075       0.010075        164.178        1.64178
    0         1        1.12601      0.0112601         179.98         1.7998
    0         1        1.24063      0.0124063        194.636        1.94636
    0         1         1.3576       0.013576        209.161        2.09161
    0         1        1.48495      0.0148495        224.536        2.24536
    0         1        1.61543      0.0161543        239.809        2.39809
    0         1        1.74784      0.0174784        254.999        2.54999
    0         1        1.87239      0.0187239        269.179        2.69179
    0         1        2.00543      0.0200543        284.252        2.84252
    0         1        2.14017      0.0214017        299.283        2.99283
    0         1        2.27485      0.0227485        314.283        3.14283
    0         1        2.40966      0.0240966        329.263        3.29263
    0         2      0.0271294    0.000271294        14.7717       0.147717
    0         2       0.116301     0.00116301        29.8596       0.298596
    0         2       0.210145     0.00210145        45.2427       0.452427
    0         2       0.304014     0.00304014         60.108        0.60108
    0         2       0.405502     0.00405502        75.6058       0.756058
    0         2       0.508125     0.00508125        90.6376       0.906376
    0         2       0.609874     0.00609874        105.306        1.05306
    0         2       0.719494     0.00719494        120.686        1.20686
    0         2       0.828286     0.00828286        135.768        1.35768
    0         2       0.938114     0.00938114        150.597        1.50597
    0         2        1.04902      0.0104902        165.207        1.65207
    0         2        1.16968      0.0116968        180.583        1.80583
    0         2        1.29344      0.0129344        195.774        1.95774
    0         2        1.42059      0.0142059        210.805        2.10805
    0         2        1.54972      0.0154972        225.697        2.25697
    0         2        1.68215      0.0168215        240.472        2.40472
    0         2        1.81486      0.0181486        255.144        2.55144
    0         2        1.95805      0.0195805        270.639        2.70639
    0         2        2.09265      0.0209265        285.146        2.85146
    0         2        2.23698      0.0223698        300.492        3.00492
    0         2        2.38132      0.0238132        315.781        3.15781
    0         3      0.0246106    0.000246106        15.8341       0.158341
    0         3       0.109839     0.00109839        30.1218       0.301218
    0         3       0.199993     0.00199993        44.6125       0.446125
    0         3       0.289586     0.00289586         58.637        0.58637
    0         3       0.380617     0.00380617        72.2763       0.722763
    0         3       0.477959     0.00477959         86.633        0.86633
    0         3        0.57535      0.0057535        100.672        1.00672
    0         3       0.672753     0.00672753        114.445        1.14445
    0         3        0.77067      0.0077067        127.992        1.27992
    0         3       0.875779     0.00875779        142.364        1.42364
    0         3       0.983005     0.00983005        156.544        1.56544
    0         3        1.09023      0.0109023        170.559        1.70559
    0         3        1.19952      0.0119952        184.432        1.84432
    0         3        1.31265      0.0131265        198.182        1.98182
    0         3        1.43533      0.0143533        212.797        2.12797
    0         3        1.55187      0.0155187        226.344        2.26344
    0         3        1.67906      0.0167906        240.774        2.40774
    0         3        1.79958      0.0179958        254.176        2.54176
    0         3        1.92937      0.0192937        268.474        2.68474
    0         3        2.05928      0.0205928         282.72         2.8272
    0         3        2.19072      0.0219072        296.925        2.96925
    0         3        2.31357      0.0231357        310.153        3.10153
    1         0      0.0274619    0.000274619        13.5447       0.135447
    1         0        0.11149      0.0011149        30.1336       0.301336
    1         0       0.217086     0.00217086        47.4841       0.474841
    1         0       0.331794     0.00331794        64.7494       0.647494
    1         0       0.446152     0.00446152        81.3863       0.813863
    1         0       0.569776     0.00569776        98.8078       0.988078
    1         0       0.693217     0.00693217        115.905        1.15905
    1         0       0.815907     0.00815907        132.718        1.32718
    1         0       0.940496     0.00940496        149.279        1.49279
    1         0        1.07368      0.0107368        166.699        1.66699
    1         0        1.21088      0.0121088        183.897        1.83897
    1         0        1.35161      0.0135161        200.904        2.00904
    1         0        1.49692      0.0149692        217.747        2.17747
    1         0        1.64445      0.0164445        234.452        2.34452
    1         0        1.79429      0.0179429        251.041        2.51041
    1         0        1.95558      0.0195558        268.563        2.68563
    1         0        2.11659      0.0211659        285.996        2.85996
    1         0        2.26986      0.0226986        302.341        3.02341
    1         0        2.43264      0.0243264        319.657        3.19657
    1         0        2.59666      0.0259666        336.935        3.36935
    1         0        2.74987      0.0274987        353.175        3.53175
    1         1      0.0283392    0.000283392        14.4633       0.144633
    1         1       0.132111     0.00132111        31.4087       0.314087
    1         1       0.235049     0.00235049        47.8008       0.478008
    1         1       0.346423     0.00346423        65.1986       0.651986
    1         1       0.457894     0.00457894         82.043        0.82043
    1         1       0.579094     0.00579094        99.8078       0.998078
    1         1        0.69078      0.0069078        115.841        1.15841
    1         1        0.81251      0.0081251        132.877        1.32877
    1         1       0.943853     0.00943853        150.893        1.50893
    1         1        1.06703      0.0106703         167.36         1.6736
    1         1        1.20321      0.0120321        184.854        1.84854
    1         1         1.3323       0.013323        200.905        2.00905
    1         1        1.47579      0.0147579        218.013        2.18013
    1         1        1.62254      0.0162254        234.965        2.34965
    1         1        1.78094      0.0178094        252.979        2.52979
    1         1        1.93159      0.0193159        269.677        2.69677
    1         1        2.08258      0.0208258        286.281        2.86281
    1         1        2.24541      0.0224541        303.985        3.03985
    1         1        2.39786      0.0239786        320.443        3.20443
    1         1        2.55027      0.0255027         336.85         3.3685
    1         1        2.71458      0.0271458        354.386        3.54386
    1         2      0.0344103    0.000344103        16.6648       0.166648
    1         2       0.125052     0.00125052         31.103        0.31103
    1         2       0.218535     0.00218535        46.2411       0.462411
    1         2       0.313284     0.00313284        60.9627       0.609627
    1         2       0.414973     0.00414973        76.3581       0.763581
    1         2       0.516882     0.00516882        91.3375       0.913375
    1         2       0.619742     0.00619742         105.99         1.0599
    1         2       0.728817     0.00728817        121.385        1.21385
    1         2       0.839238     0.00839238        136.513        1.36513
    1         2       0.949357     0.00949357        151.413        1.51413
    1         2        1.06156      0.0106156        166.117        1.66117
    1         2        1.18285      0.0118285        181.615        1.81615
    1         2        1.30696      0.0130696        196.948        1.96948
    1         2         1.4274       0.014274        211.195        2.11195
    1         2        1.55682      0.0155682        226.274        2.26274
    1         2        1.68911      0.0168911        241.249        2.41249
    1         2        1.82347      0.0182347        256.137        2.56137
    1         2        1.96598      0.0196598        271.875        2.71875
    1         2        2.10215      0.0210215        286.625        2.86625
    1         2        2.23843      0.0223843        301.324        3.01324
    1         2        2.38361      0.0238361        316.899        3.16899
    1         3      0.0269819    0.000269819        14.1752       0.141752
    1         3       0.109216     0.00109216        29.3473       0.293473
    1         3       0.195958     0.00195958        44.2191       0.442191
    1         3       0.290004     0.00290004        59.5639       0.595639
    1         3       0.385335     0.00385335         74.323        0.74323
    1         3       0.487009     0.00487009        89.6861       0.896861
    1         3       0.588641     0.00588641         104.65         1.0465
    1         3       0.690305     0.00690305        119.296        1.19296
    1         3       0.799188     0.00799188        134.701        1.34701
    1         3       0.909528     0.00909528        149.861        1.49861
    1         3        1.01975      0.0101975        164.819        1.64819
    1         3        1.13299      0.0113299        179.608        1.79608
    1         3        1.24729      0.0124729        194.257        1.94257
    1         3        1.37242      0.0137242        209.754        2.09754
    1         3        1.49374      0.0149374        224.182        2.24182
    1         3        1.62409      0.0162409        239.485        2.39485
    1         3        1.75731      0.0175731        254.715        2.54715
    1         3         1.8906       0.018906        269.888        2.69888
    1         3        2.01665      0.0201665        284.071        2.84071
    1         3        2.15248      0.0215248        299.169        2.99169
    1         3        2.28834      0.0228834        314.243        3.14243
    2         0      0.0297253    0.000297253        13.5991       0.135991
    2         0       0.100814     0.00100814        27.6103       0.276103
    2         0       0.185648     0.00185648        41.5227       0.415227
    2         0       0.275767     0.00275767        55.8805       0.558805
    2         0       0.367087     0.00367087        69.9563       0.699563
    2         0       0.458463     0.00458463        83.7145       0.837145
    2         0       0.549109     0.00549109        97.2224       0.972224
    2         0       0.647015     0.00647015        111.495        1.11495
    2         0       0.746034     0.00746034        125.501        1.25501
    2         0       0.844309     0.00844309        139.262        1.39262
    2         0       0.949983     0.00949983        153.764        1.53764
    2         0         1.0496       0.010496        167.097        1.67097
    2         0        1.15889      0.0115889        181.192        1.81192
    2         0        1.26981      0.0126981        195.114        1.95114
    2         0        1.39216      0.0139216        209.799        2.09799
    2         0         1.5081       0.015081        223.431        2.23431
    2         0        1.63413      0.0163413         237.85         2.3785
    2         0        1.75435      0.0175435        251.269        2.51269
    2         0        1.88328      0.0188328        265.494        2.65494
    2         0        2.01316      0.0201316        279.641        2.79641
    2         0        2.14294      0.0214294        293.724        2.93724
    2         1      0.0228025    0.000228025        11.8443       0.118443
    2         1      0.0928887    0.000928887         26.977        0.26977
    2         1       0.166023     0.00166023        40.7644       0.407644
    2         1       0.245166     0.00245166        54.4913       0.544913
    2         1       0.330403     0.00330403        68.6042       0.686042
    2         1       0.416461     0.00416461        82.2149       0.822149
    2         1       0.508557     0.00508557        96.4639       0.964639
    2         1       0.600607     0.00600607        110.445        1.10445
    2         1       0.692056     0.00692056         124.21         1.2421
    2         1       0.789897     0.00789897        138.694        1.38694
    2         1       0.883387     0.00883387        152.118        1.52118
    2         1       0.982249     0.00982249        166.296        1.66296
    2         1        1.08226      0.0108226        180.354        1.80354
    2         1        1.18433      0.0118433         194.31         1.9431
    2         1        1.28852      0.0128852        208.183        2.08183
    2         1        1.40195      0.0140195        222.849        2.22849
    2         1        1.51065      0.0151065        236.596        2.36596
    2         1        1.62097      0.0162097        250.302        2.50302
    2         1        1.73984      0.0173984        264.832        2.64832
    2         1        1.85261      0.0185261        278.484        2.78484
    2         1         1.9727       0.019727        292.976        2.92976
    2         2      0.0308442    0.000308442        13.9967       0.139967
    2         2       0.091733     0.00091733        24.4636       0.244636
    2         2       0.157832     0.00157832        35.4955       0.354955
    2         2       0.223041     0.00223041        46.1341       0.461341
    2         2       0.294786     0.00294786        57.3774       0.573774
    2         2       0.366373     0.00366373        68.2689       0.682689
    2         2       0.444313     0.00444313        79.6812       0.796812
    2         2       0.521488     0.00521488        90.8058       0.908058
    2         2       0.600042     0.00600042        101.685        1.01685
    2         2        0.67755      0.0067755        112.356        1.12356
    2         2       0.760611     0.00760611        123.652        1.23652
    2         2       0.845214     0.00845214        134.774        1.34774
    2         2       0.929176     0.00929176        145.747        1.45747
    2         2        1.01438      0.0101438        156.593        1.56593
    2         2        1.10014      0.0110014         167.33         1.6733
    2         2        1.19405      0.0119405         178.73         1.7873
    2         2        1.28279      0.0128279        189.287        1.89287
    2         2        1.37976      0.0137976        200.521        2.00521
    2         2        1.47854      0.0147854        211.687        2.11687
    2         2        1.57874      0.0157874        222.797        2.22797
    2         2         1.6814       0.016814        233.859        2.33859
    2         2        1.78386      0.0178386        244.881        2.44881
    2         3      0.0247611    0.000247611        11.4684       0.114684
    2         3      0.0880071    0.000880071         24.917        0.24917
    2         3        0.17166      0.0017166        39.9009       0.399009
    2         3       0.256965     0.00256965        53.6376       0.536376
    2         3       0.347714     0.00347714         67.847        0.67847
    2         3       0.438404     0.00438404        81.6412       0.816412
    2         3       0.529387     0.00529387        95.1505       0.951505
    2         3       0.627484     0.00627484        109.281        1.09281
    2         3       0.724266     0.00724266        123.154        1.23154
    2         3       0.827186     0.00827186         137.64         1.3764
    2         3       0.931043     0.00931043        151.896        1.51896
    2         3        1.03557      0.0103557        165.949        1.65949
    2         3        1.14306      0.0114306        179.824        1.79824
    2         3        1.25169      0.0125169        193.546        1.93546
    2         3        1.36911      0.0136911        207.927        2.07927
    2         3        1.48291      0.0148291        221.391        2.21391
    2         3        1.60616      0.0160616        235.539        2.35539
    2         3        1.73042      0.0173042        249.594        2.49594
    2         3        1.85613      0.0185613        263.569        2.63569
    2         3        1.98182      0.0198182        277.478        2.77478
    2         3        2.10801      0.0210801        291.332        2.91332
    3         0      0.0323886    0.000323886        14.9927       0.149927
    3         0      0.0857723    0.000857723        25.9777       0.259777
    3         0        0.14457      0.0014457        36.2482       0.362482
    3         0       0.214519     0.00214519        47.5238       0.475238
    3         0       0.284086     0.00284086        58.3115       0.583115
    3         0       0.360458     0.00360458        69.6652       0.696652
    3         0       0.436435     0.00436435        80.7152       0.807152
    3         0       0.512839     0.00512839        91.5681       0.915681
    3         0       0.589178     0.00589178        102.245        1.02245
    3         0        0.67055      0.0067055        113.568        1.13568
    3         0       0.753104     0.00753104        124.726        1.24726
    3         0        0.83512      0.0083512        135.738        1.35738
    3         0       0.917528     0.00917528        146.617        1.46617
    3         0        1.00084      0.0100084        157.377        1.57377
    3         0        1.09089      0.0109089        168.787        1.68787
    3         0        1.17591      0.0117591        179.338        1.79338
    3         0        1.26879      0.0126879        190.549        1.90549
    3         0         1.3647       0.013647        201.674        2.01674
    3         0        1.46104      0.0146104        212.723        2.12723
    3         0        1.55873      0.0155873        223.706        2.23706
    3         0        1.65769      0.0165769         234.63         2.3463
    3         0        1.75799      0.0175799        245.503        2.45503
    3         1      0.0336156    0.000336156        15.4891       0.154891
    3         1      0.0894937    0.000894937        25.5893       0.255893
    3         1       0.142086     0.00142086         35.153        0.35153
    3         1       0.205663     0.00205663        45.9076       0.459076
    3         1       0.264009     0.00264009        55.3982       0.553982
    3         1       0.327067     0.00327067         65.293        0.65293
    3         1       0.395694     0.00395694        75.4987       0.754987
    3         1       0.464028     0.00464028        85.3619       0.853619
    3         1       0.536764     0.00536764        95.6229       0.956229
    3         1       0.610977     0.00610977        105.629        1.05629
    3         1       0.683612     0.00683612        115.428        1.15428
    3         1       0.762176     0.00762176        125.694        1.25694
    3         1       0.840497     0.00840497        135.804        1.35804
    3         1       0.919065     0.00919065        145.786        1.45786
    3         1       0.998553     0.00998553        155.664        1.55664
    3         1        1.07861      0.0107861        165.456        1.65456
    3         1        1.16442      0.0116442        175.786        1.75786
    3         1        1.24761      0.0124761        185.451        1.85451
    3         1        1.33717      0.0133717        195.672        1.95672
    3         1         1.4281       0.014281        205.855        2.05855
    3         1        1.51481      0.0151481        215.413        2.15413
    3         2      0.0286013    0.000286013        15.9062       0.159062
    3         2       0.064989     0.00064989        25.2678       0.252678
    3         2       0.108874     0.00108874        35.8072       0.358072
    3         2       0.150885     0.00150885        45.7922       0.457922
    3         2       0.194114     0.00194114        55.3464       0.553464
    3         2        0.24128      0.0024128        65.3216       0.653216
    3         2       0.290789     0.00290789        75.6424       0.756424
    3         2       0.341346     0.00341346        85.6522       0.856522
    3         2       0.392212     0.00392212        95.4152       0.954152
    3         2       0.445525     0.00445525        105.659        1.05659
    3         2       0.499982     0.00499982        115.722        1.15722
    3         2       0.553226     0.00553226        125.639        1.25639
    3         2       0.608048     0.00608048        135.437        1.35437
    3         2       0.665327     0.00665327        145.783        1.45783
    3         2       0.719461     0.00719461        155.402        1.55402
    3         2       0.776531     0.00776531        165.593        1.65593
    3         2       0.834509     0.00834509        175.729        1.75729
    3         2       0.892835     0.00892835        185.821        1.85821
    3         2       0.950501     0.00950501         195.88         1.9588
    3         2        1.00895      0.0100895        205.914        2.05914
    3         2        1.06781      0.0106781        215.933        2.15933
    3         2        1.12801      0.0112801        225.942        2.25942
    3         3      0.0289593    0.000289593         13.961        0.13961
    3         3      0.0828694    0.000828694          24.85         0.2485
    3         3       0.142397     0.00142397        35.2466       0.352466
    3         3       0.212737     0.00212737        46.7873       0.467873
    3         3       0.282684     0.00282684         57.776        0.57776
    3         3       0.354084     0.00354084        68.3513       0.683513
    3         3       0.430255     0.00430255        79.3717       0.793717
    3         3       0.513276     0.00513276        90.8904       0.908904
    3         3       0.590118     0.00590118        101.314        1.01314
    3         3       0.672082     0.00672082        112.294        1.12294
    3         3       0.761115     0.00761115        123.824        1.23824
    3         3       0.844025     0.00844025          134.4          1.344
    3         3       0.932642     0.00932642        145.567        1.45567
    3         3        1.02254      0.0102254        156.589        1.56589
    3         3        1.11431      0.0111431        167.489        1.67489
    3         3         1.2067       0.012067        178.288        1.78288
    3         3        1.30709      0.0130709        189.712        1.89712
    3         3        1.40385      0.0140385        200.349        2.00349
    3         3        1.50822      0.0150822        211.631        2.11631
    3         3         1.6141       0.016141        222.858        2.22858
    3         3        1.71459      0.0171459        233.345        2.33345
    3         3        1.82346      0.0182346        244.497        2.44497
    4         0      0.0190848    0.000190848         10.937        0.10937
    4         0      0.0629518    0.000629518        21.3727       0.213727
    4         0       0.118109     0.00118109         32.595        0.32595
    4         0       0.178473     0.00178473        43.4227       0.434227
    4         0       0.243452     0.00243452         54.413        0.54413
    4         0       0.313065     0.00313065        65.7416       0.657416
    4         0       0.382238     0.00382238        76.6569       0.766569
    4         0       0.456775     0.00456775        87.9788       0.879788
    4         0       0.526677     0.00526677        98.3385       0.983385
    4         0       0.604691     0.00604691        109.825        1.09825
    4         0       0.679263     0.00679263        120.422        1.20422
    4         0       0.758435     0.00758435        131.483        1.31483
    4         0       0.836288     0.00836288        142.366        1.42366
    4         0       0.920462     0.00920462        153.719        1.53719
    4         0        1.00444      0.0100444        164.922        1.64922
    4         0        1.08915      0.0108915        175.993        1.75993
    4         0        1.17575      0.0117575        186.951        1.86951
    4         0        1.26326      0.0126326        197.809        1.97809
    4         0        1.35305      0.0135305        208.582        2.08582
    4         0        1.44866      0.0144866        219.874        2.19874
    4         0        1.54085      0.0154085        230.506        2.30506
    4         1      0.0198815    0.000198815        10.9082       0.109082
    4         1      0.0698464    0.000698464        22.8975       0.228975
    4         1       0.123906     0.00123906        33.8356       0.338356
    4         1        0.18329      0.0018329        44.4131       0.444131
    4         1       0.252248     0.00252248        55.9341       0.559341
    4         1       0.322557     0.00322557        66.9191       0.669191
    4         1       0.392741     0.00392741        77.5095       0.775095
    4         1       0.468408     0.00468408        88.6747       0.886747
    4         1       0.542869     0.00542869        99.6535       0.996535
    4         1       0.618384     0.00618384        110.485        1.10485
    4         1        0.69928      0.0069928        121.953        1.21953
    4         1       0.774129     0.00774129        132.544        1.32544
    4         1       0.854817     0.00854817        143.787        1.43787
    4         1       0.935981     0.00935981        154.931        1.54931
    4         1         1.0177       0.010177        165.989        1.65989
    4         1        1.09905      0.0109905        176.969        1.76969
    4         1         1.1829       0.011829         187.88         1.8788
    4         1         1.2675       0.012675        198.729        1.98729
    4         1        1.35418      0.0135418        209.523        2.09523
    4         1        1.44843      0.0144843        220.984        2.20984
    4         1        1.53632      0.0153632        231.685        2.31685
    4         1        1.62675      0.0162675        242.351        2.42351
    4         2       0.021394     0.00021394        10.2825       0.102825
    4         2      0.0751993    0.000751993        21.4096       0.214096
    4         2       0.133397     0.00133397        32.0711       0.320711
    4         2       0.203129     0.00203129        43.7602       0.437602
    4         2       0.274715     0.00274715        54.6463       0.546463
    4         2       0.352335     0.00352335        65.9835       0.659835
    4         2        0.42917      0.0042917        76.8569       0.768569
    4         2       0.506826     0.00506826        87.4352       0.874352
    4         2       0.590218     0.00590218        98.6356       0.986356
    4         2       0.673712     0.00673712         109.62         1.0962
    4         2       0.757915     0.00757915        120.424        1.20424
    4         2       0.847231     0.00847231        131.889        1.31889
    4         2       0.932248     0.00932248        142.399        1.42399
    4         2        1.02292      0.0102292        153.589        1.53589
    4         2        1.11501      0.0111501        164.663        1.64663
    4         2        1.20937      0.0120937        175.636        1.75636
    4         2        1.30453      0.0130453        186.522        1.86522
    4         2        1.40245      0.0140245         197.33         1.9733
    4         2        1.50939      0.0150939        208.836        2.08836
    4         2         1.6096       0.016096        219.514        2.19514
    4         2        1.71836      0.0171836        230.899        2.30899
    4         2        1.82038      0.0182038         241.48         2.4148
    4         3      0.0259394    0.000259394        11.7314       0.117314
    4         3      0.0690813    0.000690813        21.1594       0.211594
    4         3        0.12018      0.0012018        31.2208       0.312208
    4         3       0.177045     0.00177045        41.1977       0.411977
    4         3       0.237547     0.00237547        51.3826       0.513826
    4         3       0.304189     0.00304189        61.9232       0.619232
    4         3       0.365434     0.00365434        71.3069       0.713069
    4         3       0.436799     0.00436799        81.9052       0.819052
    4         3       0.503761     0.00503761        91.5073       0.915073
    4         3       0.574882     0.00574882        101.632        1.01632
    4         3        0.64654      0.0064654        111.562        1.11562
    4         3       0.717615     0.00717615        121.325        1.21325
    4         3       0.794519     0.00794519        131.622        1.31622
    4         3        0.87159      0.0087159        141.771        1.41771
    4         3       0.947758     0.00947758        151.788        1.51788
    4         3        1.02595      0.0102595        161.689        1.61689
    4         3        1.10333      0.0110333        171.487        1.71487
    4         3        1.18879      0.0118879        181.838        1.81838
    4         3        1.26911      0.0126911        191.459        1.91459
    4         3        1.35754      0.0135754        201.642        2.01642
    4         3        1.44617      0.0144617        211.753        2.11753
    5         0      0.0199709    0.000199709        12.9887       0.129887
    5         0      0.0712965    0.000712965        23.3523       0.233523
    5         0       0.125797     0.00125797         33.165        0.33165
    5         0       0.189814     0.00189814        43.8714       0.438714
    5         0       0.248681     0.00248681        53.3137       0.533137
    5         0       0.318321     0.00318321        63.9599       0.639599
    5         0       0.381976     0.00381976        73.5436       0.735436
    5         0       0.451366     0.00451366        83.5946       0.835946
    5         0        0.52091      0.0052091          93.42         0.9342
    5         0       0.594124     0.00594124        103.732        1.03732
    5         0       0.668542     0.00668542         113.85         1.1385
    5         0       0.742971     0.00742971        123.796        1.23796
    5         0       0.816296     0.00816296        133.591        1.33591
    5         0       0.895995     0.00895995        143.891        1.43891
    5         0       0.969993     0.00969993        153.426        1.53426
    5         0        1.05024      0.0105024        163.482        1.63482
    5         0        1.13163      0.0113163        173.432        1.73432
    5         0        1.21867      0.0121867        183.903        1.83903
    5         0        1.30255      0.0130255        193.673        1.93673
    5         0        1.39354      0.0139354        203.976        2.03976
    5         0        1.47945      0.0147945        213.608        2.13608
    5         0        1.57316      0.0157316        223.781        2.23781
    5         1      0.0165039    0.000165039        9.95622      0.0995622
    5         1      0.0795132    0.000795132        20.8852       0.208852
    5         1       0.139292     0.00139292        30.6403       0.306403
    5         1        0.20624      0.0020624        40.6031       0.406031
    5         1       0.279249     0.00279249        50.8341       0.508341
    5         1       0.353293     0.00353293        60.5067       0.605067
    5         1       0.433157     0.00433157        70.5904       0.705904
    5         1       0.513841     0.00513841        80.2562       0.802562
    5         1       0.601199     0.00601199        90.4146       0.904146
    5         1       0.687713     0.00687713         100.32         1.0032
    5         1       0.781967     0.00781967        110.772        1.10772
    5         1       0.868615     0.00868615        120.321        1.20321
    5         1       0.963089     0.00963089        130.476        1.30476
    5         1        1.05786      0.0105786        140.527        1.40527
    5         1        1.15454      0.0115454        150.498        1.50498
    5         1        1.25302      0.0125302        160.408        1.60408
    5         1        1.36104      0.0136104        170.976        1.70976
    5         1        1.46285      0.0146285        180.806        1.80806
    5         1        1.56714      0.0156714        190.614        1.90614
    5         1        1.67161      0.0167161         200.41         2.0041
    5         1        1.78448      0.0178448        210.898        2.10898
    5         1        1.89132      0.0189132        220.689        2.20689
    5         2      0.0209202    0.000209202        12.0482       0.120482
    5         2      0.0708786    0.000708786        21.3914       0.213914
    5         2       0.133526     0.00133526        30.9403       0.309403
    5         2       0.193493     0.00193493        39.5597       0.395597
    5         2        0.26074      0.0026074        48.5593       0.485593
    5         2        0.32723      0.0032723        57.2834       0.572834
    5         2       0.400631     0.00400631        66.5584       0.665584
    5         2       0.474164     0.00474164        75.5762       0.755762
    5         2       0.546331     0.00546331        84.4064       0.844064
    5         2       0.625839     0.00625839        93.7766       0.937766
    5         2       0.704531     0.00704531        102.967        1.02967
    5         2       0.783757     0.00783757        111.993        1.11993
    5         2       0.862567     0.00862567        120.872        1.20872
    5         2       0.942026     0.00942026        129.616        1.29616
    5         2        1.02864      0.0102864        138.897        1.38897
    5         2        1.10879      0.0110879        147.402        1.47402
    5         2        1.19741      0.0119741        156.449        1.56449
    5         2        1.28762      0.0128762        165.393        1.65393
    5         2         1.3852       0.013852        174.873        1.74873
    5         2        1.47931      0.0147931        183.634        1.83634
    5         2        1.58035      0.0158035        192.938        1.92938
    5         2        1.67528      0.0167528        201.551        2.01551
    5         3      0.0223306    0.000223306        11.7553       0.117553
    5         3      0.0897491    0.000897491         21.126        0.21126
    5         3       0.171539     0.00171539        30.4574       0.304574
    5         3       0.261589     0.00261589        39.6592       0.396592
    5         3       0.351513     0.00351513        48.3702       0.483702
    5         3       0.450157     0.00450157        57.5428       0.575428
    5         3        0.54796      0.0054796         66.421        0.66421
    5         3       0.654402     0.00654402        75.7256       0.757256
    5         3       0.761178     0.00761178        84.7824       0.847824
    5         3       0.866772     0.00866772        93.6182       0.936182
    5         3       0.982092     0.00982092        102.922        1.02922
    5         3        1.08981      0.0108981        111.387        1.11387
    5         3        1.21764      0.0121764        120.974        1.20974
    5         3        1.33914      0.0133914        129.769        1.29769
    5         3        1.46342      0.0146342        138.434        1.38434
    5         3        1.59985      0.0159985        147.592        1.47592
    5         3        1.73719      0.0173719        156.635        1.56635
    5         3        1.87563      0.0187563        165.578        1.65578
    5         3        2.01503      0.0201503        174.434        1.74434
    5         3        2.16482      0.0216482        183.796        1.83796
    5         3        2.30562      0.0230562        192.504        1.92504
    5         3        2.45573      0.0245573        201.729        2.01729
    6         0      0.0169618    0.000169618        12.7648       0.127648
    6         0      0.0624033    0.000624033        24.0241       0.240241
    6         0       0.117172     0.00117172        35.1668       0.351668
    6         0       0.180163     0.00180163        46.7979       0.467979
    6         0       0.243369     0.00243369        57.6133       0.576133
    6         0        0.31209      0.0031209        68.7021       0.687021
    6         0       0.380109     0.00380109        79.3068       0.793068
    6         0         0.4535       0.004535        90.3125       0.903125
    6         0       0.532052     0.00532052         101.72         1.0172
    6         0       0.609199     0.00609199        112.847        1.12847
    6         0       0.687705     0.00687705        123.742        1.23742
    6         0       0.765813     0.00765813        134.441        1.34441
    6         0       0.848548     0.00848548        145.627        1.45627
    6         0       0.932318     0.00932318        156.654        1.56654
    6         0         1.0154       0.010154        167.548        1.67548
    6         0        1.10558      0.0110558        178.958        1.78958
    6         0        1.19092      0.0119092        189.635        1.89635
    6         0        1.28422      0.0128422        200.852        2.00852
    6         0        1.37851      0.0137851        211.992        2.11992
    6         0         1.4688       0.014688        222.455        2.22455
    6         0         1.5665       0.015665        233.483        2.33483
    6         1      0.0245442    0.000245442        13.3321       0.133321
    6         1      0.0792403    0.000792403        24.8269       0.248269
    6         1       0.139588     0.00139588        35.4395       0.354395
    6         1       0.204507     0.00204507        46.1959       0.461959
    6         1       0.276357     0.00276357        57.4481       0.574481
    6         1       0.346972     0.00346972        68.3632       0.683632
    6         1       0.424765     0.00424765        79.8464       0.798464
    6         1       0.496523     0.00496523        90.2223       0.902223
    6         1       0.573136     0.00573136        101.247        1.01247
    6         1       0.656931     0.00656931        112.898        1.12898
    6         1       0.733665     0.00733665        123.538        1.23538
    6         1       0.817142     0.00817142        134.825        1.34825
    6         1       0.900804     0.00900804        145.958        1.45958
    6         1       0.984526     0.00984526        156.956        1.56956
    6         1        1.06969      0.0106969        167.835        1.67835
    6         1        1.15477      0.0115477        178.611        1.78611
    6         1        1.24238      0.0124238        189.297        1.89297
    6         1         1.3379       0.013379        200.659        2.00659
    6         1         1.4344       0.014344        211.945        2.11945
    6         1          1.527        0.01527        222.419        2.22419
    6         1        1.62643      0.0162643        233.587        2.33587
    6         1        1.72651      0.0172651        244.708        2.44708
    6         2      0.0248703    0.000248703        13.9639       0.139639
    6         2      0.0634583    0.000634583        22.4217       0.224217
    6         2       0.106568     0.00106568        31.3329       0.313329
    6         2       0.153418     0.00153418        40.3912       0.403912
    6         2       0.204956     0.00204956        49.5777       0.495777
    6         2       0.260573     0.00260573        58.9151       0.589151
    6         2       0.317236     0.00317236        67.7377       0.677377
    6         2       0.378714     0.00378714        76.8012       0.768012
    6         2       0.439001     0.00439001        85.5296       0.855296
    6         2       0.505063     0.00505063        94.6392       0.946392
    6         2       0.571043     0.00571043        103.525        1.03525
    6         2       0.641601     0.00641601        112.857        1.12857
    6         2       0.706582     0.00706582        121.435        1.21435
    6         2       0.777593     0.00777593        130.518        1.30518
    6         2       0.847839     0.00847839         139.52         1.3952
    6         2       0.918078     0.00918078        148.462        1.48462
    6         2        0.99427      0.0099427        157.955        1.57955
    6         2         1.0663       0.010663        166.829        1.66829
    6         2         1.1378       0.011378        175.689        1.75689
    6         2        1.21169      0.0121169        184.545        1.84545
    6         2        1.29157      0.0129157        193.996        1.93996
    6         3      0.0231478    0.000231478        13.9593       0.139593
    6         3      0.0575549    0.000575549        22.5907       0.225907
    6         3       0.102122     0.00102122        31.8081       0.318081
    6         3       0.150557     0.00150557        40.7779       0.407779
    6         3       0.203707     0.00203707        49.8758       0.498758
    6         3       0.255831     0.00255831        58.5385       0.585385
    6         3       0.314166     0.00314166        67.7105       0.677105
    6         3       0.372401     0.00372401        76.6214       0.766214
    6         3       0.429731     0.00429731        85.3812       0.853812
    6         3       0.492582     0.00492582        94.7215       0.947215
    6         3        0.55547      0.0055547        103.932        1.03932
    6         3       0.613083     0.00613083         112.33         1.1233
    6         3       0.675466     0.00675466        121.327        1.21327
    6         3       0.743329     0.00743329         130.91         1.3091
    6         3       0.805886     0.00805886        139.718        1.39718
    6         3       0.868147     0.00868147        148.446        1.48446
    6         3       0.936518     0.00936518        157.764        1.57764
    6         3       0.999794     0.00999794        166.348        1.66348
    6         3        1.06787      0.0106787        175.526        1.75526
    6         3        1.13755      0.0113755        184.639        1.84639
    6         3        1.20767      0.0120767        193.695        1.93695
    6         3          1.279        0.01279          202.7          2.027
    7         0      0.0191649    0.000191649        11.7712       0.117712
    7         0      0.0648149    0.000648149        21.5576       0.215576
    7         0       0.113108     0.00113108        30.8175       0.308175
    7         0       0.162174     0.00162174        39.4761       0.394761
    7         0       0.215441     0.00215441        48.5678       0.485678
    7         0       0.268598     0.00268598        57.3362       0.573362
    7         0       0.327611     0.00327611        66.5882       0.665882
    7         0       0.386611     0.00386611        75.5171       0.755171
    7         0       0.449217     0.00449217        84.9336       0.849336
    7         0       0.508235     0.00508235        93.4215       0.934215
    7         0       0.571934     0.00571934        102.432        1.02432
    7         0       0.639485     0.00639485        111.951        1.11951
    7         0       0.703212     0.00703212        120.643        1.20643
    7         0       0.772087     0.00772087        129.866        1.29866
    7         0       0.839371     0.00839371        138.964        1.38964
    7         0       0.908449     0.00908449        147.954        1.47954
    7         0       0.977681     0.00977681        156.849        1.56849
    7         0        1.04615      0.0104615         165.66         1.6566
    7         0        1.11634      0.0111634        174.397        1.74397
    7         0        1.19276      0.0119276        183.686        1.83686
    7         0        1.26968      0.0126968         192.91         1.9291
    7         0        1.34298      0.0134298        201.467        2.01467
    7         1      0.0215286    0.000215286        11.1186       0.111186
    7         1      0.0613793    0.000613793        20.2631       0.202631
    7         1       0.110605     0.00110605        29.8712       0.298712
    7         1       0.158743     0.00158743        38.3553       0.383553
    7         1        0.21603      0.0021603        47.7048       0.477048
    7         1       0.273204     0.00273204        56.5094       0.565094
    7         1       0.336013     0.00336013        65.6725       0.656725
    7         1       0.398757     0.00398757        74.5021       0.745021
    7         1       0.465371     0.00465371        83.7715       0.837715
    7         1       0.533086     0.00533086        92.8496       0.928496
    7         1       0.600439     0.00600439        101.776        1.01776
    7         1       0.667132     0.00667132        110.574        1.10574
    7         1       0.739707     0.00739707        119.879        1.19879
    7         1       0.806973     0.00806973        128.466        1.28466
    7         1       0.878595     0.00878595        137.573        1.37573
    7         1       0.951376     0.00951376        146.595        1.46595
    7         1        1.02469      0.0102469        155.543        1.55543
    7         1        1.09735      0.0109735        164.424        1.64424
    7         1         1.1774       0.011774        173.833        1.73833
    7         1         1.2527       0.012527        182.601        1.82601
    7         1        1.33513      0.0133513        191.902        1.91902
    7         2      0.0238729    0.000238729        11.5794       0.115794
    7         2      0.0553673    0.000553673        18.9971       0.189971
    7         2      0.0854534    0.000854534        25.4682       0.254682
    7         2       0.123522     0.00123522        32.8056       0.328056
    7         2       0.161438     0.00161438        39.6277       0.396277
    7         2       0.203464     0.00203464        46.7367       0.467367
    7         2       0.245488     0.00245488         53.541        0.53541
    7         2       0.290526     0.00290526        60.7159       0.607159
    7         2       0.336354     0.00336354        67.6582       0.676582
    7         2        0.38616      0.0038616         74.921        0.74921
    7         2       0.432089     0.00432089        81.4629       0.814629
    7         2       0.485554     0.00485554        88.9192       0.889192
    7         2       0.534654     0.00534654        95.6985       0.956985
    7         2       0.588086     0.00588086        102.864        1.02864
    7         2       0.641689     0.00641689        109.906        1.09906
    7         2       0.695161     0.00695161        116.839        1.16839
    7         2       0.747851     0.00747851        123.677        1.23677
    7         2       0.805403     0.00805403        130.909        1.30909
    7         2        0.85903      0.0085903         137.58         1.3758
    7         2       0.915952     0.00915952        144.652        1.44652
    7         2       0.973568     0.00973568        151.656        1.51656
    7         2        1.03158      0.0103158        158.598        1.58598
    7         2        1.09382      0.0109382        165.942        1.65942
    7         3      0.0198024    0.000198024        12.3981       0.123981
    7         3      0.0686613    0.000686613         21.964        0.21964
    7         3       0.122343     0.00122343        30.9539       0.309539
    7         3       0.174213     0.00174213        39.5056       0.395056
    7         3       0.230353     0.00230353        48.4406       0.484406
    7         3       0.290939     0.00290939        57.7937       0.577937
    7         3        0.35169      0.0035169        66.9412       0.669412
    7         3        0.41141      0.0041141        75.8608       0.758608
    7         3       0.472557     0.00472557        84.6299       0.846299
    7         3       0.536318     0.00536318         93.831        0.93831
    7         3       0.600956     0.00600956        102.897        1.02897
    7         3       0.665932     0.00665932        111.843        1.11843
    7         3       0.729802     0.00729802        120.681        1.20681
    7         3       0.798643     0.00798643        129.965        1.29965
    7         3       0.863532     0.00863532        138.612        1.38612
    7         3       0.931693     0.00931693        147.713        1.47713
    7         3        1.00146      0.0100146        156.731        1.56731
    7         3        1.07044      0.0107044        165.674        1.65674
    7         3        1.14116      0.0114116        174.549        1.74549
    7         3        1.21756      0.0121756        183.879        1.83879
    7         3        1.28931      0.0128931        192.632        1.92632
    8         0      0.0314237    0.000314237        11.6026       0.116026
    8         0      0.0610519    0.000610519        19.5477       0.195477
    8         0      0.0972641    0.000972641        27.9436       0.279436
    8         0       0.133476     0.00133476        35.5334       0.355334
    8         0       0.176273     0.00176273        43.8691       0.438691
    8         0       0.219741     0.00219741        51.7369       0.517369
    8         0       0.267971     0.00267971        59.8337       0.598337
    8         0       0.316022     0.00316022        67.6315       0.676315
    8         0       0.367277     0.00367277         75.665        0.75665
    8         0       0.421727     0.00421727        83.9868       0.839868
    8         0       0.473306     0.00473306        91.5883       0.915883
    8         0       0.528371     0.00528371         99.522        0.99522
    8         0       0.586817     0.00586817        107.784        1.07784
    8         0       0.645381     0.00645381        115.899        1.15899
    8         0       0.703654     0.00703654        123.889        1.23889
    8         0       0.761522     0.00761522        131.773        1.31773
    8         0       0.820002     0.00820002        139.564        1.39564
    8         0        0.88218      0.0088218        147.726        1.47726
    8         0       0.944739     0.00944739        155.812        1.55812
    8         0        1.00777      0.0100777        163.832        1.63832
    8         0        1.07048      0.0107048        171.795        1.71795
    8         1      0.0259769    0.000259769        12.8454       0.128454
    8         1      0.0643399    0.000643399         20.915        0.20915
    8         1       0.102703     0.00102703        28.4527       0.284527
    8         1       0.148041     0.00148041        36.7995       0.367995
    8         1       0.193379     0.00193379        44.6495       0.446495
    8         1       0.242204     0.00242204          52.64         0.5264
    8         1       0.294518     0.00294518        60.7547       0.607547
    8         1       0.346832     0.00346832        68.5039       0.685039
    8         1       0.406262     0.00406262        76.8741       0.768741
    8         1       0.465092     0.00465092        84.9488       0.849488
    8         1       0.523956     0.00523956        92.7819       0.927819
    8         1        0.58695      0.0058695        100.873        1.00873
    8         1       0.649746     0.00649746        108.801        1.08801
    8         1       0.712555     0.00712555        116.601        1.16601
    8         1       0.779063     0.00779063        124.726        1.24726
    8         1       0.844479     0.00844479        132.765        1.32765
    8         1       0.911357     0.00911357        140.736        1.40736
    8         1       0.978459     0.00978459        148.657        1.48657
    8         1        1.04965      0.0104965        156.951        1.56951
    8         1        1.11729      0.0111729        164.802        1.64802
    8         2      0.0237586    0.000237586        10.7183       0.107183
    8         2      0.0599942    0.000599942        20.2835       0.202835
    8         2       0.105289     0.00105289        29.8818       0.298818
    8         2       0.150583     0.00150583        38.3949       0.383949
    8         2       0.205702     0.00205702        47.9427       0.479427
    8         2       0.257404     0.00257404        56.3338       0.563338
    8         2       0.317293     0.00317293        65.9139       0.659139
    8         2        0.37245      0.0037245        74.4663       0.744663
    8         2       0.432929     0.00432929        83.4891       0.834891
    8         2       0.498148     0.00498148        92.9616       0.929616
    8         2       0.557723     0.00557723        101.561        1.01561
    8         2       0.623139     0.00623139        110.633        1.10633
    8         2       0.688281     0.00688281        119.531        1.19531
    8         2       0.757907     0.00757907        128.895        1.28895
    8         2       0.822544     0.00822544        137.491        1.37491
    8         2       0.892815     0.00892815        146.567        1.46567
    8         2       0.963574     0.00963574        155.517        1.55517
    8         2        1.03839      0.0103839        164.942        1.64942
    8         2        1.11049      0.0111049        173.675        1.73675
    8         2        1.18851      0.0118851        182.893        1.82893
    8         2        1.26182      0.0126182        191.454        1.91454
    8         3      0.0308523    0.000308523        13.8678       0.138678
    8         3       0.063558     0.00063558        20.9089       0.209089
    8         3      0.0992369    0.000992369        27.7705       0.277705
    8         3       0.137889     0.00137889        34.8185       0.348185
    8         3       0.176681     0.00176681        41.6205       0.416205
    8         3       0.219229     0.00219229        48.7487       0.487487
    8         3       0.260965     0.00260965        55.7093       0.557093
    8         3       0.303726     0.00303726        62.5247       0.625247
    8         3       0.349381     0.00349381        69.6847       0.696847
    8         3       0.395103     0.00395103        76.6752       0.766752
    8         3       0.439802     0.00439802        83.5583       0.835583
    8         3        0.48843      0.0048843        90.7809       0.907809
    8         3       0.537329     0.00537329        97.8974       0.978974
    8         3       0.586094     0.00586094        104.917        1.04917
    8         3       0.633709     0.00633709         111.85         1.1185
    8         3       0.682372     0.00682372        118.702        1.18702
    8         3       0.734196     0.00734196        125.904        1.25904
    8         3         0.7819       0.007819        132.612        1.32612
    8         3       0.833573     0.00833573        139.673        1.39673
    8         3       0.885534     0.00885534        146.671        1.46671
    9         0       0.011272     0.00011272        11.2962       0.112962
    9         0       0.049266     0.00049266        19.6911       0.196911
    9         0      0.0910593    0.000910593        27.4953       0.274953
    9         0       0.136652     0.00136652        35.4374       0.354374
    9         0       0.183945     0.00183945        43.6702       0.436702
    9         0       0.227979     0.00227979        51.6399       0.516399
    9         0       0.277384     0.00277384        59.9881       0.599881
    9         0       0.322514     0.00322514        67.5612       0.675612
    9         0        0.37161      0.0037161        75.4959       0.754959
    9         0       0.423408     0.00423408        83.8282       0.838282
    9         0       0.475543     0.00475543        91.9979       0.919979
    9         0        0.52466      0.0052466        99.4968       0.994968
    9         0       0.580639     0.00580639        107.933        1.07933
    9         0       0.633123     0.00633123        115.724        1.15724
    9         0       0.689123     0.00689123        123.923        1.23923
    9         0       0.740742     0.00740742        131.514        1.31514
    9         0       0.797058     0.00797058        139.518        1.39518
    9         0       0.856629     0.00856629        147.927        1.47927
    9         0       0.913164     0.00913164        155.758        1.55758
    9         0       0.973441     0.00973441        163.999        1.63999
    9         1       0.027726     0.00027726        13.1145       0.131145
    9         1      0.0658763    0.000658763        21.9257       0.219257
    9         1       0.104027     0.00104027        29.5198       0.295198
    9         1       0.149113     0.00149113        37.9714       0.379714
    9         1        0.19164      0.0019164        45.4958       0.454958
    9         1        0.23653      0.0023653        53.4406       0.534406
    9         1       0.286366     0.00286366        61.8078       0.618078
    9         1       0.331414     0.00331414        69.4311       0.694311
    9         1       0.380562     0.00380562         77.457        0.77457
    9         1       0.433549     0.00433549        85.9245       0.859245
    9         1       0.483071     0.00483071        93.7082       0.937082
    9         1       0.536117     0.00536117        101.937        1.01937
    9         1       0.585795     0.00585795        109.523        1.09523
    9         1       0.637863     0.00637863        117.559        1.17559
    9         1       0.691014     0.00691014        125.507        1.25507
    9         1       0.747535     0.00747535        133.898        1.33898
    9         1       0.800642     0.00800642        141.688        1.41688
    9         1       0.857387     0.00857387        149.923        1.49923
    9         1       0.910433     0.00910433        157.578        1.57578
    9         1       0.967152     0.00967152        165.678        1.65678
    9         1        1.02486      0.0102486        173.716        1.73716
    9         1        1.08284      0.0108284        181.697        1.81697
    9         2      0.0260341    0.000260341        14.7993       0.147993
    9         2      0.0655669    0.000655669        22.7818       0.227818
    9         2       0.108694     0.00108694        30.4037       0.304037
    9         2       0.159047     0.00159047        38.7958       0.387958
    9         2       0.206726     0.00206726        46.8995       0.468995
    9         2       0.255754     0.00255754        54.8127       0.548127
    9         2       0.304333     0.00304333        62.5753       0.625753
    9         2       0.356577     0.00356577        70.7401       0.707401
    9         2       0.408821     0.00408821        78.7409       0.787409
    9         2       0.460652     0.00460652        86.6364       0.866364
    9         2       0.515805     0.00515805        94.9475       0.949475
    9         2       0.568233     0.00568233        102.649        1.02649
    9         2       0.623934     0.00623934        110.776        1.10776
    9         2       0.679772     0.00679772        118.822        1.18822
    9         2        0.73562      0.0073562        126.794        1.26794
    9         2       0.790493     0.00790493        134.697        1.34697
    9         2       0.846507     0.00846507        142.538        1.42538
    9         2       0.906218     0.00906218        150.806        1.50806
    9         2       0.962447     0.00962447        158.533        1.58533
    9         2        1.02288      0.0102288        166.688        1.66688
    9         2        1.08249      0.0108249        174.792        1.74792
    9         2        1.14415      0.0114415        182.848        1.82848
    9         3      0.0291655    0.000291655        11.9619       0.119619
    9         3      0.0583697    0.000583697        18.5814       0.185814
    9         3      0.0963351    0.000963351         25.843        0.25843
    9         3       0.134301     0.00134301        32.5282       0.325282
    9         3       0.178609     0.00178609        39.8625       0.398625
    9         3       0.221848     0.00221848        46.9248       0.469248
    9         3       0.266328     0.00266328         53.794        0.53794
    9         3       0.312405     0.00312405         60.944        0.60944
    9         3        0.35967      0.0035967        67.9419       0.679419
    9         3       0.406926     0.00406926        74.7627       0.747627
    9         3       0.456672     0.00456672        81.8856       0.818856
    9         3       0.505862     0.00505862        88.8878       0.888878
    9         3       0.556166     0.00556166        95.7857       0.957857
    9         3       0.609363     0.00609363        102.987        1.02987
    9         3       0.659052     0.00659052        109.702        1.09702
    9         3       0.711364     0.00711364        116.729        1.16729
    9         3       0.764551     0.00764551        123.678        1.23678
    9         3       0.820654     0.00820654        130.937        1.30937
    9         3       0.872928     0.00872928        137.748        1.37748
    9         3       0.929118     0.00929118        144.873        1.44873
    9         3       0.985905     0.00985905        151.938        1.51938
   10         0      0.0244225    0.000244225        9.19266      0.0919266
   10         0      0.0469559    0.000469559        15.2817       0.152817
   10         0      0.0759274    0.000759274        21.8142       0.218142
   10         0       0.104899     0.00104899        27.6139       0.276139
   10         0       0.137089     0.00137089        33.6115       0.336115
   10         0       0.173402     0.00173402        39.9004       0.399004
   10         0       0.208273     0.00208273        45.9781       0.459781
   10         0       0.244521     0.00244521        51.8989       0.518989
   10         0       0.280483     0.00280483        57.6983       0.576983
   10         0       0.319598     0.00319598        63.8904       0.638904
   10         0       0.358924     0.00358924        69.9486       0.699486
   10         0       0.398164     0.00398164        75.8603       0.758603
   10         0       0.437356     0.00437356        81.6752       0.816752
   10         0       0.479994     0.00479994        87.8612       0.878612
   10         0       0.522731     0.00522731        93.9416       0.939416
   10         0       0.564901     0.00564901        99.9248       0.999248
   10         0       0.607023     0.00607023        105.818        1.05818
   10         0        0.64966      0.0064966        111.629        1.11629
   10         0       0.695542     0.00695542        117.801        1.17801
   10         0       0.741521     0.00741521        123.893        1.23893
   10         0       0.787471     0.00787471        129.909        1.29909
   10         0       0.833195     0.00833195        135.856        1.35856
   10         0       0.879378     0.00879378        141.739        1.41739
   10         1      0.0269828    0.000269828        10.7889       0.107889
   10         1      0.0591321    0.000591321        17.8443       0.178443
   10         1      0.0948534    0.000948534        24.4416       0.244416
   10         1       0.137719     0.00137719          31.79         0.3179
   10         1       0.181739     0.00181739        38.8201       0.388201
   10         1       0.224756     0.00224756        45.6475       0.456475
   10         1       0.272706     0.00272706        52.8734       0.528734
   10         1       0.319634     0.00319634          59.97         0.5997
   10         1       0.366626     0.00366626        66.9348       0.669348
   10         1       0.414509     0.00414509        73.7488       0.737488
   10         1       0.465772     0.00465772         80.974        0.80974
   10         1       0.513557     0.00513557         87.589        0.87589
   10         1       0.564371     0.00564371        94.6215       0.946215
   10         1       0.615192     0.00615192        101.568        1.01568
   10         1       0.670359     0.00670359        108.923        1.08923
   10         1       0.721626     0.00721626        115.713        1.15713
   10         1       0.776893     0.00776893        122.914        1.22914
   10         1       0.827383     0.00827383        129.571        1.29571
   10         1         0.8827       0.008827         136.64         1.3664
   10         1       0.938173     0.00938173        143.647        1.43647
   10         1        0.99399      0.0099399        150.597        1.50597
   10         1        1.05347      0.0105347        157.951        1.57951
   10         2     0.00936573    9.36573e-05        10.6056       0.106056
   10         2      0.0491193    0.000491193         17.549        0.17549
   10         2      0.0928481    0.000928481        24.6513       0.246513
   10         2       0.140552     0.00140552        31.9951       0.319951
   10         2        0.18399      0.0018399        38.9976       0.389976
   10         2       0.225451     0.00225451        45.7128       0.457128
   10         2       0.271191     0.00271191        52.7199       0.527199
   10         2       0.320222     0.00320222        59.9873       0.599873
   10         2       0.365851     0.00365851        66.5132       0.665132
   10         2       0.418577     0.00418577         73.774        0.73774
   10         2       0.470676     0.00470676        80.8223       0.808223
   10         2       0.522981     0.00522981        87.6922       0.876922
   10         2       0.579364     0.00579364        94.8526       0.948526
   10         2       0.635661     0.00635661        101.866        1.01866
   10         2       0.691875     0.00691875        108.754        1.08754
   10         2       0.751352     0.00751352        115.954        1.15954
   10         2       0.806792     0.00806792        122.635        1.22635
   10         2       0.866772     0.00866772        129.646        1.29646
   10         2       0.930516     0.00930516        136.985        1.36985
   10         2       0.991026     0.00991026        143.847        1.43847
   10         2         1.0515       0.010515        150.652        1.50652
   10         3      0.0364659    0.000364659        12.8661       0.128661
   10         3      0.0692229    0.000692229        19.5598       0.195598
   10         3        0.10562      0.0010562        26.6718       0.266718
   10         3       0.142016     0.00142016         33.508        0.33508
   10         3       0.182444     0.00182444        40.7657       0.407657
   10         3       0.224164     0.00224164        47.7803       0.477803
   10         3       0.264924     0.00264924        54.6027       0.546027
   10         3       0.309253     0.00309253        61.8319       0.618319
   10         3       0.354518     0.00354518        68.8615       0.688615
   10         3       0.399647     0.00399647        75.6747       0.756747
   10         3       0.448392     0.00448392        82.8915       0.828915
   10         3       0.496565     0.00496565        89.9452       0.899452
   10         3       0.545428     0.00545428         96.859        0.96859
   10         3       0.594313     0.00594313        103.647        1.03647
   10         3       0.646936     0.00646936        110.833        1.10833
   10         3       0.699487     0.00699487        117.904        1.17904
   10         3       0.751293     0.00751293        124.872        1.24872
   10         3       0.804082     0.00804082        131.747        1.31747
   10         3        0.85675      0.0085675        138.539        1.38539
   10         3       0.913661     0.00913661        145.733        1.45733
   10         3        0.96974      0.0096974        152.849        1.52849
   11         0      0.0346005    0.000346005        13.5649       0.135649
   11         0      0.0633322    0.000633322        20.7004       0.207004
   11         0      0.0946759    0.000946759        27.6569       0.276569
   11         0       0.128632     0.00128632        34.6347       0.346347
   11         0       0.165219     0.00165219        41.7178       0.417178
   11         0        0.20432      0.0020432        48.9477       0.489477
   11         0       0.244994     0.00244994        55.8738       0.558738
   11         0       0.285595     0.00285595        62.5688       0.625688
   11         0       0.331462     0.00331462        69.9086       0.699086
   11         0       0.377456     0.00377456        76.9947       0.769947
   11         0       0.422767     0.00422767        83.9102       0.839102
   11         0       0.468366     0.00468366        90.6698       0.906698
   11         0       0.517198     0.00517198        97.6875       0.976875
   11         0       0.568613     0.00568613        104.962        1.04962
   11         0        0.61731      0.0061731        111.746        1.11746
   11         0       0.668536     0.00668536         118.81         1.1881
   11         0       0.719254     0.00719254        125.789        1.25789
   11         0       0.770455     0.00770455        132.695        1.32695
   11         0       0.824485     0.00824485        139.898        1.39898
   11         0       0.875915     0.00875915        146.686        1.46686
   11         0       0.930394     0.00930394        153.783        1.53783
   11         1      0.0392749    0.000392749        18.8352       0.188352
   11         1      0.0794534    0.000794534        25.9016       0.259016
   11         1       0.119632     0.00119632        32.8779       0.328779
   11         1       0.159771     0.00159771        39.7431       0.397431
   11         1       0.203664     0.00203664        46.9572       0.469572
   11         1       0.244582     0.00244582        53.5473       0.535473
   11         1       0.291207     0.00291207        60.8992       0.608992
   11         1       0.335437     0.00335437        67.6257       0.676257
   11         1       0.382702     0.00382702        74.5855       0.745855
   11         1       0.432675     0.00432675        81.8096       0.818096
   11         1       0.482239     0.00482239        88.8758       0.888758
   11         1       0.532397     0.00532397        95.8126       0.958126
   11         1       0.582726     0.00582726        102.644        1.02644
   11         1       0.635591     0.00635591        109.787        1.09787
   11         1       0.688196     0.00688196        116.861        1.16861
   11         1       0.741443     0.00741443        123.884        1.23884
   11         1       0.794515     0.00794515        130.874        1.30874
   11         1       0.847179     0.00847179        137.845        1.37845
   11         1        0.90023      0.0090023        144.807        1.44807
   11         1       0.954021     0.00954021        151.771        1.51771
   11         2      0.0269787    0.000269787        12.4999       0.124999
   11         2      0.0556792    0.000556792        18.6541       0.186541
   11         2      0.0891632    0.000891632        24.8571       0.248571
   11         2       0.122647     0.00122647        30.7001       0.307001
   11         2       0.158472     0.00158472        36.7451       0.367451
   11         2       0.194748     0.00194748         42.639        0.42639
   11         2       0.233591     0.00233591        48.8053       0.488053
   11         2       0.272411     0.00272411        54.8689       0.548689
   11         2       0.310912     0.00310912        60.8331       0.608331
   11         2       0.349176     0.00349176        66.7231       0.667231
   11         2       0.390506     0.00390506        72.8645       0.728645
   11         2       0.431878     0.00431878        78.9213       0.789213
   11         2       0.473359     0.00473359        84.9096       0.849096
   11         2       0.514819     0.00514819        90.8289       0.908289
   11         2        0.55615      0.0055615        96.6879       0.966879
   11         2       0.599873     0.00599873        102.829        1.02829
   11         2       0.643628     0.00643628        108.912        1.08912
   11         2       0.687513     0.00687513         114.94         1.1494
   11         2       0.731248     0.00731248        120.917        1.20917
   11         2       0.775091     0.00775091        126.845        1.26845
   11         2       0.819022     0.00819022        132.729        1.32729
   11         3      0.0253185    0.000253185        13.2556       0.132556
   11         3      0.0573787    0.000573787        19.7411       0.197411
   11         3      0.0894388    0.000894388           25.6          0.256
   11         3       0.125061     0.00125061        31.8426       0.318426
   11         3       0.160745     0.00160745        37.8966       0.378966
   11         3        0.19717      0.0019717        43.8056       0.438056
   11         3       0.233162     0.00233162        49.5835       0.495835
   11         3       0.274011     0.00274011        55.8239       0.558239
   11         3       0.313491     0.00313491        61.9224       0.619224
   11         3       0.352974     0.00352974        67.9165       0.679165
   11         3       0.393266     0.00393266        73.7678       0.737678
   11         3        0.43351      0.0043351        79.5227       0.795227
   11         3       0.477335     0.00477335        85.6991       0.856991
   11         3       0.521406     0.00521406        91.7744       0.917744
   11         3       0.564796     0.00564796        97.7594       0.977594
   11         3       0.608086     0.00608086         103.66         1.0366
   11         3       0.655785     0.00655785        109.965        1.09965
   11         3       0.699704     0.00699704         115.71         1.1571
   11         3         0.7474       0.007474        121.858        1.21858
   11         3       0.794812     0.00794812        127.934        1.27934
   11         3       0.841446     0.00841446        133.943        1.33943
   11         3       0.889356     0.00889356        139.888        1.39888
   11         3       0.937235     0.00937235        145.775        1.45775
