 *tel    numcsi      CsIV        errCsIV           CsIE       errCsIE
    0         0      0.0307874    0.000307874        9.64414      0.0964414
    0         0       0.122186     0.00122186        22.7258       0.227258
    0         0       0.211767     0.00211767        35.1426       0.351426
    0         0       0.307997     0.00307997        48.6454       0.486454
    0         0       0.398917     0.00398917        61.2897       0.612897
    0         0       0.496125     0.00496125          74.99         0.7499
    0         0       0.586076     0.00586076        87.7615       0.877615
    0         0       0.676032     0.00676032        100.571        1.00571
    0         0       0.767116     0.00767116        113.418        1.13418
    0         0        0.85665      0.0085665        126.306        1.26306
    0         0       0.948456     0.00948456        139.242        1.39242
    0         0        1.04037      0.0104037        152.232        1.52232
    0         0        1.13275      0.0113275        165.284        1.65284
    0         0        1.22749      0.0122749        178.407        1.78407
    0         0        1.32525      0.0132525        191.607        1.91607
    0         0        1.42377      0.0142377         204.89         2.0489
    0         0        1.51582      0.0151582        217.233        2.17233
    0         0        1.61726      0.0161726        230.698        2.30698
    0         0        1.71174      0.0171174        243.217        2.43217
    0         0          1.815        0.01815        256.885        2.56885
    0         0        1.91061      0.0191061        269.601        2.69601
    0         0        2.00686      0.0200686        282.419        2.82419
    0         1      0.0279281    0.000279281        8.83635      0.0883635
    0         1       0.131633     0.00131633        23.6556       0.236556
    0         1       0.231112     0.00231112        38.3515       0.383515
    0         1       0.339963     0.00339963        53.8344       0.538344
    0         1       0.441065     0.00441065        68.1542       0.681542
    0         1       0.549587     0.00549587        83.4113       0.834113
    0         1       0.657807     0.00657807        98.6193       0.986193
    0         1       0.766937     0.00766937         113.81         1.1381
    0         1       0.868073     0.00868073        127.995        1.27995
    0         1       0.978466     0.00978466        143.221        1.43221
    0         1        1.08924      0.0108924        158.494        1.58494
    0         1        1.20249      0.0120249        173.832        1.73832
    0         1        1.31113      0.0131113        188.219        1.88219
    0         1        1.42961      0.0142961        203.721        2.03721
    0         1        1.54182      0.0154182        218.285        2.18285
    0         1        1.66406      0.0166406        233.998        2.33998
    0         1        1.78083      0.0178083        248.775        2.48775
    0         1        1.89681      0.0189681        263.669        2.63669
    0         1        2.01381      0.0201381        278.687        2.78687
    0         1        2.13153      0.0213153        293.834        2.93834
    0         1        2.24124      0.0224124        308.022        3.08022
    0         2      0.0348195    0.000348195        9.56833      0.0956833
    0         2        0.14461      0.0014461        24.9267       0.249267
    0         2        0.24664      0.0024664        39.0812       0.390812
    0         2        0.36239      0.0036239        54.9768       0.549768
    0         2       0.471957     0.00471957        69.7308       0.697308
    0         2       0.580976     0.00580976        84.3828       0.843828
    0         2       0.697291     0.00697291        99.9343       0.999343
    0         2        0.80615      0.0080615        114.469        1.14469
    0         2       0.923158     0.00923158         129.95         1.2995
    0         2        1.03398      0.0103398        144.462        1.44462
    0         2        1.15416      0.0115416        159.959        1.59959
    0         2        1.26979      0.0126979        174.522        1.74522
    0         2        1.38805      0.0138805        189.132        1.89132
    0         2        1.51746      0.0151746        204.779        2.04779
    0         2        1.64077      0.0164077        219.523        2.19523
    0         2        1.76544      0.0176544        234.347        2.34347
    0         2        1.89055      0.0189055        249.262        2.49262
    0         2        2.01666      0.0201666        264.276        2.64276
    0         2        2.14401      0.0214401        279.398        2.79398
    0         2        2.27116      0.0227116        294.635        2.94635
    0         2        2.39805      0.0239805        309.994        3.09994
    0         3      0.0359557    0.000359557        10.8014       0.108014
    0         3       0.133025     0.00133025        23.8254       0.238254
    0         3       0.226481     0.00226481        36.7401       0.367401
    0         3        0.31955      0.0031955        49.5407       0.495407
    0         3       0.414041     0.00414041        62.2802       0.622802
    0         3       0.514147     0.00514147        75.8425       0.758425
    0         3       0.607944     0.00607944        88.5494       0.885494
    0         3        0.70205      0.0070205        101.262        1.01262
    0         3        0.80188      0.0080188        114.841        1.14841
    0         3       0.895831     0.00895831        127.598        1.27598
    0         3       0.991748     0.00991748        140.391        1.40391
    0         3        1.08768      0.0108768        153.227        1.53227
    0         3        1.19173      0.0119173        166.978        1.66978
    0         3        1.29201      0.0129201        179.932        1.79932
    0         3        1.39367      0.0139367        192.952        1.92952
    0         3        1.49036      0.0149036         205.17         2.0517
    0         3        1.59571      0.0159571         218.34         2.1834
    0         3        1.70231      0.0170231        231.593        2.31593
    0         3         1.8098       0.018098        244.937        2.44937
    0         3        1.91083      0.0191083        257.479        2.57479
    0         3        2.01216      0.0201216        270.109        2.70109
    1         0      0.0262005    0.000262005        7.83433      0.0783433
    1         0       0.126797     0.00126797         22.156        0.22156
    1         0       0.231287     0.00231287        36.1547       0.361547
    1         0       0.336504     0.00336504        50.1963       0.501963
    1         0       0.441486     0.00441486        64.3221       0.643221
    1         0       0.547947     0.00547947        78.5012       0.785012
    1         0       0.653458     0.00653458        92.7093       0.927093
    1         0       0.758686     0.00758686        106.941        1.06941
    1         0       0.856863     0.00856863        120.249        1.20249
    1         0       0.963777     0.00963777        134.542        1.34542
    1         0         1.0713       0.010713        148.881        1.48881
    1         0        1.17431      0.0117431        162.316        1.62316
    1         0        1.28613      0.0128613        176.777        1.76777
    1         0        1.39338      0.0139338        190.345        1.90345
    1         0        1.51019      0.0151019        204.966        2.04966
    1         0        1.62085      0.0162085        218.701        2.18701
    1         0        1.73277      0.0173277        232.527        2.32527
    1         0        1.84619      0.0184619        246.451        2.46451
    1         0        1.95969      0.0195969         260.48         2.6048
    1         0        2.07355      0.0207355         274.62         2.7462
    1         0        2.18777      0.0218777        288.876        2.88876
    1         1      0.0333099    0.000333099        8.79791      0.0879791
    1         1       0.132111     0.00132111        22.6418       0.226418
    1         1       0.230378     0.00230378        36.4732       0.364732
    1         1       0.327478     0.00327478        50.1417       0.501417
    1         1       0.432266     0.00432266        64.6446       0.646446
    1         1       0.530068     0.00530068          78.09         0.7809
    1         1       0.635756     0.00635756        92.4238       0.924238
    1         1       0.740322     0.00740322        106.706        1.06706
    1         1       0.844964     0.00844964        120.956        1.20956
    1         1       0.943853     0.00943853        134.243        1.34243
    1         1        1.05064      0.0105064        148.481        1.48481
    1         1        1.15947      0.0115947        162.734        1.62734
    1         1        1.26257      0.0126257        176.064        1.76064
    1         1         1.3758       0.013758        190.386        1.90386
    1         1        1.49157      0.0149157        204.759        2.04759
    1         1        1.60131      0.0160131        218.231        2.18231
    1         1        1.72032      0.0172032        232.733        2.32733
    1         1        1.83264      0.0183264        246.339        2.46339
    1         1        1.94528      0.0194528        260.022        2.60022
    1         1        2.06669      0.0206669        274.774        2.74774
    1         1         2.1802       0.021802        288.633        2.88633
    1         2      0.0318352    0.000318352        9.27107      0.0927107
    1         2       0.131967     0.00131967        22.7393       0.227393
    1         2       0.222089     0.00222089        35.3661       0.353661
    1         2       0.319433     0.00319433        48.7138       0.487138
    1         2       0.416207     0.00416207        61.9519       0.619519
    1         2        0.50707      0.0050707        74.3057       0.743057
    1         2       0.605401     0.00605401        87.4413       0.874413
    1         2       0.702563     0.00702563         100.55         1.0055
    1         2         0.8001       0.008001        113.649        1.13649
    1         2       0.897562     0.00897562        126.749        1.26749
    1         2       0.995868     0.00995868        139.864        1.39864
    1         2        1.09028      0.0109028        152.181        1.52181
    1         2        1.19172      0.0119172        165.355        1.65355
    1         2        1.29534      0.0129534        178.574        1.78574
    1         2         1.4018       0.014018        191.847        1.91847
    1         2        1.50276      0.0150276        204.345        2.04345
    1         2        1.61237      0.0161237        217.746        2.17746
    1         2        1.71602      0.0171602        230.377        2.30377
    1         2         1.8276       0.018276        243.931        2.43931
    1         2        1.93258      0.0193258        256.718        2.56718
    1         2        2.03835      0.0203835        269.588        2.69588
    1         3      0.0321544    0.000321544        9.54866      0.0954866
    1         3       0.119015     0.00119015        22.2348       0.222348
    1         3       0.209268     0.00209268        35.3367       0.353367
    1         3       0.299618     0.00299618        48.2166       0.482166
    1         3       0.397352     0.00397352        61.8064       0.618064
    1         3       0.488229     0.00488229        74.4816       0.744816
    1         3       0.584933     0.00584933        87.9663       0.879663
    1         3       0.675851     0.00675851        100.597        1.00597
    1         3       0.766781     0.00766781        113.233        1.13233
    1         3       0.864633     0.00864633        126.733        1.26733
    1         3       0.956049     0.00956049        139.422        1.39422
    1         3        1.04817      0.0104817        152.152        1.52152
    1         3         1.1491       0.011491        165.788        1.65788
    1         3        1.24477      0.0124477        178.634        1.78634
    1         3        1.34267      0.0134267        191.548        1.91548
    1         3        1.44282      0.0144282        204.536        2.04536
    1         3        1.54389      0.0154389        217.608        2.17608
    1         3        1.64642      0.0164642        230.767        2.30767
    1         3        1.74313      0.0174313        243.134        2.43134
    1         3        1.84762      0.0184762         256.48         2.5648
    1         3         1.9525       0.019525        269.931        2.69931
    1         3        2.05095      0.0205095        282.583        2.82583
    2         0      0.0345878    0.000345878        8.74503      0.0874503
    2         0       0.117169     0.00117169        20.2942       0.202942
    2         0       0.205378     0.00205378        32.3775       0.323775
    2         0       0.292328     0.00292328         44.636        0.44636
    2         0       0.379701     0.00379701        56.8923       0.568923
    2         0       0.462026     0.00462026        68.3041       0.683041
    2         0       0.549109     0.00549109        80.4873       0.804873
    2         0       0.636574     0.00636574        92.6281       0.926281
    2         0       0.725077     0.00725077        104.738        1.04738
    2         0       0.812171     0.00812171         116.83         1.1683
    2         0       0.900829     0.00900829        128.918        1.28918
    2         0        0.98342      0.0098342        140.208        1.40208
    2         0        1.07276      0.0107276        152.323        1.52323
    2         0        1.16369      0.0116369         164.47         1.6447
    2         0        1.25631      0.0125631        176.658        1.76658
    2         0        1.35148      0.0135148        188.896        1.88896
    2         0         1.4409       0.014409        200.369        2.00369
    2         0        1.53816      0.0153816        212.726        2.12726
    2         0        1.63013      0.0163013        224.323        2.24323
    2         0        1.73058      0.0173058        236.823        2.36823
    2         0        1.82471      0.0182471        248.564        2.48564
    2         0        1.91862      0.0191862        260.382        2.60382
    2         1      0.0228025    0.000228025        7.11567      0.0711567
    2         1       0.104777     0.00104777        20.0908       0.200908
    2         1        0.19594      0.0019594        33.6937       0.336937
    2         1        0.28138      0.0028138        46.2957       0.462957
    2         1       0.374016     0.00374016        59.8206       0.598206
    2         1         0.4591       0.004591        72.5095       0.725095
    2         1       0.544777     0.00544777        85.2618       0.852618
    2         1       0.637663     0.00637663        98.9976       0.989976
    2         1       0.723158     0.00723158        111.891        1.11891
    2         1       0.808365     0.00808365        124.861        1.24861
    2         1       0.895573     0.00895573        137.915        1.37915
    2         1       0.975994     0.00975994        150.117        1.50117
    2         1        1.06328      0.0106328        163.353        1.63353
    2         1        1.15157      0.0115157        176.696        1.76696
    2         1        1.23663      0.0123663        189.186        1.89186
    2         1        1.32883      0.0132883        202.751        2.02751
    2         1        1.41567      0.0141567        215.461        2.15461
    2         1         1.5037       0.015037        228.283        2.28283
    2         1        1.59271      0.0159271        241.222        2.41222
    2         1        1.68359      0.0168359        254.285        2.54285
    2         2      0.0308442    0.000308442        8.16269      0.0816269
    2         2        0.12152      0.0012152        20.8754       0.208754
    2         2       0.205519     0.00205519        32.5566       0.325566
    2         2       0.294786     0.00294786        44.8713       0.448713
    2         2       0.384009     0.00384009        56.9939       0.569939
    2         2       0.467894     0.00467894        68.2166       0.682166
    2         2       0.564155     0.00564155        80.9808       0.809808
    2         2       0.653314     0.00653314        92.9187       0.929187
    2         2       0.742589     0.00742589        104.853        1.04853
    2         2       0.833329     0.00833329        116.801        1.16801
    2         2       0.923023     0.00923023        128.778        1.28778
    2         2        1.01438      0.0101438        140.796        1.40796
    2         2        1.10617      0.0110617        152.864        1.52864
    2         2        1.20033      0.0120033        164.994        1.64994
    2         2        1.28936      0.0128936        176.377        1.76377
    2         2        1.38637      0.0138637        188.646        1.88646
    2         2        1.48527      0.0148527        200.996        2.00996
    2         2        1.57874      0.0157874        212.604        2.12604
    2         2        1.67472      0.0167472        224.292        2.24292
    2         2        1.77713      0.0177713         236.91         2.3691
    2         2        1.87317      0.0187317         248.78         2.4878
    2         3       0.031276     0.00031276        8.48667      0.0848667
    2         3       0.111895     0.00111895        20.2368       0.202368
    2         3       0.202169     0.00202169        32.8568       0.328568
    2         3        0.28677      0.0028677        44.7263       0.447263
    2         3        0.37235      0.0037235        56.6154       0.566154
    2         3       0.456704     0.00456704        68.5106       0.685106
    2         3       0.541361     0.00541361        80.3957       0.803957
    2         3       0.627484     0.00627484        92.2686       0.922686
    2         3       0.718101     0.00718101        104.983        1.04983
    2         3       0.802597     0.00802597        116.852        1.16852
    2         3       0.888963     0.00888963        128.734        1.28734
    2         3        0.97458      0.0097458         140.64         1.4064
    2         3        1.06073      0.0106073        152.577        1.52577
    2         3        1.14926      0.0114926        164.556        1.64556
    2         3        1.23901      0.0123901        176.584        1.76584
    2         3        1.33022      0.0133022         188.67         1.8867
    2         3        1.42313      0.0142313        200.818        2.00818
    2         3        1.51033      0.0151033        212.163        2.12163
    2         3        1.60616      0.0160616        224.453        2.24453
    2         3        1.70273      0.0170273        236.824        2.36824
    2         3        1.79298      0.0179298        248.389        2.48389
    3         0      0.0323886    0.000323886        8.30137      0.0830137
    3         0       0.104914     0.00104914         18.689        0.18689
    3         0       0.173391     0.00173391        28.2601       0.282601
    3         0       0.248733     0.00248733        38.5917       0.385917
    3         0       0.325608     0.00325608         48.869        0.48869
    3         0       0.395048     0.00395048        58.3512       0.583512
    3         0       0.472171     0.00472171        68.6129       0.686129
    3         0       0.547587     0.00547587        78.8616       0.788616
    3         0       0.618144     0.00618144        88.3125       0.883125
    3         0       0.694308     0.00694308        98.5457       0.985457
    3         0       0.770377     0.00770377         108.78         1.0878
    3         0       0.841103     0.00841103        118.233        1.18233
    3         0       0.917528     0.00917528        128.488        1.28488
    3         0       0.994983     0.00994983        138.762        1.38762
    3         0        1.06641      0.0106641        148.269        1.48269
    3         0        1.14553      0.0114553        158.598        1.58598
    3         0        1.22576      0.0122576        168.964        1.68964
    3         0        1.30029      0.0130029        178.571        1.78571
    3         0        1.37742      0.0137742        188.216        1.88216
    3         0        1.46104      0.0146104        198.712        1.98712
    3         0         1.5387       0.015387        208.449        2.08449
    3         0        1.61755      0.0161755        218.235        2.18235
    3         1      0.0388295    0.000388295        8.63568      0.0863568
    3         1       0.108929     0.00108929        18.7235       0.187235
    3         1        0.17601      0.0017601         28.411        0.28411
    3         1       0.249648     0.00249648        38.4897       0.384897
    3         1       0.327067     0.00327067         48.917        0.48917
    3         1       0.400529     0.00400529        58.5443       0.585443
    3         1       0.478886     0.00478886         68.736        0.68736
    3         1       0.556306     0.00556306        78.9023       0.789023
    3         1       0.630622     0.00630622        88.4431       0.884431
    3         1       0.708258     0.00708258        98.6546       0.986546
    3         1       0.786242     0.00786242         108.92         1.0892
    3         1       0.860502     0.00860502        118.603        1.18603
    3         1       0.933741     0.00933741        128.351        1.28351
    3         1        1.01316      0.0101316        138.828        1.38828
    3         1        1.08866      0.0108866        148.729        1.48729
    3         1        1.16442      0.0116442         158.71         1.5871
    3         1         1.2425       0.012425        168.775        1.68775
    3         1        1.32143      0.0132143        178.927        1.78927
    3         1        1.39543      0.0139543        188.483        1.88483
    3         1        1.47608      0.0147608        198.809        1.98809
    3         1        1.55278      0.0155278        208.532        2.08532
    3         2      0.0286013    0.000286013        9.46105      0.0946105
    3         2      0.0840657    0.000840657        20.5226       0.205226
    3         2       0.140334     0.00140334        31.9301       0.319301
    3         2       0.194114     0.00194114        42.3776       0.423776
    3         2       0.255523     0.00255523        53.9836       0.539836
    3         2       0.312261     0.00312261        64.8062       0.648062
    3         2       0.370549     0.00370549        75.5885       0.755885
    3         2       0.427648     0.00427648        86.3677       0.863677
    3         2        0.48924      0.0048924        97.8461       0.978461
    3         2       0.546015     0.00546015        108.694        1.08694
    3         2       0.604398     0.00604398        119.599        1.19599
    3         2       0.661794     0.00661794        130.573        1.30573
    3         2       0.719461     0.00719461        141.625        1.41625
    3         2       0.776531     0.00776531        152.763        1.52763
    3         2       0.834509     0.00834509        163.992        1.63992
    3         2       0.889261     0.00889261         174.61         1.7461
    3         2       0.943122     0.00943122        185.319        1.85319
    3         2        1.00177      0.0100177        196.844        1.96844
    3         2        1.05655      0.0105655        207.751        2.07751
    3         2        1.11305      0.0111305        218.761        2.18761
    3         2        1.16885      0.0116885        229.874        2.29874
    3         3      0.0289593    0.000289593        7.77142      0.0777142
    3         3       0.114572     0.00114572        19.8732       0.198732
    3         3       0.195146     0.00195146        31.3252       0.313252
    3         3       0.282684     0.00282684        43.4214       0.434214
    3         3       0.371404     0.00371404        55.3267       0.553267
    3         3       0.466286     0.00466286        67.9027       0.679027
    3         3       0.554302     0.00554302         79.619        0.79619
    3         3       0.642508     0.00642508        91.2962       0.912962
    3         3       0.737823     0.00737823        103.738        1.03738
    3         3       0.825981     0.00825981        115.413        1.15413
    3         3       0.920814     0.00920814        127.896        1.27896
    3         3         1.0107       0.010107        139.643        1.39643
    3         3          1.102        0.01102        151.444        1.51444
    3         3        1.19405      0.0119405        163.311        1.63311
    3         3        1.28787      0.0128787        175.253        1.75253
    3         3        1.38483      0.0138483        187.278        1.87278
    3         3        1.48251      0.0148251        199.391        1.99391
    3         3        1.58146      0.0158146        211.602        2.11602
    3         3        1.68147      0.0168147        223.913        2.23913
    3         3        1.77601      0.0177601        235.501        2.35501
    3         3        1.87072      0.0187072        247.185        2.47185
    3         3        1.97273      0.0197273        259.817        2.59817
    4         0      0.0210563    0.000210563        6.49709      0.0649709
    4         0       0.095048     0.00095048        18.4415       0.184415
    4         0       0.178473     0.00178473         30.841        0.30841
    4         0       0.256533     0.00256533        42.2401       0.422401
    4         0       0.339578     0.00339578        54.2763       0.542763
    4         0       0.428852     0.00428852        66.9887       0.669887
    4         0       0.512722     0.00512722        78.8138       0.788138
    4         0       0.595436     0.00595436        90.5742       0.905742
    4         0       0.679263     0.00679263        102.293        1.02293
    4         0       0.768704     0.00768704        114.771        1.14771
    4         0       0.851136     0.00851136        126.466        1.26466
    4         0        0.94107      0.0094107        138.956        1.38956
    4         0        1.02476      0.0102476        150.693        1.50693
    4         0        1.11014      0.0111014        162.468        1.62468
    4         0        1.19731      0.0119731        174.292        1.74292
    4         0         1.2907       0.012907        186.969        1.86969
    4         0        1.38123      0.0138123        198.919        1.98919
    4         0          1.472        0.01472        210.943        2.10943
    4         0        1.55853      0.0155853        222.236        2.22236
    4         0        1.65121      0.0165121        234.417        2.34417
    4         0        1.74551      0.0174551        246.687        2.46687
    4         1      0.0271973    0.000271973        7.61756      0.0761756
    4         1      0.0979464    0.000979464        19.1714       0.191714
    4         1       0.185974     0.00185974        31.8204       0.318204
    4         1       0.266573     0.00266573        43.2673       0.432673
    4         1       0.354988     0.00354988        55.5611       0.555611
    4         1        0.44318      0.0044318        67.9044       0.679044
    4         1       0.524279     0.00524279        79.4107       0.794107
    4         1       0.612107     0.00612107        91.8449       0.918449
    4         1       0.693865     0.00693865        103.429        1.03429
    4         1       0.781208     0.00781208        115.949        1.15949
    4         1       0.862921     0.00862921        127.617        1.27617
    4         1       0.945018     0.00945018        139.331        1.39331
    4         1        1.02766      0.0102766        151.096        1.51096
    4         1        1.11664      0.0111664        163.827        1.63827
    4         1        1.20181      0.0120181        175.713        1.75713
    4         1        1.28743      0.0128743        187.663        1.87663
    4         1        1.37556      0.0137556        199.682        1.99682
    4         1        1.46524      0.0146524        211.776        2.11776
    4         1        1.55435      0.0155435        223.947        2.23947
    4         1        1.63862      0.0163862        235.255        2.35255
    4         1        1.73033      0.0173033        247.586        2.47586
    4         1        1.81611      0.0181611        259.048        2.59048
    4         2      0.0280832    0.000280832        7.35231      0.0735231
    4         2       0.100972     0.00100972        18.1122       0.181122
    4         2       0.184052     0.00184052        29.3609       0.293609
    4         2       0.268235     0.00268235         40.246        0.40246
    4         2       0.358685     0.00358685        51.7783       0.517783
    4         2       0.442237     0.00442237        62.4493       0.624493
    4         2       0.532101     0.00532101         73.928        0.73928
    4         2       0.616313     0.00616313        84.5872       0.845872
    4         2       0.699234     0.00699234        95.2552       0.952552
    4         2       0.790135     0.00790135        106.762        1.06762
    4         2       0.873366     0.00873366        117.471        1.17471
    4         2       0.957851     0.00957851        128.209        1.28209
    4         2        1.04951      0.0104951        139.814        1.39814
    4         2        1.13475      0.0113475        150.632        1.50632
    4         2        1.22294      0.0122294        161.498        1.61498
    4         2        1.31152      0.0131152        172.416        1.72416
    4         2        1.40245      0.0140245        183.392        1.83392
    4         2        1.49507      0.0149507        194.429        1.94429
    4         2        1.58775      0.0158775        205.532        2.05532
    4         2        1.68134      0.0168134        216.706        2.16706
    4         2        1.77706      0.0177706        227.952        2.27952
    4         3      0.0259394    0.000259394        7.25514      0.0725514
    4         3      0.0946011    0.000946011        17.7203       0.177203
    4         3       0.166718     0.00166718        27.7763       0.277763
    4         3       0.237547     0.00237547        37.5737       0.375737
    4         3       0.314541     0.00314541        47.8926       0.478926
    4         3       0.385506     0.00385506        57.4454       0.574454
    4         3       0.462574     0.00462574        67.6295       0.676295
    4         3       0.539681     0.00539681        77.7774       0.777774
    4         3       0.615565     0.00615565        87.9029       0.879029
    4         3       0.687495     0.00687495        97.3436       0.973436
    4         3        0.76356      0.0076356        107.459        1.07459
    4         3       0.840565     0.00840565        117.583        1.17583
    4         3       0.917216     0.00917216        127.725        1.27725
    4         3       0.994681     0.00994681        137.892        1.37892
    4         3        1.06682      0.0106682        147.411        1.47411
    4         3        1.14593      0.0114593        157.645        1.57645
    4         3        1.22657      0.0122657        167.924        1.67924
    4         3        1.30185      0.0130185        177.562        1.77562
    4         3        1.38506      0.0138506        187.941        1.87941
    4         3        1.46326      0.0146326        197.678        1.97678
    4         3        1.54177      0.0154177         207.47         2.0747
    4         3        1.62207      0.0162207        217.319        2.17319
    5         0      0.0270936    0.000270936        7.81692      0.0781692
    5         0       0.105909     0.00105909        19.1796       0.191796
    5         0       0.194685     0.00194685         31.555        0.31555
    5         0       0.283441     0.00283441        43.7631       0.437631
    5         0       0.372253     0.00372253        55.8038       0.558038
    5         0       0.461308     0.00461308        67.7397       0.677397
    5         0       0.550359     0.00550359        79.5977       0.795977
    5         0       0.638801     0.00638801        91.4014       0.914014
    5         0        0.73415      0.0073415        103.956        1.03956
    5         0       0.822261     0.00822261        115.712        1.15712
    5         0       0.911976     0.00911976        127.471        1.27471
    5         0        1.00073      0.0100073        139.247        1.39247
    5         0        1.09806      0.0109806         151.84         1.5184
    5         0        1.18942      0.0118942        163.687        1.63687
    5         0         1.2839       0.012839        175.586        1.75586
    5         0        1.37943      0.0137943        187.542        1.87542
    5         0        1.47621      0.0147621        199.562        1.99562
    5         0        1.57534      0.0157534        211.656        2.11656
    5         0        1.67466      0.0167466        223.828        2.23828
    5         0        1.76789      0.0176789        235.264        2.35264
    5         0        1.86958      0.0186958        247.602        2.47602
    5         1      0.0256448    0.000256448        6.45981      0.0645981
    5         1       0.119399     0.00119399        18.8219       0.188219
    5         1       0.210954     0.00210954        30.2791       0.302791
    5         1       0.310028     0.00310028        42.1611       0.421611
    5         1       0.417177     0.00417177        54.5438       0.545438
    5         1       0.524398     0.00524398        66.7325       0.667325
    5         1       0.631691     0.00631691        78.8379       0.788379
    5         1       0.738734     0.00738734        90.9263       0.909263
    5         1       0.838411     0.00838411        102.174        1.02174
    5         1       0.945681     0.00945681        114.341        1.14341
    5         1        1.05404      0.0105404        126.585        1.26585
    5         1        1.16454      0.0116454        138.921        1.38921
    5         1        1.26903      0.0126903        150.472        1.50472
    5         1        1.37646      0.0137646        162.122        1.62122
    5         1        1.49358      0.0149358         174.79         1.7479
    5         1        1.60393      0.0160393        186.672        1.86672
    5         1        1.71625      0.0171625        198.673        1.98673
    5         1        1.82846      0.0182846          210.8          2.108
    5         1        1.93241      0.0193241        222.109        2.22109
    5         1        2.04608      0.0204608        234.489        2.34489
    5         1        2.15147      0.0215147        246.039        2.46039
    5         1          2.265        0.02265        258.689        2.58689
    5         2      0.0293424    0.000293424         7.7053       0.077053
    5         2       0.117148     0.00117148        18.2706       0.182706
    5         2        0.21569      0.0021569        29.9708       0.299708
    5         2       0.308303     0.00308303        40.6072       0.406072
    5         2       0.407746     0.00407746        51.7353       0.517353
    5         2       0.507511     0.00507511        62.6418       0.626418
    5         2       0.606534     0.00606534         73.383        0.73383
    5         2       0.712605     0.00712605        84.7635       0.847635
    5         2       0.812257     0.00812257        95.3067       0.953067
    5         2       0.918419     0.00918419        106.554        1.06554
    5         2        1.02659      0.0102659         117.78         1.1778
    5         2        1.12783      0.0112783        128.257        1.28257
    5         2        1.23855      0.0123855        139.502        1.39502
    5         2         1.3526       0.013526        150.781        1.50781
    5         2        1.46152      0.0146152        161.351        1.61351
    5         2         1.5792       0.015792        172.733        1.72733
    5         2        1.69024      0.0169024        183.417        1.83417
    5         2        1.81078      0.0181078        194.937        1.94937
    5         2        1.92456      0.0192456        205.763        2.05763
    5         2        2.03807      0.0203807        216.669        2.16669
    5         2        2.15254      0.0215254        227.656        2.27656
    5         3      0.0347008    0.000347008        6.79083      0.0679083
    5         3       0.146094     0.00146094        17.2572       0.172572
    5         3       0.275835     0.00275835        28.3565       0.283565
    5         3       0.416264     0.00416264        39.8874       0.398874
    5         3        0.54615      0.0054615        50.2654       0.502654
    5         3       0.686357     0.00686357        61.2453       0.612453
    5         3       0.835812     0.00835812          72.86         0.7286
    5         3       0.976565     0.00976565        83.6158       0.836158
    5         3        1.11876      0.0111876         94.329        0.94329
    5         3        1.27562      0.0127562        105.793        1.05793
    5         3        1.42714      0.0142714        116.503        1.16503
    5         3        1.58146      0.0158146         127.24         1.2724
    5         3        1.74952      0.0174952        138.791        1.38791
    5         3        1.90788      0.0190788        149.628        1.49628
    5         3        2.06733      0.0206733        160.527        1.60527
    5         3        2.22716      0.0222716        171.499        1.71499
    5         3        2.38723      0.0238723        182.549        1.82549
    5         3         2.5479       0.025479        193.684        1.93684
    5         3        2.70824      0.0270824        204.909        2.04909
    5         3        2.85725      0.0285725        215.419        2.15419
    5         3         3.0179       0.030179        226.832        2.26832
    6         0      0.0221445    0.000221445        7.59634      0.0759634
    6         0      0.0877281    0.000877281        18.3399       0.183399
    6         0       0.161048     0.00161048        29.2973       0.292973
    6         0       0.238457     0.00238457        40.6264       0.406264
    6         0        0.31703      0.0031703        51.7127       0.517127
    6         0       0.394582     0.00394582        62.6877       0.626877
    6         0       0.473073     0.00473073        73.5909       0.735909
    6         0       0.551405     0.00551405        84.4523       0.844523
    6         0        0.63379      0.0063379        95.9727       0.959727
    6         0       0.712375     0.00712375        106.817        1.06817
    6         0       0.789867     0.00789867        117.678        1.17678
    6         0       0.868215     0.00868215        128.569        1.28569
    6         0       0.946861     0.00946861          139.5          1.395
    6         0         1.0254       0.010254         150.48         1.5048
    6         0        1.10558      0.0110558        161.518        1.61518
    6         0        1.18582      0.0118582        172.622        1.72622
    6         0        1.26877      0.0126877        183.797        1.83797
    6         0        1.34639      0.0134639        194.343        1.94343
    6         0        1.43187      0.0143187         205.67         2.0567
    6         0        1.51207      0.0151207        216.368        2.16368
    6         0        1.59944      0.0159944        227.866        2.27866
    6         1      0.0305649    0.000305649        8.37789      0.0837789
    6         1       0.104068     0.00104068         19.295        0.19295
    6         1       0.180922     0.00180922        30.3445       0.303445
    6         1       0.264348     0.00264348        41.8888       0.418888
    6         1       0.341068     0.00341068        52.3431       0.523431
    6         1       0.424765     0.00424765         63.458        0.63458
    6         1        0.50825      0.0050825        74.4902       0.744902
    6         1       0.591096     0.00591096         85.487        0.85487
    6         1       0.674922     0.00674922        96.4821       0.964821
    6         1       0.757379     0.00757379        107.501        1.07501
    6         1       0.841111     0.00841111        118.562        1.18562
    6         1        0.92431      0.0092431         129.68         1.2968
    6         1        1.00874      0.0100874        140.868        1.40868
    6         1        1.08783      0.0108783        151.327        1.51327
    6         1         1.1736       0.011736        162.674        1.62674
    6         1        1.25476      0.0125476        173.295        1.73295
    6         1         1.3444       0.013444         184.83         1.8483
    6         1        1.42787      0.0142787        195.634        1.95634
    6         1        1.51388      0.0151388        206.533        2.06533
    6         1        1.59945      0.0159945        217.531        2.17531
    6         1        1.68664      0.0168664         228.63         2.2863
    6         2      0.0267841    0.000267841        7.41748      0.0741748
    6         2      0.0849451    0.000849451        16.7798       0.167798
    6         2       0.141211     0.00141211        25.5288       0.255288
    6         2       0.204956     0.00204956        34.9503       0.349503
    6         2       0.264337     0.00264337        43.4836       0.434836
    6         2       0.332331     0.00332331        52.8491       0.528491
    6         2       0.396513     0.00396513        61.5869       0.615869
    6         2       0.463376     0.00463376         70.797        0.70797
    6         2       0.527715     0.00527715        79.4989       0.794989
    6         2       0.595572     0.00595572        88.7482       0.887482
    6         2       0.659155     0.00659155        97.5379       0.975379
    6         2       0.726468     0.00726468        106.919        1.06919
    6         2       0.790817     0.00790817        115.861        1.15861
    6         2       0.854283     0.00854283        124.891        1.24891
    6         2       0.914253     0.00914253        133.475        1.33475
    6         2       0.979054     0.00979054        142.694        1.42694
    6         2        1.04025      0.0104025        151.465        1.51465
    6         2        1.10529      0.0110529        160.889        1.60889
    6         2        1.16724      0.0116724        169.862        1.69862
    6         2         1.2306       0.012306        178.936        1.78936
    6         2        1.29058      0.0129058        187.536        1.87536
    6         2        1.35469      0.0135469        196.811        1.96811
    6         3      0.0231478    0.000231478        7.19877      0.0719877
    6         3      0.0924532    0.000924532        18.7608       0.187608
    6         3       0.165163     0.00165163        29.5275       0.295275
    6         3       0.241474     0.00241474        40.7576       0.407576
    6         3       0.319014     0.00319014        51.8741       0.518741
    6         3       0.396486     0.00396486        62.9646       0.629646
    6         3       0.468258     0.00468258        73.3389       0.733389
    6         3       0.545753     0.00545753        84.3827       0.843827
    6         3       0.622546     0.00622546        95.4093       0.954093
    6         3       0.699721     0.00699721        106.426        1.06426
    6         3       0.777361     0.00777361        117.442        1.17442
    6         3       0.853517     0.00853517        128.465        1.28465
    6         3       0.931632     0.00931632        139.503        1.39503
    6         3        1.00944      0.0100944        150.564        1.50564
    6         3        1.08762      0.0108762        161.654        1.61654
    6         3        1.16778      0.0116778        172.782        1.72782
    6         3        1.24807      0.0124807        183.954        1.83954
    6         3        1.32573      0.0132573         194.47         1.9447
    6         3        1.40908      0.0140908        205.739        2.05739
    6         3        1.48877      0.0148877        216.358        2.16358
    7         0      0.0241322    0.000241322        7.79815      0.0779815
    7         0        0.07928      0.0007928        16.4063       0.164063
    7         0       0.142501     0.00142501        25.8159       0.258159
    7         0       0.205876     0.00205876        34.9571       0.349571
    7         0       0.268598     0.00268598        43.8915       0.438915
    7         0       0.332517     0.00332517        52.6703       0.526703
    7         0       0.396323     0.00396323        61.3517       0.613517
    7         0       0.463901     0.00463901        70.6245       0.706245
    7         0       0.532764     0.00532764        79.8414       0.798414
    7         0       0.596175     0.00596175        88.3657       0.883657
    7         0       0.663911     0.00663911        97.5221       0.975221
    7         0       0.732665     0.00732665        106.665        1.06665
    7         0       0.801053     0.00801053        115.804        1.15804
    7         0       0.868934     0.00868934        124.947        1.24947
    7         0       0.933099     0.00933099        133.446        1.33446
    7         0        1.00206      0.0100206        142.616        1.42616
    7         0        1.07117      0.0107117        151.806        1.51806
    7         0        1.13665      0.0113665        160.363        1.60363
    7         0        1.20785      0.0120785        169.609        1.69609
    7         0        1.28022      0.0128022        178.889        1.78889
    7         0        1.34813      0.0134813        187.541        1.87541
    7         0        1.42235      0.0142235        196.897        1.96897
    7         1      0.0316797    0.000316797        7.94102      0.0794102
    7         1      0.0961368    0.000961368        17.8206       0.178206
    7         1        0.16839      0.0016839        27.7404       0.277404
    7         1       0.244333     0.00244333        37.9202       0.379202
    7         1       0.321559     0.00321559        47.9263       0.479263
    7         1       0.398757     0.00398757        57.8914       0.578914
    7         1       0.475091     0.00475091         67.848        0.67848
    7         1       0.552418     0.00552418        77.8071       0.778071
    7         1       0.628743     0.00628743        87.7757       0.877757
    7         1       0.705903     0.00705903        97.7599       0.977599
    7         1       0.783126     0.00783126        107.766        1.07766
    7         1       0.859363     0.00859363        117.799        1.17799
    7         1       0.936791     0.00936791        127.864        1.27864
    7         1        1.01493      0.0101493        137.967        1.37967
    7         1        1.08752      0.0108752        147.477        1.47477
    7         1        1.16736      0.0116736        157.665        1.57665
    7         1        1.24765      0.0124765        167.905        1.67905
    7         1        1.32469      0.0132469        177.556        1.77556
    7         1        1.40758      0.0140758        187.906        1.87906
    7         1        1.48687      0.0148687        197.664        1.97664
    7         2       0.030677     0.00030677        7.87925      0.0787925
    7         2      0.0789788    0.000789788        15.5378       0.155378
    7         2       0.135835     0.00135835        23.8261       0.238261
    7         2       0.192924     0.00192924        31.7779       0.317779
    7         2       0.250207     0.00250207        39.5607       0.395607
    7         2       0.311408     0.00311408        47.8001       0.478001
    7         2       0.373732     0.00373732        55.9392       0.559392
    7         2       0.431131     0.00431131        63.3887       0.633887
    7         2       0.493136     0.00493136        71.4111       0.714111
    7         2       0.554605     0.00554605        79.4003       0.794003
    7         2       0.621559     0.00621559        87.9826       0.879826
    7         2       0.683834     0.00683834        95.9435       0.959435
    7         2       0.744986     0.00744986        103.906        1.03906
    7         2        0.80731      0.0080731        111.876        1.11876
    7         2       0.869591     0.00869591        119.862        1.19862
    7         2       0.931094     0.00931094        127.868        1.27868
    7         2       0.993881     0.00993881        135.898        1.35898
    7         2        1.05702      0.0105702        143.958        1.43958
    7         2        1.11487      0.0111487        151.426        1.51426
    7         2        1.17931      0.0117931        159.551        1.59551
    7         2        1.24498      0.0124498        167.715        1.67715
    7         2        1.31053      0.0131053        175.921        1.75921
    7         3      0.0218209    0.000218209        6.66307      0.0666307
    7         3      0.0888332    0.000888332        16.9348       0.169348
    7         3       0.159414     0.00159414        26.8327       0.268327
    7         3       0.229336     0.00229336        36.4023       0.364023
    7         3       0.305142     0.00305142        46.4226       0.464226
    7         3       0.385341     0.00385341        56.9697       0.569697
    7         3       0.461376     0.00461376        66.7963       0.667963
    7         3       0.536318     0.00536318        76.5989       0.765989
    7         3       0.612109     0.00612109        86.4014       0.864014
    7         3        0.69309      0.0069309        96.8772       0.968772
    7         3       0.768203     0.00768203        106.732        1.06732
    7         3       0.844156     0.00844156        116.629        1.16629
    7         3       0.919692     0.00919692        126.579        1.26579
    7         3       0.996283     0.00996283        136.588        1.36588
    7         3        1.07247      0.0107247        146.663        1.46663
    7         3        1.15059      0.0115059        156.808        1.56808
    7         3        1.22499      0.0122499        166.346        1.66346
    7         3        1.30456      0.0130456        176.644        1.76644
    7         3        1.38126      0.0138126         186.33         1.8633
    7         3        1.46358      0.0146358        196.792        1.96792
    8         0      0.0371847    0.000371847        7.92919      0.0792919
    8         0       0.078335     0.00078335        15.6235       0.156235
    8         0       0.127715     0.00127715        23.7258       0.237258
    8         0       0.181207     0.00181207        31.9037       0.319037
    8         0       0.236121     0.00236121        39.7635       0.397635
    8         0       0.296257     0.00296257        47.9822       0.479822
    8         0       0.351988     0.00351988        55.5259       0.555259
    8         0       0.411467     0.00411467        63.6159       0.636159
    8         0       0.471583     0.00471583        71.7111       0.717111
    8         0       0.531807     0.00531807         79.839        0.79839
    8         0       0.587677     0.00587677        87.4318       0.874318
    8         0       0.647968     0.00647968        95.6702       0.956702
    8         0       0.707896     0.00707896        103.982        1.03982
    8         0       0.763237     0.00763237        111.771        1.11771
    8         0        0.81914      0.0081914        119.634        1.19634
    8         0       0.875251     0.00875251        127.573        1.27573
    8         0       0.931696     0.00931696        135.592        1.35592
    8         0        0.98841      0.0098841        143.691        1.43691
    8         0        1.04534      0.0104534        151.873        1.51873
    8         0        1.09772      0.0109772        159.501        1.59501
    8         0        1.15604      0.0115604        167.847        1.67847
    8         0        1.21035      0.0121035        175.628        1.75628
    8         0        1.26568      0.0126568        183.483        1.83483
    8         1      0.0285925    0.000285925        6.86162      0.0686162
    8         1      0.0765463    0.000765463        14.9564       0.149564
    8         1         0.1245       0.001245        22.4616       0.224616
    8         1       0.181173     0.00181173        30.7909       0.307909
    8         1       0.237845     0.00237845        38.7149       0.387149
    8         1       0.298877     0.00298877         46.892        0.46892
    8         1       0.359917     0.00359917        54.8816       0.548816
    8         1       0.421131     0.00421131        62.7709       0.627709
    8         1       0.481331     0.00481331        70.6146       0.706146
    8         1       0.542404     0.00542404        78.4471       0.784471
    8         1       0.607862     0.00607862        86.8515       0.868515
    8         1       0.668973     0.00668973        94.7223       0.947223
    8         1           0.73         0.0073        102.628        1.02628
    8         1       0.791175     0.00791175        110.577        1.10577
    8         1       0.851481     0.00851481        118.571        1.18571
    8         1       0.913115     0.00913115        126.616        1.26616
    8         1       0.974917     0.00974917        134.712        1.34712
    8         1        1.03709      0.0103709        142.863        1.42863
    8         1        1.09515      0.0109515        150.482        1.50482
    8         1        1.15804      0.0115804        158.742        1.58742
    8         1        1.21785      0.0121785        166.465        1.66465
    8         1        1.28316      0.0128316         174.84         1.7484
    8         2      0.0300998    0.000300998        6.91557      0.0691557
    8         2      0.0699589    0.000699589        13.9975       0.139975
    8         2       0.113442     0.00113442        20.9563       0.209563
    8         2          0.157        0.00157         27.495        0.27495
    8         2       0.208413     0.00208413        34.8244       0.348244
    8         2       0.261166     0.00261166        41.9344       0.419344
    8         2       0.312755     0.00312755        48.8927       0.488927
    8         2       0.364064     0.00364064        55.7746       0.557746
    8         2       0.416206     0.00416206        62.6151       0.626151
    8         2       0.472222     0.00472222        69.9249       0.699249
    8         2       0.523625     0.00523625        76.7466       0.767466
    8         2       0.575547     0.00575547        83.5799       0.835799
    8         2       0.631486     0.00631486        90.9242       0.909242
    8         2       0.683603     0.00683603        97.8075       0.978075
    8         2       0.735892     0.00735892        104.724        1.04724
    8         2       0.787198     0.00787198        111.678        1.11678
    8         2       0.839403     0.00839403        118.673        1.18673
    8         2       0.891877     0.00891877        125.712        1.25712
    8         2       0.944644     0.00944644        132.797        1.32797
    8         2       0.997258     0.00997258         139.93         1.3993
    8         2        1.04602      0.0104602        146.598        1.46598
    8         2         1.0999       0.010999        153.829        1.53829
    8         3      0.0298612    0.000298612         7.3243       0.073243
    8         3      0.0734688    0.000734688        14.9769       0.149769
    8         3       0.117076     0.00117076        21.8604       0.218604
    8         3       0.164678     0.00164678        28.9814       0.289814
    8         3       0.213267     0.00213267         35.878        0.35878
    8         3       0.260965     0.00260965        42.6061       0.426061
    8         3       0.313867     0.00313867        49.7728       0.497728
    8         3       0.366732     0.00366732        56.8741       0.568741
    8         3       0.418962     0.00418962        63.9423       0.639423
    8         3       0.471098     0.00471098         70.999        0.70999
    8         3       0.520011     0.00520011        77.5156       0.775156
    8         3       0.572982     0.00572982        84.5889       0.845889
    8         3       0.624774     0.00624774        91.6848       0.916848
    8         3       0.677256     0.00677256          98.81         0.9881
    8         3        0.73018      0.0073018         105.97         1.0597
    8         3       0.777913     0.00777913        112.614        1.12614
    8         3       0.830516     0.00830516        119.851        1.19851
    8         3       0.879402     0.00879402        126.572        1.26572
    8         3       0.932495     0.00932495        133.899        1.33899
    8         3       0.980686     0.00980686        140.705        1.40705
    8         3        1.02996      0.0102996        147.555        1.47555
    8         3         1.0799       0.010799         154.45         1.5445
    8         3        1.13379      0.0113379        161.971        1.61971
    9         0      0.0131717    0.000131717        6.58217      0.0658217
    9         0      0.0606641    0.000606641        14.8269       0.148269
    9         0       0.112906     0.00112906        22.7463       0.227463
    9         0       0.169425     0.00169425        30.7945       0.307945
    9         0       0.219992     0.00219992        38.5257       0.385257
    9         0       0.277384     0.00277384        46.6359       0.466359
    9         0       0.333872     0.00333872        54.6167       0.546167
    9         0       0.390798     0.00390798         62.526        0.62526
    9         0       0.446641     0.00446641        70.3991       0.703991
    9         0       0.508047     0.00508047        78.8625       0.788625
    9         0       0.564885     0.00564885         86.723        0.86723
    9         0       0.621738     0.00621738        94.5957       0.945957
    9         0       0.678716     0.00678716        102.489        1.02489
    9         0       0.734658     0.00734658        110.408        1.10408
    9         0       0.796182     0.00796182        118.972        1.18972
    9         0       0.853104     0.00853104         126.96         1.2696
    9         0       0.910511     0.00910511        134.988        1.34988
    9         0       0.963704     0.00963704        142.436        1.42436
    9         0        1.02087      0.0102087        150.548        1.50548
    9         0        1.07874      0.0107874        158.706        1.58706
    9         0        1.13776      0.0113776        166.915        1.66915
    9         0        1.19284      0.0119284        174.539        1.74539
    9         1      0.0337954    0.000337954        7.87474      0.0787474
    9         1      0.0814832    0.000814832        16.8796       0.168796
    9         1       0.133506     0.00133506        25.6839       0.256839
    9         1       0.190838     0.00190838        34.5923       0.345923
    9         1       0.251964     0.00251964        43.7203       0.437203
    9         1       0.313222     0.00313222        52.5535       0.525535
    9         1       0.378794     0.00378794        61.8475       0.618475
    9         1       0.440614     0.00440614        70.4418       0.704418
    9         1       0.506927     0.00506927        79.6182       0.796182
    9         1       0.573448     0.00573448        88.7993       0.887993
    9         1       0.634374     0.00634374        97.3963       0.973963
    9         1       0.700743     0.00700743        106.656        1.06656
    9         1       0.767048     0.00767048        115.979        1.15979
    9         1       0.828879     0.00828879        124.749        1.24749
    9         1       0.891142     0.00891142         133.59         1.3359
    9         1       0.952815     0.00952815        142.509        1.42509
    9         1        1.01584      0.0101584        151.509        1.51509
    9         1        1.07918      0.0107918        160.596        1.60596
    9         1        1.14327      0.0114327        169.772        1.69772
    9         1        1.20285      0.0120285        178.376        1.78376
    9         1        1.26889      0.0126889        187.732        1.87732
    9         1        1.33099      0.0133099        196.505        1.96505
    9         2      0.0287296    0.000287296        7.98601      0.0798601
    9         2      0.0826379    0.000826379        16.9113       0.169113
    9         2       0.141039     0.00141039        25.4599       0.254599
    9         2        0.20587      0.0020587        34.7494       0.347494
    9         2       0.271405     0.00271405        43.7095       0.437095
    9         2        0.33655      0.0033655        52.4921       0.524921
    9         2       0.406206     0.00406206        61.7812       0.617812
    9         2       0.470902     0.00470902        70.4689       0.704689
    9         2         0.5403       0.005403        79.7484       0.797484
    9         2       0.605661     0.00605661        88.4812       0.884812
    9         2       0.675399     0.00675399        97.8475       0.978475
    9         2       0.740787     0.00740787        106.688        1.06688
    9         2       0.805275     0.00805275        115.592        1.15592
    9         2       0.871093     0.00871093        124.568        1.24568
    9         2        0.93695      0.0093695        133.618        1.33618
    9         2        1.00331      0.0100331        142.748        1.42748
    9         2        1.06925      0.0106925        151.959        1.51959
    9         2        1.13229      0.0113229        160.633        1.60633
    9         2        1.19616      0.0119616        169.384        1.69384
    9         2        1.26586      0.0126586        178.846        1.78846
    9         2        1.33053      0.0133053        187.759        1.87759
    9         3      0.0320859    0.000320859        7.51919      0.0751919
    9         3      0.0749187    0.000749187        14.8076       0.148076
    9         3       0.121645     0.00121645         21.581        0.21581
    9         3       0.176394     0.00176394        28.9787       0.289787
    9         3       0.226855     0.00226855        35.6362       0.356362
    9         3       0.281575     0.00281575        42.6588       0.426588
    9         3       0.336021     0.00336021        49.5913       0.495913
    9         3       0.395085     0.00395085        56.9782       0.569782
    9         3       0.449949     0.00449949        63.8609       0.638609
    9         3         0.5039       0.005039        70.7482       0.707482
    9         3       0.559115     0.00559115        77.6509       0.776509
    9         3       0.614299     0.00614299        84.5771       0.845771
    9         3       0.668642     0.00668642         91.533        0.91533
    9         3       0.723189     0.00723189        98.5231       0.985231
    9         3        0.77832      0.0077832        105.552        1.05552
    9         3       0.833348     0.00833348        112.622        1.12622
    9         3       0.887519     0.00887519        119.735        1.19735
    9         3       0.943047     0.00943047        126.895        1.26895
    9         3       0.994929     0.00994929        133.585        1.33585
    9         3         1.0506       0.010506        140.839        1.40839
    9         3        1.10237      0.0110237        147.619        1.47619
    9         3         1.1599       0.011599         154.97         1.5497
   10         0      0.0300559    0.000300559         6.3672       0.063672
   10         0      0.0783417    0.000783417        14.4672       0.144672
   10         0       0.130651     0.00130651        22.6073       0.226073
   10         0       0.187795     0.00187795        30.9761       0.309761
   10         0       0.240381     0.00240381        38.4715       0.384715
   10         0       0.301621     0.00301621        46.7949       0.467949
   10         0       0.363016     0.00363016        54.8994       0.548994
   10         0       0.424284     0.00424284        62.8455       0.628455
   10         0       0.485749     0.00485749        70.6773       0.706773
   10         0       0.551198     0.00551198        78.9413       0.789413
   10         0       0.611931     0.00611931        86.6304       0.866304
   10         0       0.677513     0.00677513        94.7912       0.947912
   10         0       0.743165     0.00743165        102.927        1.02927
   10         0       0.804606     0.00804606        110.545        1.10545
   10         0       0.870292     0.00870292        118.671        1.18671
   10         0       0.936219     0.00936219        126.806        1.26806
   10         0        1.00245      0.0100245        134.958        1.34958
   10         0        1.06461      0.0106461        142.622        1.42622
   10         0        1.13224      0.0113224        150.825        1.50825
   10         0        1.19654      0.0119654        158.545        1.58545
   10         0        1.26624      0.0126624        166.817        1.66817
   10         1      0.0287689    0.000287689        6.56613      0.0656613
   10         1      0.0778858    0.000778858        14.4319       0.144319
   10         1       0.135933     0.00135933        22.7975       0.227975
   10         1        0.19489      0.0019489        30.7021       0.307021
   10         1       0.258911     0.00258911        38.9276       0.389276
   10         1       0.322311     0.00322311        46.9042       0.469042
   10         1       0.385977     0.00385977        54.7618       0.547618
   10         1       0.450225     0.00450225        62.5513       0.625513
   10         1       0.519077     0.00519077         70.861        0.70861
   10         1       0.582316     0.00582316         78.608        0.78608
   10         1       0.651132     0.00651132        86.9191       0.869191
   10         1       0.715198     0.00715198        94.6992       0.946992
   10         1       0.779632     0.00779632        102.512        1.02512
   10         1       0.847457     0.00847457        110.926        1.10926
   10         1       0.912318     0.00912318        118.827        1.18827
   10         1       0.977143     0.00977143        126.778        1.26778
   10         1        1.04244      0.0104244        134.784        1.34784
   10         1        1.10774      0.0110774        142.847        1.42847
   10         1        1.17482      0.0117482         150.97         1.5097
   10         1        1.23767      0.0123767        158.568        1.58568
   10         2      0.0123472    0.000123472        6.76566      0.0676566
   10         2      0.0719775    0.000719775         14.677        0.14677
   10         2       0.141546     0.00141546        22.9553       0.229553
   10         2       0.203588     0.00203588        30.7548       0.307548
   10         2       0.269443     0.00269443        38.8255       0.388255
   10         2       0.335166     0.00335166        46.6662       0.466662
   10         2       0.405361     0.00405361        54.9334       0.549334
   10         2       0.470676     0.00470676         62.656        0.62656
   10         2       0.540647     0.00540647         70.909        0.70909
   10         2       0.606629     0.00606629        78.6879       0.786879
   10         2       0.672527     0.00672527        86.5246       0.865246
   10         2       0.742721     0.00742721        94.9609       0.949609
   10         2       0.807671     0.00807671         102.95         1.0295
   10         2       0.869421     0.00869421        110.483        1.10483
   10         2       0.935839     0.00935839        118.637        1.18637
   10         2        1.00265      0.0100265        126.881        1.26881
   10         2        1.06476      0.0106476        134.658        1.34658
   10         2        1.12817      0.0112817        142.515        1.42515
   10         2        1.19245      0.0119245        150.454        1.50454
   10         2        1.25795      0.0125795        158.475        1.58475
   10         3      0.0364659    0.000364659        7.86932      0.0786932
   10         3      0.0801419    0.000801419        14.9326       0.149326
   10         3       0.127458     0.00127458        21.8721       0.218721
   10         3       0.175094     0.00175094        28.6077       0.286077
   10         3       0.227919     0.00227919        35.7625       0.357625
   10         3       0.279585     0.00279585        42.8164       0.428164
   10         3       0.331871     0.00331871        49.7963       0.497963
   10         3       0.384598     0.00384598        56.7359       0.567359
   10         3       0.437219     0.00437219         63.651        0.63651
   10         3       0.489118     0.00489118        70.5529       0.705529
   10         3       0.545428     0.00545428         77.943        0.77943
   10         3       0.598062     0.00598062        84.8434       0.848434
   10         3        0.65072      0.0065072        91.7528       0.917528
   10         3       0.703175     0.00703175        98.6759       0.986759
   10         3        0.75505      0.0075505        105.617        1.05617
   10         3       0.807842     0.00807842         112.58         1.1258
   10         3       0.860524     0.00860524        119.568        1.19568
   10         3       0.913661     0.00913661        126.583        1.26583
   10         3       0.966017     0.00966017        133.628        1.33628
   10         3        1.01909      0.0101909        140.704        1.40704
   10         3        1.07286      0.0107286        147.814        1.47814
   11         0      0.0372124    0.000372124        7.70689      0.0770689
   11         0      0.0720388    0.000720388        14.4153       0.144153
   11         0       0.117313     0.00117313        21.8379       0.218379
   11         0       0.162584     0.00162584        28.7668       0.287668
   11         0       0.211381     0.00211381        35.9828       0.359828
   11         0       0.258616     0.00258616        42.5238       0.425238
   11         0       0.312538     0.00312538        49.9511       0.499511
   11         0       0.363055     0.00363055        56.8232       0.568232
   11         0       0.413048     0.00413048        63.6642       0.636642
   11         0       0.466558     0.00466558        70.9792       0.709792
   11         0       0.517198     0.00517198         77.806        0.77806
   11         0        0.56771      0.0056771        84.6417       0.846417
   11         0       0.621813     0.00621813        91.9841       0.919841
   11         0       0.672115     0.00672115        98.8599       0.988599
   11         0       0.721922     0.00721922        105.763        1.05763
   11         0       0.772264     0.00772264        112.697        1.12697
   11         0       0.822688     0.00822688        119.665        1.19665
   11         0       0.873194     0.00873194         126.67         1.2667
   11         0       0.924084     0.00924084        133.714        1.33714
   11         0       0.974103     0.00974103        140.799        1.40799
   11         0         1.0251       0.010251        147.926        1.47926
   11         0        1.07307      0.0107307        154.584        1.54584
   11         0        1.12498      0.0112498        161.798        1.61798
   11         1      0.0325784    0.000325784        7.28717      0.0728717
   11         1      0.0746703    0.000746703        14.5954       0.145954
   11         1       0.120589     0.00120589        21.6517       0.216517
   11         1       0.170438     0.00170438        28.9334       0.289334
   11         1       0.217425     0.00217425        35.4791       0.354791
   11         1       0.271718     0.00271718        42.9442       0.429442
   11         1       0.322625     0.00322625        49.7609       0.497609
   11         1       0.373853     0.00373853        56.5145       0.565145
   11         1       0.428772     0.00428772        63.7452       0.637452
   11         1       0.483214     0.00483214        70.9526       0.709526
   11         1       0.534374     0.00534374        77.6378       0.776378
   11         1       0.589607     0.00589607        84.8406       0.848406
   11         1        0.64046      0.0064046        91.5401       0.915401
   11         1       0.695065     0.00695065        98.7737       0.987737
   11         1       0.746376     0.00746376        105.514        1.05514
   11         1       0.801357     0.00801357        112.801        1.12801
   11         1       0.852055     0.00852055        119.599        1.19599
   11         1       0.907187     0.00907187        126.956        1.26956
   11         1       0.958988     0.00958988        133.823        1.33823
   11         1        1.01005      0.0101005        140.727        1.40727
   11         1        1.06183      0.0106183         147.67         1.4767
   11         1        1.11468      0.0111468        154.653        1.54653
   11         2      0.0325594    0.000325594        7.48529      0.0748529
   11         2      0.0708267    0.000708267        13.7274       0.137274
   11         2       0.112283     0.00112283        19.9276       0.199276
   11         2       0.153739     0.00153739        25.8833       0.258833
   11         2       0.195561     0.00195561        31.7141       0.317141
   11         2       0.240858     0.00240858        37.9127       0.379127
   11         2       0.282906     0.00282906        43.5772       0.435772
   11         2       0.327603     0.00327603        49.6364       0.496364
   11         2       0.372627     0.00372627        55.6672       0.556672
   11         2       0.418093     0.00418093        61.6827       0.616827
   11         2       0.463586     0.00463586        67.6909       0.676909
   11         2        0.50914      0.0050914        73.6974       0.736974
   11         2        0.55453      0.0055453        79.7066       0.797066
   11         2       0.599873     0.00599873        85.7216       0.857216
   11         2       0.645253     0.00645253        91.7453       0.917453
   11         2       0.690758     0.00690758        97.7795       0.977795
   11         2       0.736109     0.00736109        103.827        1.03827
   11         2       0.781603     0.00781603        109.888        1.09888
   11         2       0.827108     0.00827108        115.964        1.15964
   11         2       0.868732     0.00868732        121.621        1.21621
   11         2       0.914188     0.00914188        127.731        1.27731
   11         2       0.960121     0.00960121        133.858        1.33858
   11         3      0.0288808    0.000288808        6.68678      0.0668678
   11         3      0.0680654    0.000680654        13.7169       0.137169
   11         3       0.110812     0.00110812        20.5553       0.205553
   11         3       0.160745     0.00160745        27.9086       0.279086
   11         3       0.210987     0.00210987        34.8686       0.348686
   11         3       0.263047     0.00263047        41.5737       0.415737
   11         3       0.317056     0.00317056        48.5688       0.485688
   11         3       0.374906     0.00374906        55.9273       0.559273
   11         3       0.429859     0.00429859         62.778        0.62778
   11         3       0.484661     0.00484661        69.6118       0.696118
   11         3        0.54326      0.0054326        76.9032       0.769032
   11         3       0.597154     0.00597154        83.7536       0.837536
   11         3       0.652119     0.00652119        90.6271       0.906271
   11         3       0.710681     0.00710681        97.9909       0.979909
   11         3       0.765786     0.00765786        104.929        1.04929
   11         3       0.819814     0.00819814        111.905        1.11905
   11         3       0.874569     0.00874569        118.919        1.18919
   11         3       0.929871     0.00929871        125.975        1.25975
   11         3       0.981628     0.00981628        132.598        1.32598
   11         3        1.03746      0.0103746        139.738        1.39738
   11         3         1.0929       0.010929        146.922        1.46922
