 *tel    numcsi      CsIV        errCsIV           CsIE       errCsIE
    0         0      0.0221579    0.000221579        13.9991       0.139991
    0         0      0.0883465    0.000883465        26.6715       0.266715
    0         0       0.156185     0.00156185        38.2663       0.382663
    0         0       0.237345     0.00237345        50.8455       0.508455
    0         0       0.311482     0.00311482         62.157        0.62157
    0         0       0.398917     0.00398917        74.9465       0.749465
    0         0       0.479613     0.00479613        86.7339       0.867339
    0         0       0.560961     0.00560961        98.4019       0.984019
    0         0       0.647707     0.00647707        110.785        1.10785
    0         0       0.728266     0.00728266         122.24         1.2224
    0         0       0.815179     0.00815179        134.415        1.34415
    0         0       0.902897     0.00902897        146.495        1.46495
    0         0       0.990103     0.00990103        158.492        1.58492
    0         0        1.07965      0.0107965        170.415        1.70415
    0         0        1.16957      0.0116957        182.272        1.82272
    0         0        1.26716      0.0126716        194.856        1.94856
    0         0        1.36098      0.0136098        206.604        2.06604
    0         0        1.45644      0.0145644        218.311        2.18311
    0         0        1.55932      0.0155932        230.762        2.30762
    0         0        1.65857      0.0165857        242.406        2.42406
    0         0        1.76388      0.0176388        254.803        2.54803
    0         1      0.0204121    0.000204121        14.1701       0.141701
    0         1       0.102956     0.00102956        27.8308       0.278308
    0         1        0.18824      0.0018824        42.0937       0.420937
    0         1       0.274101     0.00274101        55.8827       0.558827
    0         1       0.368506     0.00368506        70.3152       0.703152
    0         1       0.462623     0.00462623        84.3519       0.843519
    0         1       0.556943     0.00556943        98.0761       0.980761
    0         1       0.657807     0.00657807        112.572        1.12572
    0         1       0.759836     0.00759836        126.825        1.26825
    0         1       0.860931     0.00860931        140.878        1.40878
    0         1       0.963735     0.00963735        154.765        1.54765
    0         1        1.06691      0.0106691        168.515        1.68515
    0         1        1.17184      0.0117184        182.151        1.82151
    0         1        1.28732      0.0128732        196.656        1.96656
    0         1        1.39738      0.0139738        210.115        2.10115
    0         1        1.51775      0.0151775        224.467        2.24467
    0         1        1.63983      0.0163983        238.764        2.38764
    0         1         1.7562       0.017562         252.07         2.5207
    0         1        1.88055      0.0188055        266.297        2.66297
    0         1        2.00543      0.0200543        280.505        2.80505
    0         1        2.13153      0.0213153        294.702        2.94702
    0         2       0.032262     0.00032262        15.8683       0.158683
    0         2       0.112737     0.00112737        28.9085       0.289085
    0         2       0.190523     0.00190523        41.3228       0.413228
    0         2       0.275194     0.00275194        54.3155       0.543155
    0         2       0.365962     0.00365962        67.8252       0.678252
    0         2       0.457203     0.00457203        80.9963       0.809963
    0         2       0.547707     0.00547707        93.8959       0.938959
    0         2         0.6384       0.006384        106.566        1.06566
    0         2       0.736518     0.00736518        119.865        1.19865
    0         2       0.833173     0.00833173        132.971        1.32971
    0         2       0.930631     0.00930631        145.912        1.45912
    0         2        1.02902      0.0102902        158.709        1.58709
    0         2        1.12875      0.0112875         171.38         1.7138
    0         2        1.23814      0.0123814        184.725        1.84725
    0         2        1.34868      0.0134868        197.965        1.97965
    0         2        1.45497      0.0145497        210.343        2.10343
    0         2        1.56986      0.0156986        223.419        2.23419
    0         2        1.68756      0.0168756        236.429        2.36429
    0         2        1.80517      0.0180517        249.383        2.49383
    0         2        1.92384      0.0192384        262.291        2.62291
    0         2        2.05096      0.0205096        275.917        2.75917
    0         3      0.0233842    0.000233842          15.98         0.1598
    0         3       0.107259     0.00107259        29.5086       0.295086
    0         3       0.188852     0.00188852        42.1564       0.421564
    0         3       0.276119     0.00276119        55.3831       0.553831
    0         3       0.364144     0.00364144        68.2392       0.682392
    0         3       0.457539     0.00457539        81.7013       0.817013
    0         3       0.551278     0.00551278        94.9061       0.949061
    0         3         0.6451       0.006451        107.898        1.07898
    0         3       0.739982     0.00739982         120.71         1.2071
    0         3       0.833618     0.00833618        133.369        1.33369
    0         3       0.934292     0.00934292        146.729        1.46729
    0         3        1.03563      0.0103563        159.964        1.59964
    0         3        1.13225      0.0113225        172.273        1.72273
    0         3        1.23747      0.0123747        185.314        1.85314
    0         3        1.34617      0.0134617        198.278        1.98278
    0         3        1.46251      0.0146251        211.981        2.11981
    0         3        1.57424      0.0157424        224.824        2.24824
    0         3        1.68777      0.0168777        237.624        2.37624
    0         3        1.80251      0.0180251        250.389        2.50389
    0         3        1.92513      0.0192513        263.923        2.63923
    1         0      0.0274619    0.000274619        12.8682       0.128682
    1         0       0.103343     0.00103343        27.3802       0.273802
    1         0       0.192578     0.00192578        41.8999       0.418999
    1         0       0.299025     0.00299025        57.6902       0.576902
    1         0       0.405787     0.00405787        72.8698       0.728698
    1         0       0.512757     0.00512757        87.7532       0.877532
    1         0       0.618973     0.00618973        102.416        1.02416
    1         0       0.733829     0.00733829        117.997        1.17997
    1         0       0.840273     0.00840273        132.291        1.32291
    1         0       0.956791     0.00956791        147.517        1.47517
    1         0        1.07368      0.0107368        162.593        1.62593
    1         0        1.19385      0.0119385        177.536        1.77536
    1         0        1.31596      0.0131596        192.366        1.92366
    1         0        1.44239      0.0144239          207.1          2.071
    1         0        1.57941      0.0157941        222.798        2.22798
    1         0        1.70999      0.0170999        237.383        2.37383
    1         0        1.85162      0.0185162        252.953        2.52953
    1         0        1.98384      0.0198384        267.444        2.67444
    1         0        2.12636      0.0212636        282.939        2.82939
    1         0        2.26037      0.0226037        297.383        2.97383
    1         0        2.40395      0.0240395         312.85         3.1285
    1         1      0.0357706    0.000357706        15.9552       0.159552
    1         1       0.134398     0.00134398        31.5418       0.315418
    1         1       0.240866     0.00240866        47.9446       0.479446
    1         1       0.346423     0.00346423        63.8838       0.638838
    1         1       0.452003     0.00452003        79.4009       0.794009
    1         1       0.566104     0.00566104        95.7489       0.957489
    1         1       0.680399     0.00680399        111.784        1.11784
    1         1       0.795329     0.00795329        127.557        1.27557
    1         1       0.909995     0.00909995        143.106        1.43106
    1         1         1.0342       0.010342        159.556        1.59556
    1         1         1.1607       0.011607         175.82         1.7582
    1         1        1.29004      0.0129004        191.928        1.91928
    1         1        1.42325      0.0142325        207.905        2.07905
    1         1        1.55896      0.0155896        223.773        2.23773
    1         1        1.69752      0.0169752        239.549        2.39549
    1         1        1.83809      0.0183809        255.251        2.55251
    1         1        1.98821      0.0198821        271.934        2.71934
    1         1        2.12998      0.0212998        287.527        2.87527
    1         1        2.27257      0.0227257        303.086        3.03086
    1         1         2.4249       0.024249        319.658        3.19658
    1         1        2.56819      0.0256819        335.181        3.35181
    1         2      0.0318352    0.000318352          16.43         0.1643
    1         2       0.120328     0.00120328        29.9864       0.299864
    1         2       0.198122     0.00198122        42.2265       0.422265
    1         2       0.282399     0.00282399        55.1094       0.551094
    1         2       0.373684     0.00373684        68.5486       0.685486
    1         2       0.464916     0.00464916        81.6909       0.816909
    1         2       0.556532     0.00556532        94.5924       0.945924
    1         2       0.647551     0.00647551         107.29         1.0729
    1         2       0.744529     0.00744529        120.642        1.20642
    1         2       0.842862     0.00842862        133.824        1.33824
    1         2       0.940835     0.00940835         146.86         1.4686
    1         2        1.04001      0.0104001        159.769        1.59769
    1         2        1.14025      0.0114025         172.57         1.7257
    1         2        1.24292      0.0124292        185.277        1.85277
    1         2        1.35429      0.0135429         198.69         1.9869
    1         2         1.4618       0.014618        211.243        2.11243
    1         2        1.57733      0.0157733        224.519        2.24519
    1         2         1.6948       0.016948         237.74         2.3774
    1         2        1.81374      0.0181374        250.917        2.50917
    1         2        1.92568      0.0192568        263.287        2.63287
    1         2        2.04524      0.0204524        276.404        2.76404
    1         3      0.0256955    0.000256955        14.1671       0.141671
    1         3       0.100723     0.00100723         27.548        0.27548
    1         3       0.179311     0.00179311        40.6257       0.406257
    1         3       0.257913     0.00257913        53.1306       0.531306
    1         3       0.342535     0.00342535        66.1299       0.661299
    1         3       0.433103     0.00433103        79.6522       0.796522
    1         3       0.524159     0.00524159        92.8634       0.928634
    1         3       0.615767     0.00615767        105.828        1.05828
    1         3       0.706219     0.00706219        118.592        1.18592
    1         3       0.796757     0.00796757         131.19         1.3119
    1         3       0.895117     0.00895117        144.476        1.44476
    1         3       0.993108     0.00993108        157.631        1.57631
    1         3        1.09262      0.0109262        170.678        1.70678
    1         3        1.19331      0.0119331        183.636        1.83636
    1         3         1.2965       0.012965        196.519        1.96519
    1         3        1.40185      0.0140185        209.343        2.09343
    1         3        1.51639      0.0151639        222.915        2.22915
    1         3        1.62547      0.0162547        235.651        2.35651
    1         3        1.73602      0.0173602        248.359        2.48359
    1         3        1.85472      0.0185472         261.84         2.6184
    1         3        1.96663      0.0196663        274.516        2.74516
    1         3        2.08578      0.0208578        287.978        2.87978
    2         0      0.0284385    0.000284385        12.2277       0.122277
    2         0      0.0938263    0.000938263        24.9418       0.249418
    2         0        0.16441      0.0016441        36.4959       0.364959
    2         0       0.239638     0.00239638        48.3457       0.483457
    2         0       0.321872     0.00321872        60.8078       0.608078
    2         0       0.397018     0.00397018        72.1552       0.721552
    2         0       0.479747     0.00479747        84.1943       0.841943
    2         0       0.566925     0.00566925        96.8913       0.968913
    2         0       0.648182     0.00648182        108.563        1.08563
    2         0       0.736767     0.00736767        120.889        1.20889
    2         0       0.818097     0.00818097         132.24         1.3224
    2         0       0.906605     0.00906605        144.254        1.44254
    2         0        1.00104      0.0100104        156.918        1.56918
    2         0        1.09118      0.0109118        168.665        1.68665
    2         0        1.18193      0.0118193        180.305        1.80305
    2         0        1.28099      0.0128099        192.618        1.92618
    2         0        1.38335      0.0138335        204.839        2.04839
    2         0        1.48648      0.0148648         216.98         2.1698
    2         0        1.58448      0.0158448        228.301        2.28301
    2         0        1.69076      0.0169076        240.321        2.40321
    2         0        1.79779      0.0179779        252.293        2.52293
    2         0        1.91192      0.0191192        264.969        2.64969
    2         1      0.0228025    0.000228025        11.0611       0.110611
    2         1      0.0807305    0.000807305        23.1628       0.231628
    2         1       0.147899     0.00147899        35.6978       0.356978
    2         1       0.214299     0.00214299         47.212        0.47212
    2         1       0.287403     0.00287403        59.2055       0.592055
    2         1       0.367818     0.00367818        71.7455       0.717455
    2         1       0.440554     0.00440554        83.0791       0.830791
    2         1       0.520601     0.00520601        95.1628       0.951628
    2         1       0.606837     0.00606837        107.998        1.07998
    2         1       0.685919     0.00685919        119.782        1.19782
    2         1       0.765754     0.00765754        131.459        1.31459
    2         1       0.852243     0.00852243        143.933        1.43933
    2         1       0.932012     0.00932012        155.437        1.55437
    2         1        1.01921      0.0101921        167.756        1.67756
    2         1        1.10098      0.0110098        179.141        1.79141
    2         1        1.19094      0.0119094        191.355        1.91355
    2         1        1.28183      0.0128183        203.531        2.03531
    2         1        1.37467      0.0137467        215.678        2.15678
    2         1        1.46915      0.0146915        227.805        2.27805
    2         1        1.56494      0.0156494        239.919        2.39919
    2         1        1.65595      0.0165595        251.162        2.51162
    2         2      0.0333671    0.000333671        14.8685       0.148685
    2         2       0.091733     0.00091733        24.5033       0.245033
    2         2       0.154205     0.00154205        34.5562       0.345562
    2         2       0.216039     0.00216039        44.2828       0.442828
    2         2       0.282639     0.00282639        54.4614       0.544614
    2         2       0.349952     0.00349952        64.3305       0.643305
    2         2       0.421368     0.00421368        74.6279       0.746279
    2         2       0.492594     0.00492594        84.6952       0.846952
    2         2       0.565368     0.00565368        94.5711       0.945711
    2         2       0.641271     0.00641271        104.928        1.04928
    2         2       0.713129     0.00713129        114.496        1.14496
    2         2       0.789776     0.00789776        124.573        1.24573
    2         2       0.866456     0.00866456        134.537        1.34537
    2         2       0.944012     0.00944012        144.404        1.44404
    2         2        1.02639      0.0102639        154.798        1.54798
    2         2        1.10497      0.0110497        164.508        1.64508
    2         2        1.19027      0.0119027         174.76         1.7476
    2         2        1.27626      0.0127626        184.955        1.84955
    2         2        1.35908      0.0135908        194.506        1.94506
    2         2        1.44836      0.0144836        204.617        2.04617
    2         2          1.539        0.01539        214.695        2.14695
    2         3      0.0247611    0.000247611        10.9074       0.109074
    2         3      0.0880071    0.000880071        23.8356       0.238356
    2         3       0.153556     0.00153556        35.4154       0.354154
    2         3       0.226699     0.00226699        47.0627       0.470627
    2         3       0.304816     0.00304816        59.2066       0.592066
    2         3       0.390624     0.00390624        71.9204       0.719204
    2         3       0.469046     0.00469046        83.5115       0.835115
    2         3       0.553491     0.00553491        95.7956       0.957956
    2         3       0.639602     0.00639602        107.895        1.07895
    2         3       0.724266     0.00724266        119.829        1.19829
    2         3       0.808708     0.00808708        131.614        1.31614
    2         3        0.89498      0.0089498        143.265        1.43265
    2         3       0.986906     0.00986906        155.617        1.55617
    2         3        1.07987      0.0107987         167.85         1.6785
    2         3         1.1743       0.011743        179.978        1.79978
    2         3         1.2644       0.012644        191.217        1.91217
    2         3        1.36911      0.0136911        203.977        2.03977
    2         3        1.46946      0.0146946        215.871        2.15871
    2         3        1.57244      0.0157244        227.708        2.27708
    2         3        1.67555      0.0167555        239.499        2.39499
    2         3        1.77934      0.0177934        251.251        2.51251
    3         0      0.0298967    0.000298967         13.572        0.13572
    3         0      0.0776379    0.000776379         23.172        0.23172
    3         0       0.139113     0.00139113        33.6919       0.336919
    3         0       0.199522     0.00199522        43.2992       0.432992
    3         0       0.268645     0.00268645        53.9011       0.539011
    3         0       0.334987     0.00334987        63.4892       0.634892
    3         0       0.404412     0.00404412        73.5429       0.735429
    3         0       0.475717     0.00475717        83.4309       0.834309
    3         0       0.549952     0.00549952        93.8252       0.938252
    3         0       0.620442     0.00620442        103.443        1.03443
    3         0       0.695499     0.00695499        113.582        1.13582
    3         0       0.770377     0.00770377        123.609        1.23609
    3         0       0.845891     0.00845891        133.534        1.33534
    3         0       0.925697     0.00925697        143.981        1.43981
    3         0        1.00201      0.0100201         153.73         1.5373
    3         0        1.07865      0.0107865        163.407        1.63407
    3         0        1.16125      0.0116125        173.619        1.73619
    3         0        1.24545      0.0124545        183.767        1.83767
    3         0        1.33121      0.0133121         193.86         1.9386
    3         0        1.41785      0.0141785        203.904        2.03904
    3         0        1.50603      0.0150603        213.906        2.13906
    3         1       0.034947     0.00034947         14.994        0.14994
    3         1      0.0810709    0.000810709        22.8664       0.228664
    3         1       0.124363     0.00124363        30.4131       0.304131
    3         1        0.17478      0.0017478        38.8787       0.388787
    3         1       0.222904     0.00222904        46.4747       0.464747
    3         1       0.277132     0.00277132        54.9513       0.549513
    3         1       0.328305     0.00328305        62.5984       0.625984
    3         1        0.38357      0.0038357        70.5601       0.705601
    3         1       0.441772     0.00441772        78.8436       0.788436
    3         1       0.500828     0.00500828        86.9486       0.869486
    3         1       0.558776     0.00558776        94.9046       0.949046
    3         1       0.618375     0.00618375        102.736        1.02736
    3         1       0.679972     0.00679972        110.944        1.10944
    3         1       0.739202     0.00739202        118.579        1.18579
    3         1       0.800854     0.00800854        126.611        1.26611
    3         1       0.864241     0.00864241        134.576        1.34576
    3         1       0.930044     0.00930044        142.948        1.42948
    3         1       0.993676     0.00993676        150.807        1.50807
    3         1        1.05696      0.0105696        158.629        1.58629
    3         1        1.12473      0.0112473        166.877        1.66877
    3         1         1.1906       0.011906        174.643        1.74643
    3         2      0.0311205    0.000311205        16.7189       0.167189
    3         2      0.0626435    0.000626435        24.5071       0.245071
    3         2      0.0970186    0.000970186        32.4827       0.324827
    3         2       0.132187     0.00132187        40.6606       0.406606
    3         2       0.167539     0.00167539        48.5372       0.485372
    3         2       0.206261     0.00206261        56.6735       0.566735
    3         2       0.244859     0.00244859        64.5294       0.645294
    3         2       0.284893     0.00284893         72.663        0.72663
    3         2       0.325548     0.00325548        80.6139       0.806139
    3         2       0.369336     0.00369336        88.8723       0.888723
    3         2       0.412327     0.00412327         96.995        0.96995
    3         2        0.45278      0.0045278        104.563        1.04563
    3         2       0.498796     0.00498796        112.925        1.12925
    3         2       0.541238     0.00541238        120.767        1.20767
    3         2       0.587311     0.00587311        128.976        1.28976
    3         2          0.631        0.00631        136.699        1.36699
    3         2       0.675958     0.00675958        144.805        1.44805
    3         2       0.721895     0.00721895        152.874        1.52874
    3         2       0.767123     0.00767123        160.911        1.60911
    3         2       0.812499     0.00812499        168.925        1.68925
    3         2       0.859029     0.00859029        176.921        1.76921
    3         2       0.904701     0.00904701        184.905        1.84905
    3         3      0.0217896    0.000217896        11.1108       0.111108
    3         3      0.0745604    0.000745604        21.7679       0.217679
    3         3       0.132649     0.00132649        31.6441       0.316441
    3         3       0.192756     0.00192756        41.5426       0.415426
    3         3       0.257745     0.00257745         51.698        0.51698
    3         3       0.324659     0.00324659        61.4629       0.614629
    3         3       0.394585     0.00394585        71.5676       0.715676
    3         3       0.466286     0.00466286        81.4026       0.814026
    3         3       0.541236     0.00541236        91.6491       0.916491
    3         3       0.616943     0.00616943        101.686        1.01686
    3         3       0.692443     0.00692443        111.548        1.11548
    3         3       0.772708     0.00772708        121.866        1.21866
    3         3       0.848835     0.00848835        131.449        1.31449
    3         3       0.929075     0.00929075        141.517        1.41517
    3         3         1.0107       0.010107        151.487        1.51487
    3         3        1.09829      0.0109829        161.955        1.61955
    3         3        1.18149      0.0118149        171.771        1.71771
    3         3        1.26652      0.0126652         181.53         1.8153
    3         3        1.35917      0.0135917        191.815        1.91815
    3         3        1.44695      0.0144695         201.49         2.0149
    3         3        1.54134      0.0154134        211.704        2.11704
    4         0      0.0141645    0.000141645        8.75763      0.0875763
    4         0      0.0535637    0.000535637        18.0916       0.180916
    4         0      0.0996326    0.000996326        27.5655       0.275655
    4         0       0.150673     0.00150673        36.8091       0.368091
    4         0       0.201613     0.00201613        45.4809       0.454809
    4         0       0.257468     0.00257468        54.5741       0.545741
    4         0       0.313065     0.00313065        63.3647       0.633647
    4         0        0.37291      0.0037291         72.636        0.72636
    4         0       0.433507     0.00433507        81.7018       0.817018
    4         0       0.494054     0.00494054        90.5941       0.905941
    4         0       0.554283     0.00554283        99.3349       0.993349
    4         0       0.618646     0.00618646        108.599        1.08599
    4         0       0.683912     0.00683912        117.728        1.17728
    4         0       0.749073     0.00749073        126.736        1.26736
    4         0       0.813515     0.00813515        135.638        1.35638
    4         0       0.878364     0.00878364        144.446        1.44446
    4         0       0.948587     0.00948587        153.792        1.53792
    4         0        1.01365      0.0101365        162.439        1.62439
    4         0        1.08439      0.0108439        171.633        1.71633
    4         0        1.15629      0.0115629        180.762        1.80762
    4         0        1.22952      0.0122952        189.835        1.89835
    4         0        1.30267      0.0130267        198.859        1.98859
    4         1      0.0189584    0.000189584        10.0631       0.100631
    4         1      0.0648645    0.000648645        20.7875       0.207875
    4         1       0.114938     0.00114938        30.6319       0.306319
    4         1       0.173417     0.00173417        40.8997       0.408997
    4         1       0.231019     0.00231019        50.3926       0.503926
    4         1        0.29817      0.0029817        60.8114       0.608114
    4         1       0.365776     0.00365776        70.8638       0.708638
    4         1       0.433261     0.00433261        80.7114       0.807114
    4         1       0.500497     0.00500497        90.4143       0.904143
    4         1       0.571599     0.00571599        100.641        1.00641
    4         1       0.643484     0.00643484        110.765        1.10765
    4         1       0.715507     0.00715507        120.801        1.20801
    4         1       0.786533     0.00786533        130.762        1.30762
    4         1       0.858419     0.00858419        140.654        1.40654
    4         1       0.930561     0.00930561        150.488        1.50488
    4         1         1.0077       0.010077        160.878        1.60878
    4         1        1.07982      0.0107982         170.61         1.7061
    4         1        1.15851      0.0115851        180.904        1.80904
    4         1        1.23384      0.0123384        190.557        1.90557
    4         1        1.31443      0.0131443        200.779        2.00779
    4         1        1.39702      0.0139702        210.972        2.10972
    4         2      0.0258594    0.000258594        10.9664       0.109664
    4         2      0.0762604    0.000762604        20.7963       0.207963
    4         2       0.130167     0.00130167        30.2758       0.302758
    4         2        0.19354      0.0019354        40.5948       0.405948
    4         2       0.258501     0.00258501        50.2734       0.502734
    4         2       0.328801     0.00328801        60.2844       0.602844
    4         2       0.403204     0.00403204        70.6602       0.706602
    4         2       0.479145     0.00479145        80.7707       0.807707
    4         2       0.553395     0.00553395        90.6789       0.906789
    4         2       0.629263     0.00629263        100.425        1.00425
    4         2       0.708941     0.00708941         110.72         1.1072
    4         2       0.790135     0.00790135        120.885        1.20885
    4         2       0.870081     0.00870081        130.941        1.30941
    4         2        0.95147      0.0095147        140.901        1.40901
    4         2        1.03288      0.0103288        150.779        1.50779
    4         2        1.11501      0.0111501        160.586        1.60586
    4         2        1.20483      0.0120483        170.978        1.70978
    4         2        1.28949      0.0128949        180.665        1.80665
    4         2        1.38299      0.0138299        190.948        1.90948
    4         2        1.47104      0.0147104        200.546        2.00546
    4         2        1.56606      0.0156606        210.748        2.10748
    4         3      0.0238364    0.000238364        10.6131       0.106131
    4         3       0.067046     0.00067046        19.7122       0.197122
    4         3       0.111963     0.00111963        28.3467       0.283467
    4         3       0.165683     0.00165683        37.6071       0.376071
    4         3       0.222564     0.00222564        46.9521       0.469521
    4         3       0.279333     0.00279333        55.9039       0.559039
    4         3       0.337165     0.00337165        64.5264       0.645264
    4         3       0.397661     0.00397661        73.5203       0.735203
    4         3       0.463603     0.00463603        82.8942       0.828942
    4         3       0.525387     0.00525387        91.5142       0.915142
    4         3           0.59         0.0059        100.557        1.00557
    4         3        0.65582      0.0065582        109.464        1.09464
    4         3        0.72465      0.0072465        118.797        1.18797
    4         3       0.790419     0.00790419        127.475        1.27475
    4         3       0.860225     0.00860225        136.594        1.36594
    4         3       0.929341     0.00929341        145.621        1.45621
    4         3       0.999919     0.00999919        154.567        1.54567
    4         3          1.074        0.01074        163.962        1.63962
    4         3        1.14593      0.0114593        172.769        1.72769
    4         3        1.21906      0.0121906         181.52         1.8152
    4         3        1.29633      0.0129633        190.733        1.90733
    5         0      0.0250537    0.000250537        13.2598       0.132598
    5         0      0.0712965    0.000712965        22.1169       0.221169
    5         0       0.125797     0.00125797        31.6061       0.316061
    5         0       0.180074     0.00180074        40.4402       0.404402
    5         0       0.238803     0.00238803        49.6644       0.496644
    5         0       0.298393     0.00298393        58.6095       0.586095
    5         0       0.357685     0.00357685        67.2859       0.672859
    5         0       0.421448     0.00421448         76.483        0.76483
    5         0       0.486137     0.00486137        85.4958       0.854958
    5         0       0.550359     0.00550359        94.3498       0.943498
    5         0       0.618892     0.00618892         103.73         1.0373
    5         0       0.688398     0.00688398        112.969        1.12969
    5         0       0.752703     0.00752703        121.436        1.21436
    5         0       0.821266     0.00821266        130.448        1.30448
    5         0       0.895995     0.00895995        139.995        1.39995
    5         0       0.965097     0.00965097        148.816        1.48816
    5         0        1.03505      0.0103505        157.561        1.57561
    5         0        1.11133      0.0111133        166.856        1.66856
    5         0         1.1822       0.011822         175.47         1.7547
    5         0        1.26091      0.0126091        184.641        1.84641
    5         0        1.33937      0.0133937         193.76         1.9376
    5         0        1.42053      0.0142053        202.834        2.02834
    5         1      0.0155099    0.000155099        9.97032      0.0997032
    5         1      0.0757692    0.000757692        19.9835       0.199835
    5         1       0.132655     0.00132655        28.9877       0.289877
    5         1       0.190086     0.00190086        37.3322       0.373322
    5         1       0.258137     0.00258137        46.7501       0.467501
    5         1       0.327306     0.00327306        55.6713       0.556713
    5         1       0.402134     0.00402134        64.8955       0.648955
    5         1       0.476248     0.00476248        73.7918       0.737918
    5         1       0.551282     0.00551282        82.4404       0.824404
    5         1       0.631691     0.00631691        91.5439       0.915439
    5         1       0.711731     0.00711731        100.479        1.00479
    5         1       0.798295     0.00798295        109.908        1.09908
    5         1       0.878093     0.00878093        118.604        1.18604
    5         1       0.965025     0.00965025        127.835        1.27835
    5         1        1.05214      0.0105214        136.999        1.36999
    5         1        1.13459      0.0113459        145.505        1.45505
    5         1        1.22509      0.0122509        154.583        1.54583
    5         1        1.31635      0.0131635        163.635        1.63635
    5         1        1.40914      0.0140914        172.671        1.72671
    5         1        1.50414      0.0150414        181.697        1.81697
    5         1        1.59974      0.0159974        190.722        1.90722
    5         1        1.69677      0.0169677        199.751        1.99751
    5         2      0.0251403    0.000251403        12.9037       0.129037
    5         2      0.0719472    0.000719472         20.959        0.20959
    5         2       0.124335     0.00124335        28.5935       0.285935
    5         2       0.179557     0.00179557        36.3903       0.363903
    5         2       0.240229     0.00240229        44.5027       0.445027
    5         2       0.306308     0.00306308        52.9462       0.529462
    5         2       0.366765     0.00366765        60.4815       0.604815
    5         2       0.438199     0.00438199        68.9701       0.689701
    5         2       0.504526     0.00504526        76.6323       0.766323
    5         2       0.574844     0.00574844        84.6779       0.846779
    5         2       0.646073     0.00646073        92.5391       0.925391
    5         2       0.721701     0.00721701        100.786        1.00786
    5         2       0.798024     0.00798024        108.877        1.08877
    5         2       0.873608     0.00873608        116.833        1.16833
    5         2       0.950228     0.00950228        124.673        1.24673
    5         2        1.03274      0.0103274        132.924        1.32924
    5         2        1.10984      0.0110984         140.57         1.4057
    5         2        1.19429      0.0119429        148.643        1.48643
    5         2        1.27995      0.0127995        156.642        1.56642
    5         2        1.36661      0.0136661        164.578        1.64578
    5         2        1.46152      0.0146152        172.949        1.72949
    5         3      0.0213653    0.000213653        10.8245       0.108245
    5         3      0.0816855    0.000816855         19.303        0.19303
    5         3       0.154267     0.00154267        27.8565       0.278565
    5         3       0.227309     0.00227309        35.4503       0.354503
    5         3       0.313783     0.00313783        43.9266       0.439266
    5         3       0.401657     0.00401657        51.9498       0.519498
    5         3       0.489463     0.00489463        59.6512       0.596512
    5         3       0.583441     0.00583441         67.668        0.67668
    5         3       0.678139     0.00678139        75.4475       0.754475
    5         3        0.78023      0.0078023        83.6022       0.836022
    5         3       0.881434     0.00881434        91.5652       0.915652
    5         3       0.991331     0.00991331        99.9202       0.999202
    5         3        1.09445      0.0109445        107.579        1.07579
    5         3        1.20805      0.0120805         115.66         1.1566
    5         3        1.32343      0.0132343         123.63         1.2363
    5         3        1.44185      0.0144185        131.507        1.31507
    5         3         1.5702       0.015702        139.822        1.39822
    5         3        1.69177      0.0169177        147.549        1.47549
    5         3        1.82366      0.0182366        155.728        1.55728
    5         3        1.95573      0.0195573        163.854        1.63854
    5         3        2.08822      0.0208822        171.934        1.71934
    5         3        2.22088      0.0222088        179.978        1.79978
    6         0      0.0221445    0.000221445        12.9451       0.129451
    6         0      0.0574021    0.000574021         21.319        0.21319
    6         0        0.10252      0.0010252        30.4183       0.304183
    6         0       0.151421     0.00151421        39.4547       0.394547
    6         0       0.204195     0.00204195        48.7055       0.487055
    6         0       0.258071     0.00258071        57.5107       0.575107
    6         0        0.31703      0.0031703        66.7125       0.667125
    6         0        0.37531      0.0037531        75.6346       0.756346
    6         0       0.433844     0.00433844        84.3316       0.843316
    6         0       0.497613     0.00497613        93.5465       0.935465
    6         0       0.560974     0.00560974        102.582        1.02582
    6         0       0.623946     0.00623946        111.466        1.11466
    6         0        0.69263      0.0069263        120.889        1.20889
    6         0       0.756217     0.00756217        129.525        1.29525
    6         0       0.824011     0.00824011        138.718        1.38718
    6         0       0.892905     0.00892905        147.817        1.47817
    6         0       0.961331     0.00961331        156.835        1.56835
    6         0         1.0304       0.010304        165.784        1.65784
    6         0        1.10054      0.0110054        174.673        1.74673
    6         0        1.17064      0.0117064        183.511        1.83511
    6         0        1.24797      0.0124797        192.933        1.92933
    6         0        1.32012      0.0132012        201.691        2.01691
    6         1      0.0285434    0.000285434        13.6684       0.136684
    6         1      0.0693359    0.000693359        22.0932       0.220932
    6         1       0.119758     0.00119758         31.243        0.31243
    6         1       0.174064     0.00174064        40.4502       0.404502
    6         1       0.233301     0.00233301         49.873        0.49873
    6         1       0.293241     0.00293241        58.8449       0.588449
    6         1       0.351917     0.00351917         67.427        0.67427
    6         1       0.416811     0.00416811        76.4286       0.764286
    6         1       0.486666     0.00486666        85.8477       0.858477
    6         1       0.550265     0.00550265        94.3925       0.943925
    6         1       0.619954     0.00619954        103.422        1.03422
    6         1       0.694679     0.00694679        112.936        1.12936
    6         1       0.763353     0.00763353        121.697        1.21697
    6         1       0.838104     0.00838104         130.98         1.3098
    6         1        0.90765      0.0090765        139.568        1.39568
    6         1       0.982505     0.00982505        148.703        1.48703
    6         1        1.05851      0.0105851        157.784        1.57784
    6         1         1.1341       0.011341        166.824        1.66824
    6         1        1.21234      0.0121234        175.833        1.75833
    6         1        1.29041      0.0129041        184.819        1.84819
    6         1        1.37133      0.0137133        193.791        1.93791
    6         1        1.45196      0.0145196        202.754        2.02754
    6         2      0.0229693    0.000229693        12.5158       0.125158
    6         2      0.0576968    0.000576968        19.9189       0.199189
    6         2      0.0924726    0.000924726        26.9434       0.269434
    6         2       0.126229     0.00126229        33.4982       0.334982
    6         2        0.16754      0.0016754        40.9852       0.409852
    6         2       0.204956     0.00204956        47.3951       0.473951
    6         2       0.249331     0.00249331        54.6998       0.546998
    6         2       0.294582     0.00294582        61.6633       0.616633
    6         2       0.343675     0.00343675        68.9011       0.689011
    6         2       0.392788     0.00392788        75.9089       0.759089
    6         2       0.440859     0.00440859        82.7356       0.827356
    6         2       0.493706     0.00493706        89.9283       0.899283
    6         2       0.546556     0.00546556        96.9917       0.969917
    6         2       0.599351     0.00599351        103.954        1.03954
    6         2       0.651778     0.00651778        110.836        1.10836
    6         2       0.703753     0.00703753        117.656        1.17656
    6         2       0.760579     0.00760579        124.911        1.24911
    6         2       0.813432     0.00813432        131.644        1.31644
    6         2       0.869031     0.00869031         138.83         1.3883
    6         2       0.925733     0.00925733        145.996        1.45996
    6         2       0.979054     0.00979054        152.673        1.52673
    6         2         1.0364       0.010364        159.822        1.59822
    6         2        1.09395      0.0109395        166.971        1.66971
    6         3      0.0211852    0.000211852         12.298        0.12298
    6         3      0.0565959    0.000565959        20.8681       0.208681
    6         3      0.0963324    0.000963324        28.8654       0.288654
    6         3       0.138892     0.00138892         36.668        0.36668
    6         3       0.185527     0.00185527        44.5466       0.445466
    6         3       0.234841     0.00234841        52.6586       0.526586
    6         3       0.284983     0.00284983        60.5069       0.605069
    6         3        0.33937      0.0033937        68.7327       0.687327
    6         3       0.393617     0.00393617        76.8167       0.768167
    6         3       0.446941     0.00446941        84.7864       0.847864
    6         3       0.501299     0.00501299        92.6602       0.926602
    6         3        0.55547      0.0055547         100.45         1.0045
    6         3       0.613083     0.00613083        108.714        1.08714
    6         3       0.670605     0.00670605          116.9          1.169
    6         3       0.724869     0.00724869        124.477        1.24477
    6         3       0.783129     0.00783129        132.533        1.32533
    6         3       0.839983     0.00839983         140.53         1.4053
    6         3       0.898458     0.00898458        148.474        1.48474
    6         3       0.960964     0.00960964        156.893        1.56893
    6         3        1.01909      0.0101909         164.74         1.6474
    6         3        1.07773      0.0107773        172.547        1.72547
    7         0      0.0221453    0.000221453        12.9808       0.129808
    7         0      0.0582355    0.000582355        20.4615       0.204615
    7         0       0.101531     0.00101531        28.4149       0.284149
    7         0       0.148409     0.00148409        36.5339       0.365339
    7         0       0.199155     0.00199155        44.9291       0.449291
    7         0       0.245161     0.00245161        52.4274       0.524274
    7         0       0.300133     0.00300133         60.889        0.60889
    7         0       0.351208     0.00351208        68.5048       0.685048
    7         0       0.405954     0.00405954        76.5199       0.765199
    7         0       0.463901     0.00463901        84.9228       0.849228
    7         0       0.519035     0.00519035        92.6189       0.926189
    7         0       0.577779     0.00577779        100.731        1.00731
    7         0        0.63561      0.0063561        108.722        1.08722
    7         0       0.694383     0.00694383        116.609        1.16609
    7         0       0.757337     0.00757337        124.922        1.24922
    7         0       0.815338     0.00815338        132.632        1.32632
    7         0        0.87786      0.0087786         140.78         1.4078
    7         0       0.941028     0.00941028        148.858        1.48858
    7         0          1.004        0.01004        156.875        1.56875
    7         0        1.06716      0.0106716        164.839        1.64839
    7         0        1.13155      0.0113155        172.755        1.72755
    7         1      0.0286338    0.000286338        11.9918       0.119918
    7         1      0.0644573    0.000644573        19.6519       0.196519
    7         1       0.107715     0.00107715        27.7623       0.277623
    7         1       0.153918     0.00153918        35.6898       0.356898
    7         1       0.203778     0.00203778        43.6343       0.436343
    7         1       0.256773     0.00256773        51.7417       0.517417
    7         1       0.310965     0.00310965        59.5211       0.595211
    7         1        0.36896      0.0036896        67.5727       0.675727
    7         1       0.429899     0.00429899        75.9649       0.759649
    7         1       0.487731     0.00487731         83.687        0.83687
    7         1       0.549513     0.00549513        91.8006       0.918006
    7         1        0.61082      0.0061082        99.8089       0.998089
    7         1       0.671984     0.00671984        107.728        1.07728
    7         1       0.733908     0.00733908        115.571        1.15571
    7         1       0.799363     0.00799363         123.83         1.2383
    7         1       0.860322     0.00860322        131.544        1.31544
    7         1       0.926097     0.00926097        139.682        1.39682
    7         1       0.992389     0.00992389         147.77         1.4777
    7         1        1.05845      0.0105845        155.812        1.55812
    7         1         1.1252       0.011252        163.815        1.63815
    7         2      0.0219713    0.000219713        10.3007       0.103007
    7         2      0.0482452    0.000482452        16.4327       0.164327
    7         2      0.0771429    0.000771429        22.4368       0.224368
    7         2       0.111173     0.00111173        28.9838       0.289838
    7         2       0.142462     0.00142462        34.5846       0.345846
    7         2       0.179541     0.00179541        40.8699       0.408699
    7         2       0.216889     0.00216889        46.9029       0.469029
    7         2       0.253972     0.00253972        52.7293       0.527293
    7         2       0.293355     0.00293355        58.8158       0.588158
    7         2        0.33347      0.0033347        64.7096       0.647096
    7         2         0.3766       0.003766        70.8827       0.708827
    7         2       0.419644     0.00419644        76.9212       0.769212
    7         2       0.462698     0.00462698        82.8465       0.828465
    7         2       0.505413     0.00505413        88.6723       0.886723
    7         2       0.550792     0.00550792        94.7901       0.947901
    7         2       0.596697     0.00596697         100.82         1.0082
    7         2        0.64265      0.0064265        106.772        1.06772
    7         2       0.688567     0.00688567        112.655        1.12655
    7         2       0.736432     0.00736432        118.838        1.18838
    7         2       0.785329     0.00785329        124.958        1.24958
    7         2       0.831169     0.00831169        130.668        1.30668
    7         2       0.880102     0.00880102        136.686        1.36686
    7         3      0.0198024    0.000198024        10.3439       0.103439
    7         3      0.0564639    0.000564639        18.4422       0.184422
    7         3      0.0978489    0.000978489        26.2717       0.262717
    7         3       0.146508     0.00146508        34.8142       0.348142
    7         3       0.194008     0.00194008        42.7992       0.427992
    7         3       0.242542     0.00242542        50.4187       0.504187
    7         3       0.299043     0.00299043        58.9544       0.589544
    7         3        0.35169      0.0035169         66.578        0.66578
    7         3       0.407364     0.00407364        74.5714       0.745714
    7         3       0.468497     0.00468497        82.9252       0.829252
    7         3        0.52442      0.0052442        90.5614       0.905614
    7         3       0.584721     0.00584721        98.5996       0.985996
    7         3        0.64561      0.0064561        106.512        1.06512
    7         3       0.709957     0.00709957        114.835        1.14835
    7         3       0.770239     0.00770239        122.545        1.22545
    7         3          0.835        0.00835        130.683        1.30683
    7         3       0.899797     0.00899797        138.747        1.38747
    7         3       0.964257     0.00964257        146.747        1.46747
    7         3        1.03019      0.0103019        154.693        1.54693
    7         3        1.09506      0.0109506        162.592        1.62592
    8         0      0.0314237    0.000314237        11.5094       0.115094
    8         0      0.0511758    0.000511758        17.1733       0.171733
    8         0       0.077512     0.00077512        23.6582       0.236582
    8         0       0.103848     0.00103848        29.3968       0.293968
    8         0       0.136768     0.00136768        35.8904       0.358904
    8         0       0.169689     0.00169689        41.8697       0.418697
    8         0       0.202705     0.00202705        47.4687       0.474687
    8         0       0.243894     0.00243894        53.8356       0.538356
    8         0        0.28511      0.0028511        59.8997       0.598997
    8         0       0.326332     0.00326332        65.7107       0.657107
    8         0       0.370669     0.00370669        71.8176       0.718176
    8         0       0.414884     0.00414884        77.7631       0.777631
    8         0       0.459521     0.00459521        83.5854       0.835854
    8         0       0.507744     0.00507744        89.7466       0.897466
    8         0       0.555866     0.00555866        95.8195       0.958195
    8         0       0.604026     0.00604026        101.824        1.01824
    8         0       0.652279     0.00652279        107.774        1.07774
    8         0       0.700257     0.00700257        113.684        1.13684
    8         0       0.751248     0.00751248        119.981        1.19981
    8         0       0.799335     0.00799335        125.835        1.25835
    8         0       0.847595     0.00847595        131.674        1.31674
    8         0       0.899532     0.00899532         137.92         1.3792
    8         1      0.0224893    0.000224893         11.282        0.11282
    8         1      0.0538772    0.000538772        17.6893       0.176893
    8         1      0.0852651    0.000852651        23.7458       0.237458
    8         1       0.116653     0.00116653        29.5118       0.295118
    8         1       0.151528     0.00151528        35.6302       0.356302
    8         1       0.186404     0.00186404        41.4748       0.414748
    8         1       0.224766     0.00224766        47.6509       0.476509
    8         1       0.263131     0.00263131         53.571        0.53571
    8         1       0.304979     0.00304979        59.7974       0.597974
    8         1       0.346832     0.00346832        65.7878       0.657878
    8         1       0.388748     0.00388748        71.6122       0.716122
    8         1       0.434183     0.00434183        77.7567       0.777567
    8         1       0.478761     0.00478761        83.7624       0.837624
    8         1       0.523956     0.00523956        89.6532       0.896532
    8         1       0.573004     0.00573004        95.8919       0.958919
    8         1       0.618322     0.00618322        101.605        1.01605
    8         1       0.667225     0.00667225        107.686        1.07686
    8         1        0.71604      0.0071604        113.708        1.13708
    8         1       0.765089     0.00765089        119.681        1.19681
    8         1       0.813439     0.00813439        125.614        1.25614
    8         1       0.865559     0.00865559        131.936        1.31936
    8         1       0.914873     0.00914873        137.811        1.37811
    8         1        0.96429      0.0096429        143.667        1.43667
    8         2      0.0264763    0.000264763        11.2705       0.112705
    8         2      0.0554647    0.000554647        18.3354       0.183354
    8         2      0.0917003    0.000917003         25.955        0.25955
    8         2       0.127936     0.00127936        32.7014       0.327014
    8         2       0.167771     0.00167771        39.4734       0.394734
    8         2       0.215761     0.00215761        46.9042       0.469042
    8         2       0.264916     0.00264916        53.8949       0.538949
    8         2       0.312755     0.00312755        60.5757       0.605757
    8         2       0.367788     0.00367788         67.979        0.67979
    8         2       0.419919     0.00419919        74.6948       0.746948
    8         2       0.475957     0.00475957        81.7315       0.817315
    8         2       0.530913     0.00530913        88.6449       0.886449
    8         2       0.590562     0.00590562        95.9169       0.959169
    8         2       0.646334     0.00646334        102.662        1.02662
    8         2       0.706081     0.00706081        109.799        1.09799
    8         2       0.765211     0.00765211        116.891        1.16891
    8         2       0.824416     0.00824416        123.953        1.23953
    8         2       0.884375     0.00884375        130.992        1.30992
    8         2       0.940855     0.00940855         137.58         1.3758
    8         2        1.00097      0.0100097          144.6          1.446
    8         2         1.0614       0.010614        151.619        1.51619
    8         3      0.0298612    0.000298612         13.712        0.13712
    8         3      0.0496829    0.000496829        18.5695       0.185695
    8         3      0.0734688    0.000734688        23.7005       0.237005
    8         3      0.0992369    0.000992369        28.7289       0.287289
    8         3       0.126987     0.00126987        33.7289       0.337289
    8         3       0.156676     0.00156676        38.7508       0.387508
    8         3       0.188809     0.00188809         43.822        0.43822
    8         3       0.223185     0.00223185        48.9701       0.489701
    8         3       0.256925     0.00256925        53.9295       0.539295
    8         3       0.291517     0.00291517         58.739        0.58739
    8         3       0.330074     0.00330074        63.9439       0.639439
    8         3       0.366732     0.00366732        68.7688       0.687688
    8         3       0.405082     0.00405082        73.7663       0.737663
    8         3       0.444803     0.00444803        78.9401       0.789401
    8         3        0.48333      0.0048333        83.7891       0.837891
    8         3       0.524084     0.00524084        88.8358       0.888358
    8         3        0.56486      0.0056486        93.8342       0.938342
    8         3       0.605006     0.00605006        98.7928       0.987928
    8         3       0.646735     0.00646735        103.964        1.03964
    8         3       0.687488     0.00687488        108.862        1.08862
    9         0     0.00937234    9.37234e-05        12.2338       0.122338
    9         0      0.0350182    0.000350182        18.7644       0.187644
    9         0      0.0635137    0.000635137        24.9889       0.249889
    9         0      0.0920091    0.000920091        30.5397       0.305397
    9         0       0.126204     0.00126204        36.6182       0.366182
    9         0       0.163249     0.00163249        42.7053       0.427053
    9         0       0.198575     0.00198575         48.868        0.48868
    9         0       0.235127     0.00235127        54.7094       0.547094
    9         0       0.274782     0.00274782        60.7121       0.607121
    9         0       0.316413     0.00316413         66.873        0.66873
    9         0       0.358441     0.00358441        72.8651       0.728651
    9         0       0.400292     0.00400292        78.7194       0.787194
    9         0       0.444039     0.00444039        84.8231       0.848231
    9         0       0.488747     0.00488747         90.831        0.90831
    9         0       0.533397     0.00533397        96.7625       0.967625
    9         0       0.580639     0.00580639        102.976        1.02976
    9         0       0.625239     0.00625239        108.794        1.08794
    9         0        0.67261      0.0067261         114.91         1.1491
    9         0       0.719153     0.00719153        120.991        1.20991
    9         0       0.763584     0.00763584        126.708        1.26708
    9         0       0.811048     0.00811048        132.739        1.32739
    9         1       0.027726     0.00027726        11.6709       0.116709
    9         1      0.0520035    0.000520035        18.2651       0.182651
    9         1      0.0832173    0.000832173        25.7933       0.257933
    9         1       0.114431     0.00114431        32.5771       0.325771
    9         1       0.149113     0.00149113        39.4994       0.394994
    9         1         0.1884       0.001884        46.5592       0.465592
    9         1       0.229241     0.00229241        53.7625       0.537625
    9         1       0.272388     0.00272388         60.573        0.60573
    9         1       0.317548     0.00317548        67.5858       0.675858
    9         1       0.366432     0.00366432        74.8397       0.748397
    9         1       0.415897     0.00415897         81.848        0.81848
    9         1       0.465376     0.00465376        88.6645       0.886645
    9         1       0.518412     0.00518412        95.7993       0.957993
    9         1       0.571676     0.00571676        102.795        1.02795
    9         1        0.62396      0.0062396        109.681        1.09681
    9         1       0.680361     0.00680361        116.928        1.16928
    9         1       0.733377     0.00733377         123.65         1.2365
    9         1       0.790062     0.00790062        130.759        1.30759
    9         1       0.846669     0.00846669        137.818        1.37818
    9         1       0.903428     0.00903428        144.839        1.44839
    9         2      0.0224403    0.000224403        10.6842       0.106842
    9         2      0.0475975    0.000475975        16.6383       0.166383
    9         2      0.0763486    0.000763486        22.5159       0.225159
    9         2       0.112288     0.00112288        28.9397       0.289397
    9         2       0.148226     0.00148226        34.7325       0.347325
    9         2       0.186622     0.00186622        40.6392       0.406392
    9         2       0.227615     0.00227615        46.7171       0.467171
    9         2       0.273139     0.00273139        52.9865       0.529865
    9         2        0.31477      0.0031477        58.5792       0.585792
    9         2       0.363537     0.00363537        64.8894       0.648894
    9         2       0.408821     0.00408821        70.6247       0.706247
    9         2       0.457233     0.00457233        76.6924       0.766924
    9         2       0.505344     0.00505344        82.6769       0.826769
    9         2        0.55428      0.0055428        88.5973       0.885973
    9         2       0.606531     0.00606531        94.8867       0.948867
    9         2       0.655307     0.00655307        100.719        1.00719
    9         2       0.707789     0.00707789        106.937        1.06937
    9         2       0.756201     0.00756201        112.721        1.12721
    9         2       0.807896     0.00807896        118.903        1.18903
    9         2       0.857044     0.00857044        124.664        1.24664
    9         2       0.909731     0.00909731        130.831        1.30831
    9         2       0.962447     0.00962447        136.998        1.36998
    9         3      0.0262451    0.000262451        8.34596      0.0834596
    9         3       0.046688     0.00046688        13.8987       0.138987
    9         3      0.0700514    0.000700514        18.8845       0.188845
    9         3      0.0963351    0.000963351        23.6383       0.236383
    9         3        0.12846      0.0012846        28.7822       0.287822
    9         3        0.16323      0.0016323         33.911        0.33911
    9         3       0.198729     0.00198729        38.7249       0.387249
    9         3       0.236914     0.00236914        43.7012       0.437012
    9         3        0.27777      0.0027777        48.8857       0.488857
    9         3       0.318285     0.00318285        53.9116       0.539116
    9         3        0.35967      0.0035967        58.8418       0.588418
    9         3       0.401004     0.00401004        63.6668       0.636668
    9         3       0.445128     0.00445128        68.7745       0.687745
    9         3       0.488321     0.00488321         73.828        0.73828
    9         3       0.532504     0.00532504        78.8394       0.788394
    9         3       0.576805     0.00576805        83.8194       0.838194
    9         3       0.621197     0.00621197        88.7748       0.887748
    9         3       0.664806     0.00664806        93.7118       0.937118
    9         3       0.711364     0.00711364        98.9631       0.989631
    9         3       0.755703     0.00755703        103.876        1.03876
    9         3       0.799999     0.00799999        108.783        1.08783
   10         0      0.0252273    0.000252273        11.4847       0.114847
   10         0      0.0469559    0.000469559        16.6716       0.166716
   10         0      0.0710988    0.000710988        21.7522       0.217522
   10         0       0.097656     0.00097656        26.9288       0.269288
   10         0       0.124213     0.00124213        31.8256       0.318256
   10         0        0.15314      0.0015314         36.932        0.36932
   10         0       0.183081     0.00183081        41.8325       0.418325
   10         0       0.213952     0.00213952        46.9494       0.469494
   10         0       0.246174     0.00246174        51.8991       0.518991
   10         0       0.278047     0.00278047        56.6931       0.566931
   10         0       0.312235     0.00312235        61.6856       0.616856
   10         0       0.349097     0.00349097        66.8772       0.668772
   10         0       0.385913     0.00385913        71.9392       0.719392
   10         0       0.422651     0.00422651         76.882        0.76882
   10         0       0.459467     0.00459467         81.723        0.81723
   10         0       0.498911     0.00498911        86.7876       0.867876
   10         0       0.538238     0.00538238         91.762        0.91762
   10         0       0.579405     0.00579405        96.9605       0.969605
   10         0       0.618486     0.00618486        101.781        1.01781
   10         0       0.660312     0.00660312        106.835        1.06835
   10         0       0.702103     0.00702103        111.826        1.11826
   10         0       0.743987     0.00743987        116.763        1.16763
   10         1       0.030555     0.00030555        14.6416       0.146416
   10         1      0.0546669    0.000546669        19.8769       0.198769
   10         1      0.0787788    0.000787788        24.5771       0.245771
   10         1       0.108249     0.00108249        29.8603       0.298603
   10         1       0.137719     0.00137719        34.7839       0.347839
   10         1       0.170881     0.00170881        39.8525       0.398525
   10         1        0.20292      0.0020292        44.6726       0.446726
   10         1       0.238587     0.00238587        49.6962       0.496962
   10         1       0.277285     0.00277285        54.8943       0.548943
   10         1       0.315173     0.00315173        59.9147       0.599147
   10         1       0.352898     0.00352898        64.7738       0.647738
   10         1       0.394276     0.00394276        69.8608       0.698608
   10         1       0.435588     0.00435588        74.8372       0.748372
   10         1        0.47676      0.0047676        79.7232       0.797232
   10         1       0.520915     0.00520915        84.8521       0.848521
   10         1       0.564371     0.00564371        89.9089       0.899089
   10         1       0.607824     0.00607824        94.9057       0.949057
   10         1        0.65205      0.0065205        99.8517       0.998517
   10         1       0.695957     0.00695957        104.755        1.04755
   10         1       0.742815     0.00742815        109.925        1.09925
   10         1       0.786907     0.00786907         114.76         1.1476
   10         1       0.832818     0.00832818         119.87         1.1987
   10         2     0.00936573    9.36573e-05        17.8279       0.178279
   10         2      0.0361994    0.000361994        22.5828       0.225828
   10         2       0.068996     0.00068996        27.7257       0.277257
   10         2       0.104774     0.00104774        32.8043       0.328043
   10         2       0.143534     0.00143534        37.8883       0.378883
   10         2       0.178893     0.00178893        42.6611       0.426611
   10         2       0.217529     0.00217529        47.8794       0.478794
   10         2       0.257193     0.00257193        52.8783       0.528783
   10         2       0.296525     0.00296525        57.6867       0.576867
   10         2       0.341314     0.00341314        62.9327       0.629327
   10         2       0.383373     0.00383373        67.7353       0.677353
   10         2       0.428244     0.00428244        72.7257       0.727257
   10         2       0.474977     0.00474977        77.9053       0.779053
   10         2        0.51945      0.0051945        82.7212       0.827212
   10         2        0.56706      0.0056706        87.7563       0.877563
   10         2        0.61455      0.0061455        92.7404       0.927404
   10         2       0.664627     0.00664627        97.9593       0.979593
   10         2       0.712142     0.00712142        102.874        1.02874
   10         2       0.759098     0.00759098        107.769        1.07769
   10         2        0.80855      0.0080855        112.922        1.12922
   10         2        0.85618      0.0085618        117.797        1.17797
   10         2       0.906574     0.00906574        122.941        1.22941
   10         3      0.0310064    0.000310064        15.3119       0.153119
   10         3      0.0555742    0.000555742        20.8324       0.208324
   10         3      0.0828717    0.000828717        25.8368       0.258368
   10         3       0.112899     0.00112899         30.743        0.30743
   10         3       0.145656     0.00145656        35.7278       0.357278
   10         3       0.181516     0.00181516        40.8752       0.408752
   10         3       0.218514     0.00218514        45.8495       0.458495
   10         3       0.254832     0.00254832         50.707        0.50707
   10         3       0.293404     0.00293404        55.8319       0.558319
   10         3       0.332816     0.00332816        60.8569       0.608569
   10         3       0.372384     0.00372384        65.7981       0.657981
   10         3       0.411885     0.00411885        70.6902       0.706902
   10         3       0.453955     0.00453955        75.8781       0.758781
   10         3       0.492838     0.00492838        80.6811       0.806811
   10         3       0.535063     0.00535063         85.792        0.85792
   10         3       0.577421     0.00577421        90.8723       0.908723
   10         3       0.619622     0.00619622        95.9272       0.959272
   10         3       0.662071     0.00662071        100.961        1.00961
   10         3       0.704096     0.00704096        105.977        1.05977
   10         3        0.74567      0.0074567        110.978        1.10978
   10         3       0.788075     0.00788075        115.967        1.15967
   11         0      0.0319885    0.000319885        5.98661      0.0598661
   11         0      0.0450484    0.000450484        10.6199       0.106199
   11         0      0.0633322    0.000633322        15.6294       0.156294
   11         0        0.08684      0.0008684        20.8935       0.208935
   11         0        0.11296      0.0011296        25.9502       0.259502
   11         0       0.141691     0.00141691        30.9756       0.309756
   11         0       0.170525     0.00170525        35.6554       0.356554
   11         0        0.20432      0.0020432        40.8883       0.408883
   11         0        0.23951      0.0023951        45.9083       0.459083
   11         0       0.274828     0.00274828        50.7678       0.507678
   11         0       0.312538     0.00312538        55.8754       0.558754
   11         0       0.350418     0.00350418        60.8632       0.608632
   11         0       0.388204     0.00388204        65.7541       0.657541
   11         0       0.428074     0.00428074        70.9296       0.709296
   11         0       0.465654     0.00465654        75.7042       0.757042
   11         0        0.50637      0.0050637        80.7745       0.807745
   11         0       0.546953     0.00546953        85.8067       0.858067
   11         0       0.587564     0.00587564        90.8082       0.908082
   11         0       0.628114     0.00628114         95.785        0.95785
   11         0       0.668536     0.00668536        100.742        1.00742
   11         0       0.708601     0.00708601        105.684        1.05684
   11         0       0.751476     0.00751476        110.942        1.10942
   11         1      0.0306652    0.000306652        14.3785       0.143785
   11         1      0.0507545    0.000507545        19.5782       0.195782
   11         1      0.0737136    0.000737136         24.592        0.24592
   11         1      0.0995427    0.000995427        29.6115       0.296115
   11         1       0.128242     0.00128242        34.7319       0.347319
   11         1       0.156896     0.00156896        39.5407       0.395407
   11         1       0.188722     0.00188722        44.5814       0.445814
   11         1       0.224245     0.00224245        49.8409       0.498409
   11         1       0.259102     0.00259102        54.9222       0.549222
   11         1       0.294141     0.00294141        59.8466       0.598466
   11         1       0.329522     0.00329522        64.6263       0.646263
   11         1       0.367949     0.00367949        69.6974       0.696974
   11         1       0.406265     0.00406265        74.6675       0.746675
   11         1       0.447277     0.00447277        79.9271       0.799271
   11         1       0.485163     0.00485163        84.7388       0.847388
   11         1       0.526463     0.00526463        89.8546       0.898546
   11         1       0.567955     0.00567955        94.9124       0.949124
   11         1       0.609222     0.00609222         99.921        0.99921
   11         1       0.650188     0.00650188        104.888        1.04888
   11         1       0.691137     0.00691137        109.819        1.09819
   11         1       0.732555     0.00732555        114.719        1.14719
   11         1       0.776881     0.00776881        119.941        1.19941
   11         2      0.0293704    0.000293704        10.7115       0.107115
   11         2      0.0508958    0.000508958         14.777        0.14777
   11         2      0.0748129    0.000748129        18.8024       0.188024
   11         2       0.101122     0.00101122        22.8756       0.228756
   11         2       0.127431     0.00127431        26.7103       0.267103
   11         2       0.156091     0.00156091        30.7078       0.307078
   11         2       0.187444     0.00187444        34.8876       0.348876
   11         2       0.219058     0.00219058        38.9495       0.389495
   11         2       0.250559     0.00250559         42.933        0.42933
   11         2         0.2821       0.002821        46.8416       0.468416
   11         2       0.315682     0.00315682        50.9875       0.509875
   11         2       0.346765     0.00346765        54.7986       0.547986
   11         2       0.380752     0.00380752        58.8599       0.588599
   11         2        0.41485      0.0041485        62.8654       0.628654
   11         2       0.448934     0.00448934        66.8443       0.668443
   11         2       0.483131     0.00483131        70.8021       0.708021
   11         2       0.517252     0.00517252        74.7377       0.747377
   11         2        0.55372      0.0055372        78.9359       0.789359
   11         2       0.587734     0.00587734        82.8402       0.828402
   11         2        0.62173      0.0062173        86.7327       0.867327
   11         2       0.658258     0.00658258        90.8926       0.908926
   11         3      0.0262091    0.000262091        13.5182       0.135182
   11         3      0.0475825    0.000475825        18.5594       0.185594
   11         3      0.0716276    0.000716276         23.782        0.23782
   11         3      0.0956728    0.000956728        28.6312       0.286312
   11         3        0.12239      0.0012239        33.6744       0.336744
   11         3       0.151778     0.00151778        38.8797       0.388797
   11         3       0.182571     0.00182571        43.7917       0.437917
   11         3       0.213687     0.00213687        48.8957       0.488957
   11         3       0.247281     0.00247281        53.7622       0.537622
   11         3       0.283065     0.00283065        58.8314       0.588314
   11         3       0.317947     0.00317947        63.6957       0.636957
   11         3       0.355703     0.00355703        68.7774       0.687774
   11         3       0.394183     0.00394183        73.7209       0.737209
   11         3       0.435335     0.00435335        78.8913       0.788913
   11         3        0.47642      0.0047642        83.9557       0.839557
   11         3       0.517738     0.00517738        88.9322       0.889322
   11         3       0.558534     0.00558534        93.8362       0.938362
   11         3       0.598971     0.00598971        98.6797       0.986797
   11         3       0.642947     0.00642947        103.791        1.03791
   11         3       0.686903     0.00686903        108.854        1.08854
   11         3       0.730844     0.00730844        113.878        1.13878
   11         3       0.774929     0.00774929        118.869        1.18869
