 *tel    numcsi   CsIInChannel     errCsIInChannel           CsIE       errCsIE
    0         0             98            0.5        9.64414      0.0964414
    0         0            188            0.5        24.6305       0.246305
    0         0            284            0.5        39.9616       0.399616
    0         0            374            0.5        54.4693       0.544693
    0         0            464            0.5        69.1104       0.691104
    0         0            560            0.5        84.8107       0.848107
    0         0            650            0.5        99.5843       0.995843
    0         0            740            0.5        114.408        1.14408
    0         0            830            0.5        129.287        1.29287
    0         0            920            0.5        144.231        1.44231
    0         0           1010            0.5        159.252        1.59252
    0         0           1100            0.5        174.362        1.74362
    0         0           1190            0.5        189.571        1.89571
    0         0           1280            0.5         204.89         2.0489
    0         0           1364            0.5        219.298        2.19298
    0         0           1454            0.5        234.861        2.34861
    0         0           1538            0.5        249.511        2.49511
    0         0           1622            0.5         264.29         2.6429
    0         0           1706            0.5        279.205        2.79205
    0         0           1790            0.5        294.261        2.94261
    0         0           1874            0.5        309.465        3.09465
    0         1             77            0.5        7.94064      0.0794064
    0         1            175            0.5        25.2347       0.252347
    0         1            273            0.5        42.3258       0.423258
    0         1            371            0.5        59.1307       0.591307
    0         1            476            0.5        76.9775       0.769775
    0         1            574            0.5        93.5534       0.935534
    0         1            672            0.5        110.097        1.10097
    0         1            777            0.5        127.826        1.27826
    0         1            875            0.5        144.407        1.44407
    0         1            973            0.5        161.045        1.61045
    0         1           1078            0.5        178.962        1.78962
    0         1           1176            0.5        195.785        1.95785
    0         1           1274            0.5        212.725        2.12725
    0         1           1372            0.5        229.796        2.29796
    0         1           1463            0.5        245.775        2.45775
    0         1           1561            0.5        263.135        2.63135
    0         1           1659            0.5        280.663        2.80663
    0         1           1750            0.5        297.097        2.97097
    0         1           1848            0.5        314.978        3.14978
    0         1           1939            0.5        331.759        3.31759
    0         2            101            0.5        9.91959      0.0991959
    0         2            199            0.5        26.6171       0.266171
    0         2            297            0.5         43.071        0.43071
    0         2            402            0.5        60.4007       0.604007
    0         2            507            0.5        77.5557       0.775557
    0         2            612            0.5        94.5955       0.945955
    0         2            717            0.5        111.565        1.11565
    0         2            822            0.5        128.499        1.28499
    0         2            927            0.5         145.43         1.4543
    0         2           1032            0.5        162.383        1.62383
    0         2           1137            0.5        179.386        1.79386
    0         2           1242            0.5        196.457        1.96457
    0         2           1347            0.5        213.617        2.13617
    0         2           1452            0.5        230.881        2.30881
    0         2           1550            0.5        247.102        2.47102
    0         2           1655            0.5        264.611        2.64611
    0         2           1753            0.5        281.085        2.81085
    0         2           1858            0.5        298.888        2.98888
    0         2           1956            0.5        315.658        3.15658
    0         2           2054            0.5        332.585        3.32585
    0         3             51            0.5         10.262        0.10262
    0         3            141            0.5        25.8925       0.258925
    0         3            225            0.5        40.3419       0.403419
    0         3            315            0.5          55.66         0.5566
    0         3            405            0.5         70.928        0.70928
    0         3            489            0.5        85.1609       0.851609
    0         3            579            0.5        100.414        1.00414
    0         3            669            0.5         115.69         1.1569
    0         3            753            0.5        129.983        1.29983
    0         3            843            0.5        145.349        1.45349
    0         3            933            0.5        160.782        1.60782
    0         3           1017            0.5        175.261        1.75261
    0         3           1107            0.5        190.864        1.90864
    0         3           1191            0.5         205.52         2.0552
    0         3           1275            0.5        220.278        2.20278
    0         3           1359            0.5        235.142        2.35142
    0         3           1443            0.5        250.123        2.50123
    0         3           1527            0.5        265.227        2.65227
    0         3           1611            0.5        280.461        2.80461
    0         3           1695            0.5        295.831        2.95831
    0         3           1773            0.5        310.232        3.10232
    1         0            106            0.5        8.03915      0.0803915
    1         0            197            0.5        23.4048       0.234048
    1         0            295            0.5        38.6551       0.386551
    1         0            393            0.5        53.9556       0.539556
    1         0            484            0.5        68.2569       0.682569
    1         0            582            0.5        83.7081       0.837081
    1         0            673            0.5        98.0827       0.980827
    1         0            771            0.5        113.591        1.13591
    1         0            862            0.5        128.025        1.28025
    1         0            960            0.5        143.617        1.43617
    1         0           1051            0.5        158.151        1.58151
    1         0           1149            0.5        173.879        1.73879
    1         0           1240            0.5        188.564        1.88564
    1         0           1331            0.5        203.336        2.03336
    1         0           1422            0.5        218.209        2.18209
    1         0           1513            0.5        233.188        2.33188
    1         0           1604            0.5        248.282        2.48282
    1         0           1695            0.5        263.501        2.63501
    1         0           1786            0.5         278.85         2.7885
    1         0           1870            0.5        293.142        2.93142
    1         0           1961            0.5        308.764        3.08764
    1         0           2045            0.5         323.32         3.2332
    1         1             92            0.5        7.97001      0.0797001
    1         1            183            0.5        22.9713       0.229713
    1         1            274            0.5        37.9529       0.379529
    1         1            372            0.5        53.8592       0.538592
    1         1            463            0.5         68.494        0.68494
    1         1            554            0.5        83.0345       0.830345
    1         1            652            0.5        98.6177       0.986177
    1         1            743            0.5        113.042        1.13042
    1         1            841            0.5        128.549        1.28549
    1         1            932            0.5        142.943        1.42943
    1         1           1030            0.5        158.455        1.58455
    1         1           1128            0.5        173.999        1.73999
    1         1           1219            0.5        188.474        1.88474
    1         1           1310            0.5        202.999        2.02999
    1         1           1408            0.5        218.713        2.18713
    1         1           1499            0.5        233.379        2.33379
    1         1           1590            0.5        248.127        2.48127
    1         1           1681            0.5        262.965        2.62965
    1         1           1772            0.5        277.901        2.77901
    1         1           1863            0.5        292.941        2.92941
    1         1           1954            0.5        308.094        3.08094
    1         2             84            0.5        9.60925      0.0960925
    1         2            174            0.5        24.7595       0.247595
    1         2            264            0.5         39.899        0.39899
    1         2            354            0.5        54.8456       0.548456
    1         2            444            0.5        69.6989       0.696989
    1         2            534            0.5        84.4886       0.844886
    1         2            624            0.5        99.2403       0.992403
    1         2            720            0.5        114.959        1.14959
    1         2            810            0.5        129.698        1.29698
    1         2            900            0.5        144.459        1.44459
    1         2            990            0.5        159.257        1.59257
    1         2           1080            0.5        174.107        1.74107
    1         2           1170            0.5        189.022        1.89022
    1         2           1260            0.5        204.011        2.04011
    1         2           1350            0.5         219.09         2.1909
    1         2           1440            0.5        234.265        2.34265
    1         2           1530            0.5        249.547        2.49547
    1         2           1620            0.5        264.945        2.64945
    1         2           1704            0.5        279.428        2.79428
    1         2           1788            0.5        294.025        2.94025
    1         3            110            0.5        9.93491      0.0993491
    1         3            188            0.5         23.994        0.23994
    1         3            278            0.5        39.6638       0.396638
    1         3            362            0.5        54.0039       0.540039
    1         3            452            0.5        69.2479       0.692479
    1         3            542            0.5        84.4286       0.844286
    1         3            632            0.5        99.5863       0.995863
    1         3            722            0.5        114.751        1.14751
    1         3            812            0.5        129.944        1.29944
    1         3            896            0.5        144.169        1.44169
    1         3            986            0.5        159.473        1.59473
    1         3           1076            0.5        174.859        1.74859
    1         3           1160            0.5        189.304        1.89304
    1         3           1250            0.5        204.884        2.04884
    1         3           1334            0.5        219.533        2.19533
    1         3           1418            0.5        234.292        2.34292
    1         3           1502            0.5        249.172        2.49172
    1         3           1586            0.5        264.179        2.64179
    1         3           1670            0.5        279.321        2.79321
    1         3           1754            0.5        294.604        2.94604
    1         3           1832            0.5        308.928        3.08928
    2         0             74            0.5        7.99336      0.0799336
    2         0            164            0.5        22.8481       0.228481
    2         0            248            0.5        36.4645       0.364645
    2         0            332            0.5        50.1942       0.501942
    2         0            422            0.5        64.8845       0.648845
    2         0            506            0.5        78.5411       0.785411
    2         0            590            0.5        92.1432       0.921432
    2         0            680            0.5        106.673        1.06673
    2         0            764            0.5        120.214        1.20214
    2         0            854            0.5        134.722        1.34722
    2         0            938            0.5        148.282        1.48282
    2         0           1028            0.5        162.848        1.62848
    2         0           1112            0.5        176.495        1.76495
    2         0           1196            0.5        190.205        1.90205
    2         0           1286            0.5        204.974        2.04974
    2         0           1370            0.5        218.848        2.18848
    2         0           1454            0.5        232.814        2.32814
    2         0           1538            0.5        246.882        2.46882
    2         0           1616            0.5        260.043        2.60043
    2         0           1700            0.5        274.329        2.74329
    2         0           1784            0.5        288.737        2.88737
    2         1            102            0.5        7.11567      0.0711567
    2         1            182            0.5        22.8396       0.228396
    2         1            262            0.5         37.306        0.37306
    2         1            347            0.5        52.5984       0.525984
    2         1            432            0.5        67.9704       0.679704
    2         1            512            0.5        82.5238       0.825238
    2         1            592            0.5        97.1617       0.971617
    2         1            677            0.5        112.815        1.12815
    2         1            757            0.5        127.651        1.27651
    2         1            837            0.5        142.598        1.42598
    2         1            917            0.5        157.668        1.57668
    2         1            997            0.5        172.873        1.72873
    2         1           1072            0.5        187.258        1.87258
    2         1           1152            0.5        202.751        2.02751
    2         1           1227            0.5        217.426        2.17426
    2         1           1302            0.5        232.251        2.32251
    2         1           1377            0.5        247.235        2.47235
    2         1           1452            0.5        262.386        2.62386
    2         1           1527            0.5        277.709        2.77709
    2         1           1597            0.5        292.171        2.92171
    2         1           1672            0.5        307.846        3.07846
    2         2             78            0.5        8.50675      0.0850675
    2         2            162            0.5        22.7204       0.227204
    2         2            246            0.5        36.6956       0.366956
    2         2            330            0.5        50.3832       0.503832
    2         2            420            0.5        64.8566       0.648566
    2         2            504            0.5         78.272        0.78272
    2         2            594            0.5        92.6005       0.926005
    2         2            684            0.5        106.922        1.06922
    2         2            768            0.5        120.311        1.20311
    2         2            858            0.5        134.701        1.34701
    2         2            942            0.5        148.191        1.48191
    2         2           1032            0.5        162.724        1.62724
    2         2           1116            0.5        176.377        1.76377
    2         2           1200            0.5        190.124        1.90124
    2         2           1290            0.5        204.967        2.04967
    2         2           1374            0.5        218.939        2.18939
    2         2           1452            0.5        232.019        2.32019
    2         2           1536            0.5        246.228        2.46228
    2         2           1620            0.5        260.571        2.60571
    2         2           1698            0.5        274.015        2.74015
    2         2           1782            0.5        288.632        2.88632
    2         3            104            0.5        8.48667      0.0848667
    2         3            184            0.5         22.758        0.22758
    2         3            264            0.5         36.249        0.36249
    2         3            349            0.5        50.6684       0.506684
    2         3            429            0.5         64.263        0.64263
    2         3            514            0.5        78.6987       0.786987
    2         3            594            0.5        92.2686       0.922686
    2         3            679            0.5        106.678        1.06678
    2         3            759            0.5        120.245        1.20245
    2         3            844            0.5        134.684        1.34684
    2         3            924            0.5         148.31         1.4831
    2         3           1009            0.5        162.841        1.62841
    2         3           1089            0.5        176.584        1.76584
    2         3           1169            0.5        190.401        1.90401
    2         3           1249            0.5        204.302        2.04302
    2         3           1329            0.5        218.298        2.18298
    2         3           1409            0.5        232.396        2.32396
    2         3           1489            0.5        246.605        2.46605
    2         3           1569            0.5        260.931        2.60931
    2         3           1644            0.5        274.476        2.74476
    2         3           1719            0.5        288.135        2.88135
    3         0             81            0.5        8.30137      0.0830137
    3         0            151            0.5        20.2998       0.202998
    3         0            226            0.5        32.2297       0.322297
    3         0            306            0.5        44.9149       0.449149
    3         0            381            0.5        56.7714       0.567714
    3         0            456            0.5        68.6129       0.686129
    3         0            531            0.5        80.4372       0.804372
    3         0            606            0.5        92.2487       0.922487
    3         0            686            0.5        104.843        1.04843
    3         0            761            0.5        116.657        1.16657
    3         0            836            0.5        128.488        1.28488
    3         0            911            0.5        140.345        1.40345
    3         0            986            0.5        152.238        1.52238
    3         0           1066            0.5        164.973        1.64973
    3         0           1141            0.5        176.967        1.76967
    3         0           1211            0.5        188.216        1.88216
    3         0           1286            0.5        200.331        2.00331
    3         0           1361            0.5        212.521        2.12521
    3         0           1436            0.5        224.787        2.24787
    3         0           1506            0.5        236.311        2.36311
    3         0           1581            0.5        248.744        2.48744
    3         1            108            0.5        8.26502      0.0826502
    3         1            178            0.5        20.8273       0.208273
    3         1            248            0.5        32.8108       0.328108
    3         1            318            0.5        44.3795       0.443795
    3         1            393            0.5        56.4664       0.564664
    3         1            468            0.5        68.4181       0.684181
    3         1            543            0.5        80.3321       0.803321
    3         1            618            0.5        92.2672       0.922672
    3         1            693            0.5        104.261        1.04261
    3         1            768            0.5        116.338        1.16338
    3         1            843            0.5        128.514        1.28514
    3         1            918            0.5        140.802        1.40802
    3         1            988            0.5        152.379        1.52379
    3         1           1063            0.5        164.906        1.64906
    3         1           1133            0.5         176.72         1.7672
    3         1           1203            0.5        188.654        1.88654
    3         1           1273            0.5        200.712        2.00712
    3         1           1343            0.5          212.9          2.129
    3         1           1408            0.5        224.334        2.24334
    3         1           1478            0.5        236.777        2.36777
    3         1           1543            0.5        248.454        2.48454
    3         2             99            0.5        9.96443      0.0996443
    3         2            151            0.5        22.6849       0.226849
    3         2            207            0.5        35.9087       0.359087
    3         2            263            0.5        48.7686       0.487686
    3         2            319            0.5        61.4306       0.614306
    3         2            379            0.5        74.9151       0.749151
    3         2            435            0.5        87.4914       0.874914
    3         2            491            0.5        100.102        1.00102
    3         2            551            0.5        113.684        1.13684
    3         2            607            0.5        126.449        1.26449
    3         2            663            0.5        139.316        1.39316
    3         2            719            0.5        152.297        1.52297
    3         2            775            0.5        165.403        1.65403
    3         2            831            0.5        178.645        1.78645
    3         2            883            0.5        191.068        1.91068
    3         2            939            0.5         204.59         2.0459
    3         2            991            0.5        217.287        2.17287
    3         2           1043            0.5        230.122        2.30122
    3         2           1095            0.5        243.101        2.43101
    3         2           1147            0.5        256.229        2.56229
    3         2           1199            0.5        269.509        2.69509
    3         3             77            0.5        6.99088      0.0699088
    3         3            161            0.5        21.5207       0.215207
    3         3            245            0.5        35.2224       0.352224
    3         3            335            0.5        49.6295       0.496295
    3         3            425            0.5        63.8264       0.638264
    3         3            515            0.5        77.9038       0.779038
    3         3            605            0.5        91.9185       0.919185
    3         3            695            0.5        105.916        1.05916
    3         3            785            0.5        119.933        1.19933
    3         3            875            0.5        133.998        1.33998
    3         3            959            0.5        147.189        1.47189
    3         3           1049            0.5        161.407        1.61407
    3         3           1139            0.5        175.733        1.75733
    3         3           1223            0.5         189.21         1.8921
    3         3           1313            0.5        203.775        2.03775
    3         3           1397            0.5        217.498        2.17498
    3         3           1481            0.5        231.352        2.31352
    3         3           1565            0.5        245.343        2.45343
    3         3           1649            0.5        259.479        2.59479
    3         3           1733            0.5        273.766        2.73766
    3         3           1811            0.5        287.173        2.87173
    4         0            115            0.5        6.85736      0.0685736
    4         0            199            0.5        19.5611       0.195611
    4         0            290            0.5        32.0696       0.320696
    4         0            388            0.5        45.3277       0.453277
    4         0            486            0.5        58.3943       0.583943
    4         0            584            0.5        71.3336       0.713336
    4         0            682            0.5        84.1779       0.841779
    4         0            787            0.5        97.8694       0.978694
    4         0            885            0.5        110.613        1.10613
    4         0            983            0.5        123.347        1.23347
    4         0           1081            0.5        136.092        1.36092
    4         0           1186            0.5        149.779        1.49779
    4         0           1284            0.5        162.599        1.62599
    4         0           1382            0.5        175.478        1.75478
    4         0           1480            0.5        188.426        1.88426
    4         0           1578            0.5        201.451        2.01451
    4         0           1676            0.5        214.565        2.14565
    4         0           1774            0.5        227.774        2.27774
    4         0           1865            0.5        240.131        2.40131
    4         0           1963            0.5        253.544        2.53544
    4         0           2054            0.5        266.102        2.66102
    4         1             86            0.5        7.61756      0.0761756
    4         1            184            0.5        21.9591       0.219591
    4         1            289            0.5        35.3567       0.353567
    4         1            401            0.5        49.4094       0.494094
    4         1            513            0.5          63.49         0.6349
    4         1            625            0.5        77.6379       0.776379
    4         1            737            0.5        91.8449       0.918449
    4         1            842            0.5        105.215        1.05215
    4         1            954            0.5        119.534        1.19534
    4         1           1066            0.5        133.919        1.33919
    4         1           1171            0.5         147.47         1.4747
    4         1           1276            0.5        161.093        1.61093
    4         1           1388            0.5        175.713        1.75713
    4         1           1493            0.5        189.508        1.89508
    4         1           1598            0.5        203.395        2.03395
    4         1           1703            0.5        217.384        2.17384
    4         1           1808            0.5        231.478        2.31478
    4         1           1913            0.5        245.683        2.45683
    4         1           2011            0.5        259.048        2.59048
    4         1           2116            0.5        273.486        2.73486
    4         1           2214            0.5        287.075        2.87075
    4         2            110            0.5        7.35231      0.0735231
    4         2            194            0.5        20.7757       0.207757
    4         2            284            0.5        33.5701       0.335701
    4         2            380            0.5        46.8435       0.468435
    4         2            476            0.5        59.9884       0.599884
    4         2            566            0.5        72.2884       0.722884
    4         2            662            0.5        85.4074       0.854074
    4         2            758            0.5        98.5405       0.985405
    4         2            854            0.5        111.701        1.11701
    4         2            950            0.5        124.902        1.24902
    4         2           1040            0.5        137.323        1.37323
    4         2           1136            0.5        150.632        1.50632
    4         2           1226            0.5        163.174        1.63174
    4         2           1322            0.5        176.631        1.76631
    4         2           1412            0.5        189.327        1.89327
    4         2           1508            0.5        202.963        2.02963
    4         2           1598            0.5        215.844        2.15844
    4         2           1688            0.5        228.821        2.28821
    4         2           1778            0.5        241.901        2.41901
    4         2           1862            0.5        254.208        2.54208
    4         3            105            0.5        7.62092      0.0762092
    4         3            183            0.5        19.9212       0.199212
    4         3            267            0.5        31.8507       0.318507
    4         3            351            0.5        43.5024       0.435024
    4         3            441            0.5        55.8115       0.558115
    4         3            525            0.5        67.2229       0.672229
    4         3            615            0.5        79.3987       0.793987
    4         3            705            0.5        91.5449       0.915449
    4         3            795            0.5        103.682        1.03682
    4         3            885            0.5        115.827        1.15827
    4         3            975            0.5        127.996        1.27996
    4         3           1059            0.5        139.386        1.39386
    4         3           1149            0.5        151.636        1.51636
    4         3           1239            0.5        163.944        1.63944
    4         3           1323            0.5        175.493        1.75493
    4         3           1413            0.5        187.941        1.87941
    4         3           1497            0.5        199.632        1.99632
    4         3           1581            0.5        211.403        2.11403
    4         3           1665            0.5        223.257        2.23257
    4         3           1749            0.5        235.199        2.35199
    4         3           1833            0.5        247.233        2.47233
    5         0             91            0.5        7.00651      0.0700651
    5         0            182            0.5        20.2902       0.202902
    5         0            280            0.5        33.7401       0.337401
    5         0            378            0.5         46.987        0.46987
    5         0            469            0.5        59.1285       0.591285
    5         0            567            0.5        72.0954       0.720954
    5         0            672            0.5        85.8983       0.858983
    5         0            770            0.5        98.7278       0.987278
    5         0            868            0.5        111.533        1.11533
    5         0            966            0.5        124.334        1.24334
    5         0           1064            0.5        137.152        1.37152
    5         0           1169            0.5        150.921        1.50921
    5         0           1267            0.5        163.819        1.63819
    5         0           1365            0.5        176.778        1.76778
    5         0           1463            0.5        189.807        1.89807
    5         0           1561            0.5        202.914        2.02914
    5         0           1652            0.5        215.164        2.15164
    5         0           1750            0.5        228.448        2.28448
    5         0           1848            0.5        241.833        2.41833
    5         0           1939            0.5        254.359        2.54359
    5         0           2037            0.5        267.959        2.67959
    5         0           2128            0.5        280.694        2.80694
    5         1             95            0.5        6.45981      0.0645981
    5         1            207            0.5        20.7755       0.207755
    5         1            327            0.5        34.9071       0.349071
    5         1            447            0.5        48.3866       0.483866
    5         1            575            0.5        62.3934       0.623934
    5         1            703            0.5        76.2471       0.762471
    5         1            839            0.5        90.9263       0.909263
    5         1            967            0.5        104.776        1.04776
    5         1           1095            0.5        118.704        1.18704
    5         1           1223            0.5         132.74         1.3274
    5         1           1351            0.5        146.907        1.46907
    5         1           1471            0.5        160.323        1.60323
    5         1           1599            0.5         174.79         1.7479
    5         1           1719            0.5         188.51         1.8851
    5         1           1839            0.5         202.39         2.0239
    5         1           1959            0.5        216.441        2.16441
    5         1           2079            0.5        230.666        2.30666
    5         1           2191            0.5        244.106        2.44106
    5         1           2311            0.5        258.689        2.58689
    5         1           2423            0.5        272.473        2.72473
    5         1           2535            0.5        286.431        2.86431
    5         2             87            0.5        7.40188      0.0740188
    5         2            185            0.5        19.6347       0.196347
    5         2            290            0.5        31.7924       0.317924
    5         2            395            0.5         43.823        0.43823
    5         2            500            0.5        55.6878       0.556878
    5         2            605            0.5        67.4281       0.674281
    5         2            717            0.5        79.8385       0.798385
    5         2            822            0.5        91.3929       0.913929
    5         2            934            0.5        103.659        1.03659
    5         2           1046            0.5        115.891        1.15891
    5         2           1151            0.5        127.345        1.27345
    5         2           1263            0.5         139.57         1.3957
    5         2           1375            0.5        151.816        1.51816
    5         2           1480            0.5         163.33         1.6333
    5         2           1592            0.5         175.66         1.7566
    5         2           1697            0.5        187.273        1.87273
    5         2           1809            0.5        199.728        1.99728
    5         2           1914            0.5        211.476        2.11476
    5         2           2019            0.5          223.3          2.233
    5         2           2124            0.5        235.206        2.35206
    5         2           2229            0.5        247.199        2.47199
    5         3            112            0.5        6.63294      0.0663294
    5         3            255            0.5         18.541        0.18541
    5         3            409            0.5        30.3669       0.303669
    5         3            574            0.5        42.7877       0.427877
    5         3            739            0.5        54.9221       0.549221
    5         3            904            0.5        66.8616       0.668616
    5         3           1069            0.5        78.6596       0.786596
    5         3           1234            0.5        90.3606       0.903606
    5         3           1410            0.5        102.776        1.02776
    5         3           1575            0.5        114.386        1.14386
    5         3           1751            0.5        126.764        1.26764
    5         3           1916            0.5        138.385        1.38385
    5         3           2092            0.5        150.815        1.50815
    5         3           2257            0.5        162.515        1.62515
    5         3           2422            0.5        174.273        1.74273
    5         3           2598            0.5        186.889        1.86889
    5         3           2763            0.5        198.794        1.98794
    5         3           2928            0.5        210.783        2.10783
    5         3           3093            0.5        222.861        2.22861
    5         3           3247            0.5        234.221        2.34221
    5         3           3412            0.5         246.49         2.4649
    6         0             77            0.5         7.9788       0.079788
    6         0            149            0.5        19.6906       0.196906
    6         0            233            0.5         31.868        0.31868
    6         0            317            0.5        43.6864       0.436864
    6         0            401            0.5        55.2898       0.552898
    6         0            491            0.5         67.601        0.67601
    6         0            581            0.5        79.8397       0.798397
    6         0            665            0.5          91.23         0.9123
    6         0            755            0.5        103.427        1.03427
    6         0            845            0.5         115.64         1.1564
    6         0            935            0.5        127.887        1.27887
    6         0           1019            0.5        139.363        1.39363
    6         0           1109            0.5        151.719        1.51719
    6         0           1193            0.5        163.318        1.63318
    6         0           1283            0.5        175.828        1.75828
    6         0           1367            0.5        187.586        1.87586
    6         0           1451            0.5        199.429        1.99429
    6         0           1535            0.5        211.366        2.11366
    6         0           1619            0.5        223.399        2.23399
    6         0           1703            0.5        235.534        2.35534
    6         0           1787            0.5        247.775        2.47775
    6         1             83            0.5        8.27987      0.0827987
    6         1            167            0.5        20.4281       0.204281
    6         1            257            0.5          32.75         0.3275
    6         1            341            0.5        44.2141       0.442141
    6         1            431            0.5        56.4134       0.564134
    6         1            521            0.5        68.5564       0.685564
    6         1            611            0.5        80.6552       0.806552
    6         1            701            0.5        92.7259       0.927259
    6         1            791            0.5        104.786        1.04786
    6         1            881            0.5        116.854        1.16854
    6         1            971            0.5        128.942        1.28942
    6         1           1055            0.5        140.257        1.40257
    6         1           1145            0.5        152.425        1.52425
    6         1           1235            0.5         164.65         1.6465
    6         1           1325            0.5        176.942        1.76942
    6         1           1409            0.5        188.483        1.88483
    6         1           1499            0.5        200.926        2.00926
    6         1           1583            0.5        212.623        2.12623
    6         1           1667            0.5        224.401        2.24401
    6         1           1751            0.5        236.268        2.36268
    6         1           1835            0.5        248.227        2.48227
    6         1           1919            0.5        260.283        2.60283
    6         2             88            0.5        7.41748      0.0741748
    6         2            160            0.5        18.5701       0.185701
    6         2            236            0.5        29.4583       0.294583
    6         2            320            0.5        40.8518       0.408518
    6         2            404            0.5        51.8159       0.518159
    6         2            488            0.5        62.6114       0.626114
    6         2            576            0.5        73.8662       0.738662
    6         2            660            0.5        84.6312       0.846312
    6         2            748            0.5        95.9822       0.959822
    6         2            832            0.5        106.919        1.06919
    6         2            916            0.5        117.978        1.17978
    6         2            996            0.5        128.636        1.28636
    6         2           1080            0.5        139.972        1.39972
    6         2           1160            0.5        150.914        1.50914
    6         2           1236            0.5        161.447        1.61447
    6         2           1316            0.5        172.686        1.72686
    6         2           1392            0.5        183.511        1.83511
    6         2           1468            0.5        194.483        1.94483
    6         2           1544            0.5        205.605        2.05605
    6         2           1620            0.5        216.882        2.16882
    6         2           1692            0.5         227.71         2.2771
    6         3             94            0.5        7.58765      0.0758765
    6         3            166            0.5        19.3527       0.193527
    6         3            250            0.5          31.36         0.3136
    6         3            340            0.5        43.9539       0.439539
    6         3            424            0.5        55.6201       0.556201
    6         3            508            0.5        67.2552       0.672552
    6         3            598            0.5        79.6916       0.796916
    6         3            682            0.5        91.2759       0.912759
    6         3            772            0.5        103.672        1.03672
    6         3            856            0.5        115.239        1.15239
    6         3            946            0.5        127.638        1.27638
    6         3           1030            0.5        139.227        1.39227
    6         3           1120            0.5        151.671        1.51671
    6         3           1204            0.5        163.321        1.63321
    6         3           1294            0.5         175.85         1.7585
    6         3           1378            0.5        187.594        1.87594
    6         3           1462            0.5        199.393        1.99393
    6         3           1546            0.5        211.254        2.11254
    6         3           1630            0.5        223.182        2.23182
    6         3           1714            0.5        235.181        2.35181
    6         3           1798            0.5        247.256        2.47256
    7         0             98            0.5        7.08101      0.0708101
    7         0            170            0.5        18.3251       0.183251
    7         0            248            0.5        29.4955       0.294955
    7         0            326            0.5        40.3499       0.403499
    7         0            410            0.5        51.7303       0.517303
    7         0            494            0.5        62.9462       0.629462
    7         0            572            0.5        73.2627       0.732627
    7         0            656            0.5        84.3036       0.843036
    7         0            740            0.5           95.3          0.953
    7         0            824            0.5        106.273        1.06273
    7         0            908            0.5        117.241        1.17241
    7         0            998            0.5        128.999        1.28999
    7         0           1082            0.5        139.994        1.39994
    7         0           1160            0.5        150.229        1.50229
    7         0           1244            0.5        161.286        1.61286
    7         0           1328            0.5        172.389        1.72389
    7         0           1412            0.5        183.544        1.83544
    7         0           1496            0.5        194.754        1.94754
    7         0           1574            0.5         205.22         2.0522
    7         0           1658            0.5        216.558        2.16558
    7         0           1742            0.5        227.967        2.27967
    7         1             97            0.5        7.41504      0.0741504
    7         1            169            0.5        18.3717       0.183717
    7         1            253            0.5        29.4082       0.294082
    7         1            343            0.5        40.8084       0.408084
    7         1            427            0.5        51.2913       0.512913
    7         1            517            0.5        62.4965       0.624965
    7         1            607            0.5        73.6982       0.736982
    7         1            697            0.5        84.9084       0.849084
    7         1            781            0.5         95.387        0.95387
    7         1            871            0.5        106.639        1.06639
    7         1            961            0.5        117.925        1.17925
    7         1           1045            0.5        128.495        1.28495
    7         1           1135            0.5        139.866        1.39866
    7         1           1219            0.5        150.529        1.50529
    7         1           1303            0.5        161.243        1.61243
    7         1           1393            0.5        172.789        1.72789
    7         1           1477            0.5        183.629        1.83629
    7         1           1561            0.5        194.535        1.94535
    7         1           1645            0.5        205.513        2.05513
    7         1           1729            0.5        216.566        2.16566
    7         1           1813            0.5        227.696        2.27696
    7         2            117            0.5        7.87925      0.0787925
    7         2            182            0.5        17.6654       0.176654
    7         2            257            0.5        27.8282       0.278282
    7         2            332            0.5        37.6312       0.376312
    7         2            412            0.5        47.8001       0.478001
    7         2            492            0.5        57.8065       0.578065
    7         2            572            0.5        67.7134       0.677134
    7         2            652            0.5        77.5588       0.775588
    7         2            737            0.5        87.9826       0.879826
    7         2            817            0.5        97.7804       0.977804
    7         2            897            0.5        107.583        1.07583
    7         2            977            0.5        117.403        1.17403
    7         2           1062            0.5        127.868        1.27868
    7         2           1142            0.5        137.755        1.37755
    7         2           1222            0.5        147.689        1.47689
    7         2           1302            0.5        157.673        1.57673
    7         2           1382            0.5        167.715        1.67715
    7         2           1462            0.5         177.82         1.7782
    7         2           1542            0.5        187.992        1.87992
    7         2           1617            0.5        197.592        1.97592
    7         3             86            0.5        7.87051      0.0787051
    7         3            158            0.5        18.4929       0.184929
    7         3            236            0.5        29.3646       0.293646
    7         3            320            0.5        40.9211       0.409211
    7         3            398            0.5        51.4936       0.514936
    7         3            482            0.5        62.8067       0.628067
    7         3            560            0.5        73.2648       0.732648
    7         3            644            0.5        84.4932       0.844932
    7         3            728            0.5        95.6987       0.956987
    7         3            812            0.5        106.892        1.06892
    7         3            890            0.5        117.283        1.17283
    7         3            974            0.5        128.477        1.28477
    7         3           1058            0.5        139.683        1.39683
    7         3           1142            0.5        150.907        1.50907
    7         3           1220            0.5        161.351        1.61351
    7         3           1304            0.5         172.63         1.7263
    7         3           1388            0.5        183.945        1.83945
    7         3           1466            0.5        194.488        1.94488
    7         3           1550            0.5        205.887        2.05887
    7         3           1628            0.5        216.518        2.16518
    7         3           1706            0.5        227.195        2.27195
    8         0            107            0.5        7.12893      0.0712893
    8         0            179            0.5        17.5959       0.175959
    8         0            257            0.5        27.7574       0.277574
    8         0            335            0.5        37.5309       0.375309
    8         0            419            0.5        47.7632       0.477632
    8         0            503            0.5        57.8437       0.578437
    8         0            587            0.5        67.8466       0.678466
    8         0            671            0.5        77.8142       0.778142
    8         0            755            0.5        87.7756       0.877756
    8         0            839            0.5        97.7519       0.977519
    8         0            923            0.5         107.76         1.0776
    8         0           1007            0.5        117.811        1.17811
    8         0           1091            0.5        127.916        1.27916
    8         0           1169            0.5        137.354        1.37354
    8         0           1253            0.5        147.584        1.47584
    8         0           1337            0.5        157.887        1.57887
    8         0           1415            0.5        167.525        1.67525
    8         0           1499            0.5        177.984        1.77984
    8         0           1577            0.5        187.774        1.87774
    8         0           1655            0.5        197.641        1.97641
    8         0           1733            0.5        207.588        2.07588
    8         1            131            0.5        6.39753      0.0639753
    8         1            203            0.5        16.9187       0.169187
    8         1            275            0.5        26.4954       0.264954
    8         1            359            0.5        36.9149       0.369149
    8         1            443            0.5        46.7767       0.467767
    8         1            527            0.5        56.3524       0.563524
    8         1            617            0.5        66.4718       0.664718
    8         1            707            0.5        76.5446       0.765446
    8         1            797            0.5        86.6271       0.866271
    8         1            887            0.5        96.7516       0.967516
    8         1            977            0.5        106.938        1.06938
    8         1           1061            0.5        116.511        1.16511
    8         1           1151            0.5        126.846        1.26846
    8         1           1235            0.5         136.57         1.3657
    8         1           1319            0.5        146.373        1.46373
    8         1           1409            0.5        156.967        1.56967
    8         1           1493            0.5        166.942        1.66942
    8         1           1571            0.5        176.282        1.76282
    8         1           1655            0.5        186.425        1.86425
    8         1           1739            0.5        196.658        1.96658
    8         2            110            0.5         6.2716       0.062716
    8         2            165            0.5        14.8669       0.148669
    8         2            220            0.5        22.4652       0.224652
    8         2            280            0.5        30.5136       0.305136
    8         2            340            0.5        38.4563       0.384563
    8         2            405            0.5        46.8944       0.468944
    8         2            465            0.5        54.5863       0.545863
    8         2            530            0.5        62.8291       0.628291
    8         2            595            0.5        70.9921       0.709921
    8         2            655            0.5        78.4682       0.784682
    8         2            720            0.5        86.5149       0.865149
    8         2            785            0.5        94.5181       0.945181
    8         2            850            0.5        102.488        1.02488
    8         2            915            0.5        110.433        1.10433
    8         2            985            0.5        118.971        1.18971
    8         2           1050            0.5        126.889        1.26889
    8         2           1115            0.5        134.804        1.34804
    8         2           1180            0.5        142.721        1.42721
    8         2           1245            0.5        150.644        1.50644
    8         2           1310            0.5        158.578        1.58578
    8         2           1375            0.5        166.528        1.66528
    8         2           1440            0.5        174.497        1.74497
    8         3            117            0.5        8.43598      0.0843598
    8         3            173            0.5        17.4386       0.174386
    8         3            233            0.5        26.5518       0.265518
    8         3            293            0.5        35.4815       0.354815
    8         3            357            0.5        44.8193       0.448193
    8         3            417            0.5        53.4395       0.534395
    8         3            481            0.5        62.5375       0.625375
    8         3            545            0.5        71.5582       0.715582
    8         3            609            0.5        80.5177       0.805177
    8         3            677            0.5        89.9844       0.899844
    8         3            741            0.5        98.8552       0.988552
    8         3            805            0.5        107.698        1.07698
    8         3            869            0.5        116.519        1.16519
    8         3            937            0.5        125.875        1.25875
    8         3           1001            0.5        134.671        1.34671
    8         3           1065            0.5        143.465        1.43465
    8         3           1133            0.5        152.809        1.52809
    8         3           1197            0.5         161.61         1.6161
    8         3           1265            0.5        170.973        1.70973
    8         3           1329            0.5        179.798        1.79798
    8         3           1393            0.5        188.641        1.88641
    9         0            115            0.5        7.31712      0.0731712
    9         0            185            0.5        17.6385       0.176385
    9         0            260            0.5        27.7593       0.277593
    9         0            335            0.5        37.6282       0.376282
    9         0            415            0.5        47.9084       0.479084
    9         0            490            0.5         57.409        0.57409
    9         0            570            0.5        67.4419       0.674419
    9         0            650            0.5         77.396        0.77396
    9         0            735            0.5        87.9072       0.879072
    9         0            815            0.5         97.754        0.97754
    9         0            895            0.5        107.569        1.07569
    9         0            980            0.5        117.972        1.17972
    9         0           1060            0.5         127.75         1.2775
    9         0           1140            0.5        137.521        1.37521
    9         0           1225            0.5        147.905        1.47905
    9         0           1305            0.5        157.684        1.57684
    9         0           1385            0.5        167.476        1.67476
    9         0           1470            0.5        177.901        1.77901
    9         0           1550            0.5        187.736        1.87736
    9         0           1630            0.5        197.596        1.97596
    9         1            104            0.5        8.23165      0.0823165
    9         1            176            0.5         18.804        0.18804
    9         1            248            0.5        28.6819       0.286819
    9         1            320            0.5        38.3818       0.383818
    9         1            398            0.5        48.6828       0.486828
    9         1            476            0.5          58.87         0.5887
    9         1            554            0.5        68.9742       0.689742
    9         1            626            0.5         78.243        0.78243
    9         1            704            0.5        88.2335       0.882335
    9         1            788            0.5        98.9453       0.989453
    9         1            866            0.5        108.858        1.08858
    9         1            944            0.5        118.745        1.18745
    9         1           1022            0.5        128.613        1.28613
    9         1           1100            0.5         138.47         1.3847
    9         1           1178            0.5         148.32         1.4832
    9         1           1262            0.5        158.926        1.58926
    9         1           1340            0.5        168.779        1.68779
    9         1           1418            0.5        178.642        1.78642
    9         1           1496            0.5        188.517        1.88517
    9         1           1574            0.5        198.409        1.98409
    9         1           1652            0.5        208.322        2.08322
    9         1           1730            0.5         218.26         2.1826
    9         2            127            0.5        8.40082      0.0840082
    9         2            205            0.5        18.9356       0.189356
    9         2            283            0.5        28.8138       0.288138
    9         2            361            0.5        38.5537       0.385537
    9         2            445            0.5        48.8753       0.488753
    9         2            523            0.5        58.3921       0.583921
    9         2            607            0.5         68.593        0.68593
    9         2            691            0.5        78.7587       0.787587
    9         2            775            0.5        88.8997       0.888997
    9         2            853            0.5        98.3014       0.983014
    9         2            937            0.5        108.417        1.08417
    9         2           1021            0.5        118.529        1.18529
    9         2           1105            0.5        128.642        1.28642
    9         2           1189            0.5        138.762        1.38762
    9         2           1273            0.5        148.893        1.48893
    9         2           1351            0.5        158.315        1.58315
    9         2           1435            0.5        168.482        1.68482
    9         2           1519            0.5        178.673        1.78673
    9         2           1603            0.5        188.892        1.88892
    9         2           1681            0.5        198.408        1.98408
    9         2           1765            0.5        208.692        2.08692
    9         2           1843            0.5        218.275        2.18275
    9         3            116            0.5         7.4663       0.074663
    9         3            176            0.5        16.6694       0.166694
    9         3            241            0.5        25.7103       0.257103
    9         3            306            0.5        34.4854       0.344854
    9         3            376            0.5        43.7262       0.437262
    9         3            446            0.5        52.8043       0.528043
    9         3            516            0.5        61.7804       0.617804
    9         3            586            0.5        70.6817       0.706817
    9         3            656            0.5        79.5257       0.795257
    9         3            731            0.5        88.9528       0.889528
    9         3            801            0.5        97.7169       0.977169
    9         3            871            0.5        106.457        1.06457
    9         3            946            0.5        115.802        1.15802
    9         3           1016            0.5        124.513        1.24513
    9         3           1091            0.5         133.84         1.3384
    9         3           1161            0.5        142.545        1.42545
    9         3           1236            0.5        151.877        1.51877
    9         3           1306            0.5        160.595        1.60595
    9         3           1381            0.5        169.951        1.69951
    9         3           1451            0.5          178.7          1.787
   10         0            107            0.5        5.22519      0.0522519
   10         0            179            0.5        14.8949       0.148949
   10         0            251            0.5        23.5806       0.235806
   10         0            329            0.5        32.7785       0.327785
   10         0            407            0.5        41.8101       0.418101
   10         0            485            0.5        50.6457       0.506457
   10         0            563            0.5        59.3429       0.593429
   10         0            647            0.5        68.5803       0.685803
   10         0            731            0.5          77.71         0.7771
   10         0            815            0.5        86.7552       0.867552
   10         0            899            0.5        95.7358       0.957358
   10         0            983            0.5        104.669        1.04669
   10         0           1067            0.5        113.569        1.13569
   10         0           1151            0.5        122.448        1.22448
   10         0           1241            0.5        131.949        1.31949
   10         0           1325            0.5        140.816        1.40816
   10         0           1409            0.5        149.689        1.49689
   10         0           1493            0.5        158.575        1.58575
   10         0           1577            0.5        167.481        1.67481
   10         0           1661            0.5        176.412        1.76412
   10         0           1745            0.5        185.372        1.85372
   10         0           1829            0.5        194.365        1.94365
   10         1            112            0.5         6.3703       0.063703
   10         1            182            0.5        15.9742       0.159742
   10         1            252            0.5        24.7645       0.247645
   10         1            327            0.5        33.9664       0.339664
   10         1            397            0.5        42.4087       0.424087
   10         1            477            0.5           51.9          0.519
   10         1            552            0.5        60.7046       0.607046
   10         1            627            0.5        69.4376       0.694376
   10         1            707            0.5        78.6883       0.786883
   10         1            787            0.5        87.8837       0.878837
   10         1            862            0.5        96.4629       0.964629
   10         1            942            0.5        105.578        1.05578
   10         1           1022            0.5        114.662        1.14662
   10         1           1102            0.5        123.722        1.23722
   10         1           1182            0.5        132.764        1.32764
   10         1           1262            0.5        141.793        1.41793
   10         1           1342            0.5        150.814        1.50814
   10         1           1422            0.5         159.83         1.5983
   10         1           1502            0.5        168.848        1.68848
   10         1           1582            0.5         177.87         1.7787
   10         1           1662            0.5        186.901        1.86901
   10         2            131            0.5        5.72524      0.0572524
   10         2            203            0.5        14.8401       0.148401
   10         2            275            0.5        23.6249       0.236249
   10         2            353            0.5        32.8471       0.328471
   10         2            431            0.5        41.7932       0.417932
   10         2            509            0.5        50.4888       0.504888
   10         2            593            0.5        59.6838       0.596838
   10         2            677            0.5        68.7596       0.687596
   10         2            761            0.5        77.7587       0.777587
   10         2            845            0.5        86.7123       0.867123
   10         2            929            0.5        95.6442       0.956442
   10         2           1013            0.5        104.573        1.04573
   10         2           1097            0.5        113.512        1.13512
   10         2           1181            0.5        122.474        1.22474
   10         2           1265            0.5        131.467        1.31467
   10         2           1349            0.5        140.499        1.40499
   10         2           1433            0.5        149.576        1.49576
   10         2           1517            0.5        158.704        1.58704
   10         2           1601            0.5        167.889        1.67889
   10         2           1679            0.5        176.471        1.76471
   10         2           1763            0.5        185.775        1.85775
   10         3            112            0.5        7.61432      0.0761432
   10         3            167            0.5        15.6804       0.156804
   10         3            222            0.5        23.4808       0.234808
   10         3            282            0.5        31.7688       0.317688
   10         3            342            0.5        39.8618       0.398618
   10         3            402            0.5        47.7314       0.477314
   10         3            462            0.5        55.4623       0.554623
   10         3            527            0.5        63.7122       0.637122
   10         3            592            0.5        71.8592       0.718592
   10         3            657            0.5         79.925        0.79925
   10         3            722            0.5        87.9271       0.879271
   10         3            787            0.5        95.8795       0.958795
   10         3            852            0.5        103.794        1.03794
   10         3            917            0.5         111.68         1.1168
   10         3            982            0.5        119.546        1.19546
   10         3           1047            0.5        127.398        1.27398
   10         3           1117            0.5        135.847        1.35847
   10         3           1182            0.5        143.691        1.43691
   10         3           1247            0.5        151.537        1.51537
   10         3           1317            0.5        159.995        1.59995
   10         3           1382            0.5        167.861        1.67861
   11         0            136            0.5        7.38722      0.0738722
   11         0            196            0.5         16.366        0.16366
   11         0            261            0.5        25.4085       0.254085
   11         0            331            0.5        34.8356       0.348356
   11         0            396            0.5        43.3733       0.433733
   11         0            466            0.5        52.4061       0.524061
   11         0            541            0.5        61.9895       0.619895
   11         0            611            0.5        70.8917       0.708917
   11         0            681            0.5        79.7829       0.797829
   11         0            751            0.5        88.6844       0.886844
   11         0            821            0.5        97.6121       0.976121
   11         0            891            0.5        106.578        1.06578
   11         0            961            0.5        115.593        1.15593
   11         0           1031            0.5        124.662        1.24662
   11         0           1101            0.5        133.793        1.33793
   11         0           1171            0.5        142.991        1.42991
   11         0           1236            0.5        151.594        1.51594
   11         0           1306            0.5        160.931        1.60931
   11         0           1371            0.5         169.67         1.6967
   11         0           1436            0.5        178.478        1.78478
   11         0           1501            0.5        187.357        1.87357
   11         1            120            0.5        7.83127      0.0783127
   11         1            180            0.5        16.9739       0.169739
   11         1            240            0.5        25.9353       0.259353
   11         1            300            0.5        34.6616       0.346616
   11         1            364            0.5        43.6739       0.436739
   11         1            432            0.5        52.9927       0.529927
   11         1            496            0.5        61.6316       0.616316
   11         1            564            0.5        70.7492       0.707492
   11         1            632            0.5          79.86         0.7986
   11         1            696            0.5        88.4632       0.884632
   11         1            764            0.5        97.6582       0.976582
   11         1            832            0.5        106.925        1.06925
   11         1            896            0.5        115.722        1.15722
   11         1            960            0.5        124.597        1.24597
   11         1           1024            0.5        133.554        1.33554
   11         1           1088            0.5        142.594        1.42594
   11         1           1152            0.5        151.721        1.51721
   11         1           1216            0.5        160.933        1.60933
   11         1           1276            0.5        169.651        1.69651
   11         1           1336            0.5        178.446        1.78446
   11         1           1400            0.5        187.913        1.87913
   11         2            141            0.5         7.9401       0.079401
   11         2            196            0.5          14.88         0.1488
   11         2            256            0.5         21.959        0.21959
   11         2            316            0.5        28.8981       0.288981
   11         2            376            0.5        35.7606       0.357606
   11         2            436            0.5        42.5303       0.425303
   11         2            501            0.5        49.7753       0.497753
   11         2            566            0.5        56.9579       0.569579
   11         2            626            0.5        63.5421       0.635421
   11         2            691            0.5        70.6323       0.706323
   11         2            756            0.5        77.6836       0.776836
   11         2            821            0.5        84.7008       0.847008
   11         2            886            0.5        91.6884       0.916884
   11         2            951            0.5        98.6499       0.986499
   11         2           1016            0.5        105.589        1.05589
   11         2           1081            0.5        112.509        1.12509
   11         2           1151            0.5        119.943        1.19943
   11         2           1216            0.5        126.831        1.26831
   11         2           1281            0.5        133.708        1.33708
   11         2           1346            0.5        140.577        1.40577
   11         2           1416            0.5        147.966        1.47966
   11         2           1481            0.5        154.823        1.54823
   11         3            107            0.5         7.2876       0.072876
   11         3            167            0.5        15.6285       0.156285
   11         3            227            0.5         23.541        0.23541
   11         3            292            0.5        31.9303       0.319303
   11         3            352            0.5        39.5349       0.395349
   11         3            417            0.5        47.5761       0.475761
   11         3            482            0.5         55.489        0.55489
   11         3            552            0.5        63.8888       0.638888
   11         3            617            0.5        71.5927       0.715927
   11         3            687            0.5        79.8014       0.798014
   11         3            757            0.5        87.9322       0.879322
   11         3            827            0.5        95.9967       0.959967
   11         3            892            0.5        103.435        1.03435
   11         3            967            0.5        111.966        1.11966
   11         3           1037            0.5        119.886        1.19886
   11         3           1107            0.5        127.773        1.27773
   11         3           1177            0.5        135.632        1.35632
   11         3           1247            0.5        143.469        1.43469
   11         3           1322            0.5        151.846        1.51846
   11         3           1392            0.5         159.65         1.5965
   11         3           1462            0.5        167.446        1.67446
