 *tel    numcsi   CsIInVoltage     errCsIInVoltage           CsIE       errCsIE
    0         0      0.0344648    0.000344648        5.93318      0.0593318
    0         0       0.139129     0.00139129        20.3784       0.203784
    0         0       0.237345     0.00237345        35.5652       0.355652
    0         0       0.329021     0.00329021        50.5023       0.505023
    0         0        0.42164      0.0042164        65.8756       0.658756
    0         0       0.509055     0.00509055        80.6324       0.806324
    0         0       0.595338     0.00595338        95.7087       0.957087
    0         0       0.676032     0.00676032        110.067        1.10067
    0         0       0.763608     0.00763608        125.764        1.25764
    0         0       0.843788     0.00843788        140.714        1.40714
    0         0       0.926476     0.00926476        155.961        1.55961
    0         0        1.00197      0.0100197        170.396        1.70396
    0         0        1.07965      0.0107965        185.101        1.85101
    0         0        1.15726      0.0115726         200.09         2.0009
    0         0        1.23604      0.0123604        215.368        2.15368
    0         0        1.31776      0.0131776        230.947        2.30947
    0         0        1.39274      0.0139274        245.602        2.45602
    0         0        1.46907      0.0146907        260.532        2.60532
    0         0        1.54656      0.0154656        275.742        2.75742
    0         0         1.6186       0.016186        289.938        2.89938
    0         0        1.69745      0.0169745        305.712        3.05712
    0         1      0.0253888    0.000253888        4.27278      0.0427278
    0         1       0.130516     0.00130516        19.1313       0.191313
    0         1       0.231112     0.00231112         34.867        0.34867
    0         1       0.321806     0.00321806         49.158        0.49158
    0         1       0.417875     0.00417875        64.7494       0.647494
    0         1       0.508031     0.00508031        79.6726       0.796726
    0         1       0.599325     0.00599325        94.8934       0.948934
    0         1       0.683455     0.00683455        109.376        1.09376
    0         1       0.768122     0.00768122        124.136        1.24136
    0         1       0.852601     0.00852601        139.187        1.39187
    0         1       0.937717     0.00937717         154.54         1.5454
    0         1        1.01718      0.0101718        169.081        1.69081
    0         1         1.0978       0.010978        183.905        1.83905
    0         1        1.17954      0.0117954        199.027        1.99027
    0         1        1.26246      0.0126246        214.456        2.14456
    0         1        1.34095      0.0134095        228.984        2.28984
    0         1        1.42034      0.0142034        243.794        2.43794
    0         1            1.5          0.015        258.902        2.58902
    0         1        1.58081      0.0158081        274.315        2.74315
    0         1        1.65595      0.0165595        288.719        2.88719
    0         1        1.73942      0.0173942        304.751        3.04751
    0         2      0.0385901    0.000385901         5.8974       0.058974
    0         2       0.142244     0.00142244        20.4332       0.204332
    0         2       0.245439     0.00245439        35.6149       0.356149
    0         2        0.34197      0.0034197        50.2941       0.502941
    0         2       0.438675     0.00438675        65.3078       0.653078
    0         2       0.535558     0.00535558         80.653        0.80653
    0         2       0.626473     0.00626473        95.3522       0.953522
    0         2       0.718268     0.00718268         110.37         1.1037
    0         2       0.808611     0.00808611        125.727        1.25727
    0         2       0.893504     0.00893504        140.383        1.40383
    0         2       0.980286     0.00980286        155.367        1.55367
    0         2         1.0667       0.010667        170.698        1.70698
    0         2        1.14775      0.0114775        185.259        1.85259
    0         2        1.23182      0.0123182         200.15         2.0015
    0         2        1.31615      0.0131615        215.386        2.15386
    0         2        1.40162      0.0140162        230.982        2.30982
    0         2        1.48176      0.0148176        245.713        2.45713
    0         2        1.56312      0.0156312        260.783        2.60783
    0         2        1.63937      0.0163937        274.903        2.74903
    0         2        1.72174      0.0172174        290.654        2.90654
    0         3      0.0321746    0.000321746        5.41567      0.0541567
    0         3       0.135582     0.00135582        19.3677       0.193677
    0         3        0.23028      0.0023028        33.5234       0.335234
    0         3        0.31955      0.0031955        47.4473       0.474473
    0         3        0.41037      0.0041037        61.7622       0.617622
    0         3       0.495625     0.00495625        75.5963       0.755963
    0         3       0.580417     0.00580417        89.7182       0.897182
    0         3       0.660132     0.00660132        103.269        1.03269
    0         3       0.746159     0.00746159        117.946        1.17946
    0         3       0.820965     0.00820965        131.138        1.31138
    0         3       0.900906     0.00900906        145.468        1.45468
    0         3       0.977967     0.00977967         159.15         1.5915
    0         3        1.05388      0.0105388        173.081        1.73081
    0         3        1.13095      0.0113095        187.267        1.87267
    0         3        1.20989      0.0120989        201.719        2.01719
    0         3         1.2851       0.012851        215.454        2.15454
    0         3        1.36078      0.0136078        229.435        2.29435
    0         3        1.43805      0.0143805        243.669        2.43669
    0         3        1.51017      0.0151017        257.124        2.57124
    0         3        1.58853      0.0158853        271.875        2.71875
    0         3         1.6619       0.016619        285.819        2.85819
    1         0      0.0374951    0.000374951        5.93139      0.0593139
    1         0       0.138592     0.00138592        19.4017       0.194017
    1         0       0.231287     0.00231287        33.3955       0.333955
    1         0       0.324742     0.00324742        47.9268       0.479268
    1         0       0.412683     0.00412683        61.8479       0.618479
    1         0       0.500842     0.00500842        75.9936       0.759936
    1         0       0.582448     0.00582448        89.3766       0.893766
    1         0       0.671096     0.00671096        103.899        1.03899
    1         0       0.752741     0.00752741        117.625        1.17625
    1         0       0.834416     0.00834416        131.514        1.31514
    1         0       0.918087     0.00918087        145.569        1.45569
    1         0        1.00062      0.0100062        159.792        1.59792
    1         0        1.07845      0.0107845        173.153        1.73153
    1         0        1.16443      0.0116443         187.71         1.8771
    1         0        1.24446      0.0124446        201.388        2.01388
    1         0        1.32601      0.0132601        215.222        2.15222
    1         0        1.41034      0.0141034        229.216        2.29216
    1         0        1.49427      0.0149427        243.373        2.43373
    1         0        1.57941      0.0157941        257.699        2.57699
    1         0        1.65887      0.0165887        271.076        2.71076
    1         0        1.74605      0.0174605         285.73         2.8573
    1         1      0.0369808    0.000369808        5.70208      0.0570208
    1         1       0.136689     0.00136689        20.2437       0.202437
    1         1       0.236215     0.00236215        35.2975       0.352975
    1         1       0.334573     0.00334573        50.6685       0.506685
    1         1       0.427687     0.00427687        65.4029       0.654029
    1         1       0.520907     0.00520907        80.4042       0.804042
    1         1       0.614657     0.00614657        95.6897       0.956897
    1         1        0.70128      0.0070128        110.295        1.10295
    1         1       0.789578     0.00789578        125.186        1.25186
    1         1       0.877003     0.00877003        140.381        1.40381
    1         1       0.964947     0.00964947        155.897        1.55897
    1         1         1.0483       0.010483        170.685        1.70685
    1         1        1.13221      0.0113221        185.784        1.85784
    1         1        1.21165      0.0121165        200.098        2.00098
    1         1        1.29869      0.0129869        215.843        2.15843
    1         1        1.38095      0.0138095        230.784        2.30784
    1         1        1.45766      0.0145766        244.862        2.44862
    1         1        1.54231      0.0154231        260.439        2.60439
    1         1        1.62123      0.0162123        275.129        2.75129
    1         1        1.70022      0.0170022        290.127        2.90127
    1         1        1.77959      0.0177959        305.452        3.05452
    1         2      0.0382155    0.000382155        5.66476      0.0566476
    1         2       0.143345     0.00143345        20.2153       0.202153
    1         2       0.245803     0.00245803        35.5349       0.355349
    1         2       0.343795     0.00343795        50.4087       0.504087
    1         2       0.440807     0.00440807        65.6671       0.656671
    1         2       0.531698     0.00531698        80.3129       0.803129
    1         2       0.623332     0.00623332        95.2976       0.952976
    1         2        0.71449      0.0071449        110.635        1.10635
    1         2         0.8001       0.008001        125.286        1.25286
    1         2       0.885226     0.00885226        140.278        1.40278
    1         2       0.971228     0.00971228        155.626        1.55626
    1         2        1.05271      0.0105271        170.216        1.70216
    1         2        1.13383      0.0113383        185.144        1.85144
    1         2        1.21701      0.0121701        200.429        2.00429
    1         2        1.29534      0.0129534        214.868        2.14868
    1         2        1.38135      0.0138135        230.885        2.30885
    1         2        1.45516      0.0145516        244.753        2.44753
    1         2        1.53674      0.0153674        260.231        2.60231
    1         2        1.61237      0.0161237        274.748        2.74748
    1         2         1.6948       0.016948        290.959        2.90959
    1         2        1.76405      0.0176405        304.781        3.04781
    1         3      0.0347221    0.000347221        5.93308      0.0593308
    1         3       0.138668     0.00138668        20.6773       0.206773
    1         3       0.234971     0.00234971        35.4303       0.354303
    1         3       0.331435     0.00331435        50.7133       0.507133
    1         3       0.423538     0.00423538        65.6641       0.656641
    1         3       0.511081     0.00511081        80.2022       0.802022
    1         3       0.603462     0.00603462        95.9486       0.959486
    1         3        0.68546      0.0068546        110.397        1.10397
    1         3        0.76797      0.0076797        125.201        1.25201
    1         3       0.851012     0.00851012        140.376        1.40376
    1         3       0.933735     0.00933735        155.938        1.55938
    1         3        1.01247      0.0101247        170.957        1.70957
    1         3        1.08752      0.0108752        185.378        1.85378
    1         3        1.16276      0.0116276        200.146        2.00146
    1         3        1.23971      0.0123971        215.275        2.15275
    1         3        1.31787      0.0131787         230.78         2.3078
    1         3        1.39104      0.0139104        245.606        2.45606
    1         3        1.46718      0.0146718        260.791        2.60791
    1         3        1.53695      0.0153695        275.223        2.75223
    1         3        1.60774      0.0160774        289.987        2.89987
    1         3         1.6796       0.016796          305.1          3.051
    2         0      0.0463855    0.000463855        6.98264      0.0698264
    2         0       0.140717     0.00140717        20.5605       0.205605
    2         0       0.228212     0.00228212        34.2817       0.342817
    2         0       0.315983     0.00315983          48.35         0.4835
    2         0       0.402845     0.00402845         62.645        0.62645
    2         0       0.485602     0.00485602        76.1592       0.761592
    2         0       0.572876     0.00572876         90.811        0.90811
    2         0       0.654033     0.00654033        104.643        1.04643
    2         0       0.736767     0.00736767        118.627        1.18627
    2         0       0.818097     0.00818097        132.761        1.32761
    2         0       0.895045     0.00895045        146.024        1.46024
    2         0        0.97749      0.0097749        160.453        1.60453
    2         0        1.05445      0.0105445        173.993        1.73993
    2         0        1.13979      0.0113979        188.724        1.88724
    2         0        1.21941      0.0121941        202.546        2.02546
    2         0        1.29995      0.0129995        216.506        2.16506
    2         0        1.38335      0.0138335        230.607        2.30607
    2         0         1.4672       0.014672         244.85         2.4485
    2         0        1.54484      0.0154484        258.126        2.58126
    2         0        1.63013      0.0163013        272.651        2.72651
    2         0        1.71077      0.0171077        286.185        2.86185
    2         1      0.0319755    0.000319755        5.54702      0.0554702
    2         1       0.136796     0.00136796        20.7241       0.207241
    2         1       0.224194     0.00224194        35.2453       0.352453
    2         1       0.311803     0.00311803        50.5488       0.505488
    2         1       0.396059     0.00396059        65.5362       0.655362
    2         1       0.479105     0.00479105        80.9753       0.809753
    2         1       0.557052     0.00557052        95.8959       0.958959
    2         1       0.631559     0.00631559         110.22         1.1022
    2         1       0.709443     0.00709443        125.858        1.25858
    2         1       0.782604     0.00782604         140.86         1.4086
    2         1       0.852243     0.00852243        155.162        1.55162
    2         1       0.925868     0.00925868        170.818        1.70818
    2         1       0.995862     0.00995862        185.744        1.85744
    2         1        1.06582      0.0106582        200.984        2.00984
    2         1        1.13103      0.0113103        215.422        2.15422
    2         1        1.19887      0.0119887        230.143        2.30143
    2         1        1.26608      0.0126608        245.154        2.45154
    2         1        1.33539      0.0133539        260.467        2.60467
    2         1         1.3992       0.013992        274.875        2.74875
    2         1        1.46915      0.0146915        290.785        2.90785
    2         1        1.53526      0.0153526        305.761        3.05761
    2         2      0.0370827    0.000370827        5.56867      0.0556867
    2         2       0.133609     0.00133609        19.1554       0.191554
    2         2       0.228882     0.00228882        33.4654       0.334654
    2         2        0.31898      0.0031898        47.2931       0.472931
    2         2       0.407993     0.00407993        61.4542       0.614542
    2         2       0.497358     0.00497358        75.9176       0.759176
    2         2       0.582249     0.00582249        89.6779       0.896779
    2         2       0.665439     0.00665439        103.687        1.03687
    2         2       0.748569     0.00748569        117.948        1.17948
    2         2       0.827343     0.00827343        131.417        1.31417
    2         2       0.904704     0.00904704         145.11         1.4511
    2         2       0.984534     0.00984534        159.028        1.59028
    2         2        1.06343      0.0106343         173.18         1.7318
    2         2        1.14318      0.0114318        187.569        1.87569
    2         2        1.21911      0.0121911        201.068        2.01068
    2         2        1.30254      0.0130254        215.931        2.15931
    2         2        1.37976      0.0137976        229.878        2.29878
    2         2        1.45224      0.0145224        242.859        2.42859
    2         2        1.53242      0.0153242        257.241        2.57241
    2         2        1.61305      0.0161305        271.858        2.71858
    2         2        1.68807      0.0168807        285.465        2.85465
    2         3      0.0339518    0.000339518        5.45836      0.0545836
    2         3       0.136828     0.00136828        19.8819       0.198819
    2         3       0.224251     0.00224251        33.7076       0.337076
    2         3       0.306028     0.00306028        47.2269       0.472269
    2         3       0.394241     0.00394241        61.8532       0.618532
    2         3       0.476451     0.00476451        75.9075       0.759075
    2         3       0.553491     0.00553491        89.3303       0.893303
    2         3       0.637191     0.00637191        103.792        1.03792
    2         3       0.714397     0.00714397        117.591        1.17591
    2         3       0.791668     0.00791668        131.572        1.31572
    2         3       0.870655     0.00870655        145.735        1.45735
    2         3       0.943367     0.00943367        159.181        1.59181
    2         3        1.02206      0.0102206        173.706        1.73706
    2         3        1.09776      0.0109776        187.495        1.87495
    2         3        1.17304      0.0117304        201.455        2.01455
    2         3        1.25042      0.0125042        215.587        2.15587
    2         3        1.32892      0.0132892        229.894        2.29894
    2         3        1.40279      0.0140279        243.408        2.43408
    2         3         1.4775       0.014775        257.082        2.57082
    2         3        1.56017      0.0156017        271.913        2.71913
    2         3        1.63654      0.0163654         285.92         2.8592
    3         0      0.0397573    0.000397573        5.87426      0.0587426
    3         0        0.12603      0.0012603        17.5252       0.175252
    3         0       0.204175     0.00204175        29.4717       0.294717
    3         0       0.282895     0.00282895        41.7776       0.417776
    3         0       0.358159     0.00358159        53.5809       0.535809
    3         0       0.432857     0.00432857        65.5535       0.655535
    3         0       0.508253     0.00508253        77.6764       0.776764
    3         0       0.583278     0.00583278        89.9413       0.899413
    3         0       0.652875     0.00652875        101.565        1.01565
    3         0       0.723979     0.00723979        113.312        1.13312
    3         0       0.798288     0.00798288        125.974        1.25974
    3         0       0.869743     0.00869743        137.972        1.37972
    3         0       0.935135     0.00935135        149.281        1.49281
    3         0        1.00668      0.0100668        161.518        1.61518
    3         0        1.07865      0.0107865        173.883        1.73883
    3         0        1.14674      0.0114674        185.537        1.85537
    3         0         1.2158       0.012158        197.305        1.97305
    3         0        1.28504      0.0128504        209.188        2.09188
    3         0        1.35702      0.0135702        221.187        2.21187
    3         0        1.42819      0.0142819        233.302        2.33302
    3         0        1.50092      0.0150092        245.538        2.45538
    3         1      0.0388295    0.000388295        5.42662      0.0542662
    3         1       0.123182     0.00123182        16.9549       0.169549
    3         1       0.195774     0.00195774        27.4369       0.274369
    3         1       0.273551     0.00273551        38.9501       0.389501
    3         1       0.341913     0.00341913        49.3178       0.493178
    3         1       0.415022     0.00415022        60.6864       0.606864
    3         1       0.483809     0.00483809        71.5053       0.715053
    3         1       0.551381     0.00551381        82.4989       0.824989
    3         1       0.620833     0.00620833        93.6487       0.936487
    3         1       0.688489     0.00688489        104.939        1.04939
    3         1       0.752549     0.00752549         115.54         1.1554
    3         1       0.815619     0.00815619        126.247        1.26247
    3         1       0.885221     0.00885221        137.889        1.37889
    3         1       0.948724     0.00948724        148.797        1.48797
    3         1        1.01316      0.0101316        159.796        1.59796
    3         1        1.07861      0.0107861        170.884        1.70884
    3         1        1.13863      0.0113863        181.193        1.81193
    3         1        1.20633      0.0120633        192.441        1.92441
    3         1        1.27338      0.0127338        203.772        2.03772
    3         1        1.33717      0.0133717          214.3          2.143
    3         1         1.4064       0.014064        225.782        2.25782
    3         1        1.47065      0.0147065        236.448        2.36448
    3         2      0.0323869    0.000323869        6.44616      0.0644616
    3         2       0.105338     0.00105338        20.7962       0.207962
    3         2       0.168739     0.00168739        34.3577       0.343577
    3         2        0.23409      0.0023409        48.4118       0.484118
    3         2       0.297901     0.00297901        62.9165       0.629165
    3         2       0.355964     0.00355964        76.1707       0.761707
    3         2       0.417036     0.00417036        90.6182       0.906182
    3         2       0.474706     0.00474706        104.558        1.04558
    3         2        0.53176      0.0053176        118.835        1.18835
    3         2       0.586089     0.00586089        132.527        1.32527
    3         2       0.640545     0.00640545        146.524        1.46524
    3         2       0.693905     0.00693905         160.83         1.6083
    3         2       0.744747     0.00744747        174.469        1.74469
    3         2       0.794363     0.00794363        188.389        1.88389
    3         2       0.845553     0.00845553        202.599        2.02599
    3         2       0.892835     0.00892835        216.059        2.16059
    3         2       0.943122     0.00943122        230.848        2.30848
    3         2       0.990959     0.00990959         244.86         2.4486
    3         2        1.03429      0.0103429         258.04         2.5804
    3         2        1.08289      0.0108289        272.593        2.72593
    3         3      0.0352356    0.000352356        5.32528      0.0532528
    3         3       0.131562     0.00131562         18.356        0.18356
    3         3       0.218502     0.00218502        31.5287       0.315287
    3         3       0.300686     0.00300686        44.1448       0.441448
    3         3       0.388751     0.00388751        57.9354       0.579354
    3         3       0.466286     0.00466286         70.099        0.70099
    3         3       0.548343     0.00548343         83.414        0.83414
    3         3       0.630851     0.00630851        96.9544       0.969544
    3         3       0.708064     0.00708064        109.731        1.09731
    3         3        0.78436      0.0078436        122.708        1.22708
    3         3        0.86203      0.0086203        135.888        1.35888
    3         3       0.932642     0.00932642        148.238        1.48238
    3         3         1.0107       0.010107        161.818        1.61818
    3         3        1.08346      0.0108346        174.546        1.74546
    3         3         1.1569       0.011569        187.458        1.87458
    3         3        1.23187      0.0123187        200.561        2.00561
    3         3        1.30709      0.0130709        213.856        2.13856
    3         3        1.37847      0.0137847        226.218        2.26218
    3         3        1.45628      0.0145628        239.894        2.39894
    3         3         1.5279       0.015279        252.612        2.52612
    3         3        1.60099      0.0160099        265.508        2.65508
    3         3        1.67482      0.0167482         278.58         2.7858
    4         0      0.0239988    0.000239988        4.40088      0.0440088
    4         0       0.113472     0.00113472        17.3957       0.173957
    4         0       0.196981     0.00196981        30.7184       0.307184
    4         0       0.276149     0.00276149         43.572        0.43572
    4         0       0.354324     0.00354324        56.6111       0.566111
    4         0       0.433507     0.00433507        69.8121       0.698121
    4         0       0.508058     0.00508058        82.3788       0.823788
    4         0       0.586234     0.00586234        95.8828       0.958828
    4         0       0.660644     0.00660644        108.736        1.08736
    4         0       0.735038     0.00735038        121.732        1.21732
    4         0       0.808992     0.00808992        134.872        1.34872
    4         0       0.878364     0.00878364        147.324        1.47324
    4         0       0.953285     0.00953285         160.75         1.6075
    4         0         1.0229       0.010229        173.475        1.73475
    4         0        1.09392      0.0109392        186.333        1.86333
    4         0          1.166        0.01166         199.33         1.9933
    4         0        1.23917      0.0123917        212.464        2.12464
    4         0        1.31271      0.0131271        225.741        2.25741
    4         0        1.38324      0.0138324         238.26         2.3826
    4         0         1.4588       0.014588        251.815        2.51815
    4         0        1.53044      0.0153044        264.601        2.64601
    4         1       0.025371     0.00025371        4.54903      0.0454903
    4         1       0.113147     0.00113147         16.872        0.16872
    4         1       0.188655     0.00188655        28.6548       0.286548
    4         1       0.262981     0.00262981        40.8576       0.408576
    4         1       0.333379     0.00333379        52.4002       0.524002
    4         1       0.408937     0.00408937        64.9676       0.649676
    4         1       0.479167     0.00479167        76.7234       0.767234
    4         1       0.548224     0.00548224        88.5403       0.885403
    4         1       0.618384     0.00618384        100.406        1.00406
    4         1       0.688451     0.00688451        112.313        1.12313
    4         1       0.758246     0.00758246        124.256        1.24256
    4         1        0.82779      0.0082779        136.232        1.36232
    4         1       0.898065     0.00898065        148.237        1.48237
    4         1       0.968555     0.00968555        160.269        1.60269
    4         1        1.03936      0.0103936         172.33         1.7233
    4         1        1.11015      0.0111015        184.414        1.84414
    4         1         1.1829       0.011829        196.524        1.96524
    4         1        1.25625      0.0125625        208.657        2.08657
    4         1        1.33091      0.0133091        220.814        2.20814
    4         1        1.40683      0.0140683        232.994        2.32994
    4         1        1.47794      0.0147794        244.257        2.44257
    4         2      0.0258594    0.000258594        4.36694      0.0436694
    4         2       0.124772     0.00124772        16.9286       0.169286
    4         2       0.204201     0.00204201        28.2887       0.282887
    4         2       0.290916     0.00290916        40.9286       0.409286
    4         2       0.366073     0.00366073        52.3078       0.523078
    4         2       0.446596     0.00446596        64.7625       0.647625
    4         2       0.521562     0.00521562        76.6042       0.766042
    4         2       0.596751     0.00596751        88.6435       0.886435
    4         2       0.671605     0.00671605        100.876        1.00876
    4         2       0.741581     0.00741581        112.407        1.12407
    4         2       0.811165     0.00811165        124.104        1.24104
    4         2       0.886522     0.00886522        136.889        1.36889
    4         2       0.956788     0.00956788        148.939        1.48939
    4         2        1.02181      0.0102181        160.215        1.60215
    4         2        1.09335      0.0109335        172.601        1.72601
    4         2         1.1594       0.011594        184.194        1.84194
    4         2        1.23307      0.0123307         196.93         1.9693
    4         2        1.30104      0.0130104        208.854        2.08854
    4         2        1.37145      0.0137145         220.94         2.2094
    4         2        1.43502      0.0143502        232.165        2.32165
    4         2        1.50701      0.0150701        244.573        2.44573
    4         3      0.0365524    0.000365524        5.86136      0.0586136
    4         3       0.125328     0.00125328        17.7288       0.177288
    4         3       0.207571     0.00207571        29.8951       0.298951
    4         3       0.283468     0.00283468        41.7077       0.417077
    4         3        0.36042      0.0036042        53.7943       0.537943
    4         3       0.431628     0.00431628        65.2699       0.652699
    4         3       0.508921     0.00508921         77.745        0.77745
    4         3       0.579906     0.00579906        89.5415       0.895415
    4         3       0.651698     0.00651698        101.477        1.01477
    4         3       0.722637     0.00722637        113.547        1.13547
    4         3       0.794519     0.00794519        125.746        1.25746
    4         3        0.86126      0.0086126        137.188        1.37188
    4         3       0.932389     0.00932389        149.632        1.49632
    4         3       0.999919     0.00999919        161.297        1.61297
    4         3        1.07195      0.0107195        173.979        1.73979
    4         3        1.14061      0.0114061        185.863        1.85863
    4         3        1.21044      0.0121044        197.854        1.97854
    4         3         1.2799       0.012799        209.949        2.09949
    4         3        1.34642      0.0134642        221.208        2.21208
    4         3        1.41799      0.0141799        233.505        2.33505
    4         3        1.49144      0.0149144        245.907        2.45907
    4         3        1.55878      0.0155878        257.451        2.57451
*    5         0      0.0352464    0.000352464        5.79532      0.0579532
    5         0       0.125797     0.00125797        18.3435       0.183435
    5         0       0.214227     0.00214227        31.7324       0.317324
    5         0       0.298393     0.00298393        44.6757       0.446757
    5         0       0.381976     0.00381976        57.8263       0.578263
    5         0       0.461308     0.00461308        70.3669       0.703669
    5         0       0.545492     0.00545492        83.8565       0.838565
    5         0        0.62387      0.0062387        96.7076       0.967076
    5         0       0.703359     0.00703359        109.709        1.09709
    5         0       0.781804     0.00781804        122.864        1.22864
    5         0       0.856095     0.00856095        135.339        1.35339
    5         0       0.935755     0.00935755          148.8          1.488
    5         0        1.00978      0.0100978        161.566        1.61566
    5         0        1.08581      0.0108581        174.478        1.74478
    5         0        1.16185      0.0116185        187.536        1.87536
    5         0        1.23979      0.0123979        200.745        2.00745
    5         0        1.31294      0.0131294        213.211        2.13211
    5         0        1.39354      0.0139354        226.719        2.26719
    5         0        1.46866      0.0146866        239.467        2.39467
    5         0        1.54559      0.0154559        252.358        2.52358
    5         0        1.62197      0.0162197        265.393        2.65393
*    5         1      0.0215693    0.000215693        3.37379      0.0337379
    5         1       0.132655     0.00132655        16.7739       0.167739
    5         1       0.235387     0.00235387         29.853        0.29853
    5         1        0.33307      0.0033307         42.467        0.42467
    5         1        0.43033      0.0043033        55.4106       0.554106
    5         1       0.528235     0.00528235        68.7081       0.687081
    5         1       0.620279     0.00620279        81.5627       0.815627
    5         1       0.711731     0.00711731        94.7608       0.947608
    5         1       0.798295     0.00798295        107.457        1.07457
    5         1       0.883809     0.00883809        120.478        1.20478
    5         1       0.970836     0.00970836        133.836        1.33836
    5         1        1.05214      0.0105214        146.618        1.46618
    5         1        1.13459      0.0113459        159.713        1.59713
    5         1        1.21301      0.0121301        172.164        1.72164
    5         1        1.29764      0.0129764        185.896        1.85896
    5         1         1.3785       0.013785         198.96         1.9896
    5         1        1.45325      0.0145325        211.294        2.11294
    5         1        1.53609      0.0153609        224.964        2.24964
    5         1        1.61234      0.0161234        237.876        2.37876
    5         1        1.68365      0.0168365        249.969        2.49969
    5         1        1.76077      0.0176077        263.453        2.63453
    5         1        1.83286      0.0183286        276.085        2.76085
    5         2      0.0335224    0.000335224          4.842        0.04842
    5         2       0.151708     0.00151708        17.8154       0.178154
    5         2       0.254591     0.00254591        30.4303       0.304303
    5         2       0.357528     0.00357528        43.4295       0.434295
    5         2       0.461815     0.00461815        56.7578       0.567578
    5         2       0.558496     0.00558496        69.5964       0.695964
    5         2       0.656163     0.00656163        82.7278       0.827278
    5         2       0.747061     0.00747061        95.3155       0.953155
    5         2       0.838518     0.00838518        108.181        1.08181
    5         2       0.929715     0.00929715        121.337        1.21337
    5         2        1.02248      0.0102248        134.794        1.34794
    5         2        1.10879      0.0110879        147.636        1.47636
    5         2        1.19741      0.0119741        160.759        1.60759
    5         2        1.28104      0.0128104        173.207        1.73207
    5         2        1.37204      0.0137204        186.903        1.86903
    5         2        1.45928      0.0145928        199.901        1.99901
    5         2        1.53919      0.0153919        212.146        2.12146
    5         2         1.6282       0.016282        225.688        2.25688
    5         2           1.71         0.0171         238.45         2.3845
    5         2        1.79267      0.0179267        251.474        2.51474
    5         2        1.87595      0.0187595        264.769        2.64769
    5         2        1.95196      0.0195196        277.198        2.77198
    5         3      0.0479296    0.000479296        4.82524      0.0482524
    5         3       0.187944     0.00187944        16.4844       0.164844
    5         3       0.326669     0.00326669        28.8615       0.288615
    5         3       0.458415     0.00458415        40.6741       0.406741
    5         3       0.588907     0.00588907        52.6468       0.526468
    5         3       0.720117     0.00720117        64.7878       0.647878
    5         3       0.842146     0.00842146        76.3328       0.763328
    5         3       0.973805     0.00973805        88.8301       0.888301
    5         3        1.09818      0.0109818        100.725        1.00725
    5         3        1.22624      0.0122624        112.801        1.12801
    5         3        1.34798      0.0134798        124.238        1.24238
    5         3        1.48123      0.0148123        136.677        1.36677
    5         3          1.609        0.01609        148.463        1.48463
    5         3        1.73719      0.0173719        160.422        1.60422
    5         3        1.86636      0.0186636        172.561        1.72561
    5         3        1.99655      0.0199655         184.88         1.8488
    5         3        2.11832      0.0211832        196.486        1.96486
    5         3        2.23974      0.0223974        208.256        2.08256
    5         3        2.36123      0.0236123        220.194        2.20194
    5         3        2.48337      0.0248337        232.302        2.32302
    5         3        2.60554      0.0260554        244.583        2.44583
    6         0      0.0270846    0.000270846        4.86815      0.0486815
    6         0       0.117172     0.00117172        17.7588       0.177588
    6         0       0.199352     0.00199352        30.9283       0.309283
    6         0       0.277643     0.00277643        43.6575       0.436575
    6         0       0.356116     0.00356116        56.6008       0.566008
    6         0       0.433844     0.00433844        69.7061       0.697061
    6         0       0.512408     0.00512408        82.9457       0.829457
    6         0       0.584889     0.00584889        95.4657       0.954657
    6         0       0.663194     0.00663194        108.923        1.08923
    6         0       0.736903     0.00736903        121.629        1.21629
    6         0       0.809325     0.00809325        134.416        1.34416
    6         0       0.883012     0.00883012         147.28         1.4728
    6         0       0.956508     0.00956508        160.215        1.60215
    6         0         1.0304       0.010304         173.22         1.7322
    6         0        1.10558      0.0110558        186.289        1.86289
    6         0        1.18073      0.0118073        199.423        1.99423
    6         0        1.25839      0.0125839        212.617        2.12617
    6         0         1.3358       0.013358        225.871        2.25871
    6         0        1.41067      0.0141067        238.292        2.38292
    6         0        1.49031      0.0149031        251.656        2.51656
    6         0         1.5665       0.015665        264.179        2.64179
    6         1      0.0336275    0.000336275        5.42872      0.0542872
    6         1       0.124704     0.00124704        17.4379       0.174379
    6         1       0.208459     0.00208459        29.8176       0.298176
    6         1       0.288297     0.00288297        41.8076       0.418076
    6         1       0.361864     0.00361864        53.2689       0.532689
    6         1       0.441701     0.00441701        65.6976       0.656976
    6         1       0.516035     0.00516035        77.5293       0.775293
    6         1         0.5901       0.005901        89.5318       0.895318
    6         1       0.664941     0.00664941        101.705        1.01705
    6         1       0.733665     0.00733665        113.221        1.13221
    6         1       0.808188     0.00808188        125.728        1.25728
    6         1       0.878153     0.00878153        137.561        1.37561
    6         1        0.94717      0.0094717        149.548        1.49548
    6         1        1.01783      0.0101783        161.693        1.61693
    6         1        1.08884      0.0108884        173.999        1.73999
    6         1        1.15477      0.0115477         185.57         1.8557
    6         1        1.22275      0.0122275        197.286        1.97286
    6         1        1.29041      0.0129041        209.145        2.09145
    6         1         1.3606       0.013606        221.153        2.21153
    6         1        1.43004      0.0143004        233.309        2.33309
    6         1        1.50178      0.0150178        245.617        2.45617
    6         2      0.0296989    0.000296989        4.86192      0.0486192
    6         2       0.111254     0.00111254        16.6479       0.166479
    6         2        0.19101      0.0019101        28.8593       0.288593
    6         2       0.265279     0.00265279         40.672        0.40672
    6         2       0.340836     0.00340836        52.8656       0.528656
    6         2       0.411317     0.00411317        64.6459       0.646459
    6         2       0.481377     0.00481377        76.7562       0.767562
    6         2       0.547498     0.00547498        88.3491       0.883491
    6         2        0.61351      0.0061351        100.215        1.00215
    6         2       0.678528     0.00678528        112.349        1.12349
    6         2       0.744488     0.00744488        124.744        1.24744
    6         2       0.805909     0.00805909        136.487        1.36487
    6         2        0.86626      0.0086626        148.451        1.48451
    6         2       0.927646     0.00927646        160.633        1.60633
    6         2       0.984757     0.00984757        172.072        1.72072
    6         2        1.04701      0.0104701        184.673        1.84673
    6         2        1.10435      0.0110435        196.499        1.96499
    6         2         1.1623       0.011623        208.511        2.08511
    6         2        1.22162      0.0122162        220.709        2.20709
    6         2         1.2767       0.012767        232.055        2.32055
    6         3      0.0280641    0.000280641        4.95306      0.0495306
    6         3       0.106948     0.00106948        16.3575       0.163575
    6         3       0.184563     0.00184563        28.5641       0.285641
    6         3       0.255831     0.00255831        40.3022       0.403022
    6         3       0.328705     0.00328705        52.2391       0.522391
    6         3       0.401256     0.00401256        64.3392       0.643392
    6         3       0.473126     0.00473126        76.5925       0.765925
    6         3       0.545753     0.00545753         88.998        0.88998
    6         3       0.613083     0.00613083        100.717        1.00717
    6         3       0.680327     0.00680327        112.576        1.12576
    6         3       0.748205     0.00748205         124.58         1.2458
    6         3         0.8153       0.008153        136.732        1.36732
    6         3       0.877933     0.00877933        148.155        1.48155
    6         3       0.946298     0.00946298        160.607        1.60607
    6         3        1.00944      0.0100944        172.317        1.72317
    6         3        1.07279      0.0107279         184.17         1.8417
    6         3        1.13755      0.0113755        196.171        1.96171
    6         3        1.20269      0.0120269        208.325        2.08325
    6         3        1.26867      0.0126867        220.635        2.20635
    6         3        1.33098      0.0133098         232.14         2.3214
    6         3        1.39877      0.0139877        244.761        2.44761
    7         0      0.0290949    0.000290949         4.6841       0.046841
    7         0       0.122854     0.00122854        17.9952       0.179952
    7         0       0.205876     0.00205876        30.4376       0.304376
    7         0       0.288313     0.00288313        43.2379       0.432379
    7         0       0.371911     0.00371911        56.3799       0.563799
    7         0       0.454096     0.00454096        69.8528       0.698528
    7         0       0.532764     0.00532764        82.8382       0.828382
    7         0       0.605792     0.00605792        95.2894       0.952894
    7         0       0.683577     0.00683577        108.877        1.08877
    7         0       0.757337     0.00757337        121.915        1.21915
    7         0       0.824889     0.00824889        134.356        1.34356
    7         0       0.898605     0.00898605        147.991        1.47991
    7         0       0.962867     0.00962867        160.072        1.60072
    7         0         1.0313       0.010313        173.369        1.73369
    7         0        1.10125      0.0110125        186.974        1.86974
    7         0         1.1674       0.011674        199.895        1.99895
    7         0        1.22812      0.0122812        212.077        2.12077
    7         0        1.29605      0.0129605        225.561        2.25561
    7         0        1.35846      0.0135846        238.281        2.38281
    7         0        1.42235      0.0142235        251.275        2.51275
    7         0        1.48715      0.0148715        264.554        2.64554
    7         1      0.0316797    0.000316797        4.92245      0.0492245
    7         1       0.120229     0.00120229        16.3952       0.163952
    7         1       0.206611     0.00206611        28.8516       0.288516
    7         1       0.282909     0.00282909        40.3684       0.403684
    7         1        0.36508      0.0036508        52.9326       0.529326
    7         1       0.436526     0.00436526        64.2455       0.642455
    7         1       0.513823     0.00513823        76.5226       0.765226
    7         1       0.586182     0.00586182        88.2194       0.882194
    7         1       0.662286     0.00662286        100.891        1.00891
    7         1       0.734874     0.00734874        112.955        1.12955
    7         1       0.802219     0.00802219        124.374        1.24374
    7         1       0.873777     0.00873777        136.782        1.36782
    7         1       0.941652     0.00941652        148.528        1.48528
    7         1        1.01004      0.0101004        160.434        1.60434
    7         1        1.07776      0.0107776        172.505        1.72505
    7         1        1.14726      0.0114726        184.741        1.84741
    7         1        1.21246      0.0121246        196.256        1.96256
    7         1        1.28327      0.0128327        208.823        2.08823
    7         1        1.35082      0.0135082        220.651        2.20651
    7         1        1.41791      0.0141791        232.634        2.32634
    7         1        1.48687      0.0148687        244.773        2.44773
    7         2       0.030677     0.00030677        4.78403      0.0478403
    7         2       0.112125     0.00112125        15.9323       0.159323
    7         2       0.183361     0.00183361        26.5312       0.265312
    7         2       0.254911     0.00254911        37.3985       0.373985
    7         2       0.325783     0.00325783        48.4681       0.484681
    7         2       0.397634     0.00397634        59.6928       0.596928
    7         2       0.464608     0.00464608        70.2851       0.702851
    7         2         0.5356       0.005356        81.7416       0.817416
    7         2       0.602434     0.00602434        92.5245       0.925245
    7         2       0.669537     0.00669537        103.385        1.03385
    7         2       0.735485     0.00735485         114.32         1.1432
    7         2       0.802542     0.00802542        125.321        1.25321
    7         2       0.869591     0.00869591        136.387        1.36387
    7         2       0.935866     0.00935866        147.512        1.47512
    7         2        1.00352      0.0100352        158.692        1.58692
    7         2        1.07167      0.0107167        169.926        1.69926
    7         2        1.13429      0.0113429        180.403        1.80403
    7         2        1.20448      0.0120448        191.732        1.91732
    7         2        1.27035      0.0127035        202.294        2.02294
    7         2         1.3411       0.013411        213.711        2.13711
    7         2        1.40864      0.0140864        224.352        2.24352
    7         3      0.0269002    0.000269002        4.38458      0.0438458
    7         3       0.119296     0.00119296        16.9758       0.169758
    7         3          0.199        0.00199        28.7756       0.287756
    7         3       0.279843     0.00279843         40.913        0.40913
    7         3       0.355666     0.00355666        52.5636       0.525636
    7         3        0.43074      0.0043074        64.4485       0.644485
    7         3        0.50662      0.0050662        76.5564       0.765564
    7         3       0.581675     0.00581675        88.8851       0.888851
    7         3       0.652729     0.00652729        100.594        1.00594
    7         3       0.722839     0.00722839        112.504        1.12504
    7         3       0.793593     0.00793593         124.62         1.2462
    7         3        0.86455      0.0086455         136.95         1.3695
    7         3       0.929686     0.00929686        148.597        1.48597
    7         3       0.996283     0.00996283         160.44         1.6044
    7         3        1.06238      0.0106238        172.489        1.72489
    7         3        1.12963      0.0112963        184.747        1.84747
    7         3        1.19295      0.0119295        196.257        1.96257
    7         3        1.26164      0.0126164        208.943        2.08943
    7         3        1.32654      0.0132654         220.86         2.2086
    7         3        1.39207      0.0139207        232.982        2.32982
    7         3        1.45238      0.0145238        244.279        2.44279
    8         0      0.0371847    0.000371847        4.72975      0.0472975
    8         0       0.103025     0.00103025        14.6517       0.146517
    8         0       0.164751     0.00164751        24.6496       0.246496
    8         0       0.227487     0.00227487        34.9105       0.349105
    8         0       0.287681     0.00287681        44.6663       0.446663
    8         0       0.347729     0.00347729        54.5433       0.545433
    8         0       0.407199     0.00407199        64.5088       0.645088
    8         0       0.467274     0.00467274        74.5391       0.745391
    8         0       0.527511     0.00527511        84.6161       0.846161
    8         0       0.587677     0.00587677        94.7271       0.947271
    8         0       0.647968     0.00647968        104.859        1.04859
    8         0       0.703654     0.00703654        114.281        1.14281
    8         0       0.763237     0.00763237        124.431        1.24431
    8         0       0.823449     0.00823449        134.582        1.34582
    8         0       0.883913     0.00883913        144.726        1.44726
    8         0       0.944739     0.00944739        154.858        1.54858
    8         0        1.00601      0.0100601        164.974        1.64974
    8         0        1.06267      0.0106267         174.35         1.7435
    8         0        1.12451      0.0112451        184.424        1.84424
    8         0        1.18767      0.0118767        194.473        1.94473
    8         0        1.25178      0.0125178        204.493        2.04493
    8         0          1.316        0.01316        214.482        2.14482
    8         1      0.0285925    0.000285925        4.41047      0.0441047
    8         1       0.102703     0.00102703        15.4164       0.154164
    8         1       0.181173     0.00181173         26.842        0.26842
    8         1       0.255283     0.00255283        37.8526       0.378526
    8         1       0.325031     0.00325031        48.4993       0.484993
    8         1       0.394876     0.00394876        59.4044       0.594044
    8         1       0.464239     0.00464239         70.551        0.70551
    8         1       0.533623     0.00533623        81.9274       0.819274
    8         1       0.599149     0.00599149        92.7969       0.927969
    8         1       0.664604     0.00664604         103.86         1.0386
    8         1       0.725632     0.00725632        114.362        1.14362
    8         1       0.791175     0.00791175        125.804        1.25804
    8         1       0.851481     0.00851481        136.661        1.36661
    8         1       0.913115     0.00913115        147.692        1.47692
    8         1       0.974917     0.00974917          158.9          1.589
    8         1        1.03261      0.0103261         169.47         1.6947
    8         1        1.09073      0.0109073        180.197        1.80197
    8         1        1.15345      0.0115345         191.93         1.9193
    8         1        1.21324      0.0121324        202.996        2.02996
    8         1        1.26904      0.0126904        213.359        2.13359
    8         1        1.33024      0.0133024        224.752        2.24752
    8         2      0.0337234    0.000337234        4.52072      0.0452072
    8         2      0.0989474    0.000989474        13.8953       0.138953
    8         2          0.157        0.00157        22.8281       0.228281
    8         2       0.215761     0.00215761        31.9056       0.319056
    8         2       0.272384     0.00272384        40.5247       0.405247
    8         2       0.330921     0.00330921        49.8229       0.498229
    8         2       0.386448     0.00386448        58.6381       0.586381
    8         2       0.442253     0.00442253        67.5521       0.675521
    8         2       0.498148     0.00498148         76.569        0.76569
    8         2       0.553055     0.00553055        85.6933       0.856933
    8         2       0.609212     0.00609212        94.9303       0.949303
    8         2       0.661212     0.00661212        103.655        1.03655
    8         2       0.713568     0.00713568        112.486        1.12486
    8         2       0.765211     0.00765211        121.424        1.21424
    8         2       0.816932     0.00816932        130.473        1.30473
    8         2       0.869379     0.00869379        139.636        1.39636
    8         2       0.921955     0.00921955        148.916        1.48916
    8         2       0.971118     0.00971118        157.639        1.57639
    8         2        1.01955      0.0101955        166.468        1.66468
    8         2        1.06911      0.0106911        175.405        1.75405
    8         2        1.11918      0.0111918         184.45         1.8445
    8         2        1.17012      0.0117012        193.609        1.93609
    8         3      0.0338256    0.000338256        4.59151      0.0459151
    8         3       0.105183     0.00105183        15.6784       0.156784
    8         3        0.17272      0.0017272        26.4757       0.264757
    8         3       0.240943     0.00240943        37.4055       0.374055
    8         3       0.309813     0.00309813        48.4898       0.484898
    8         3       0.378951     0.00378951        59.7264       0.597264
    8         3         0.4428       0.004428        70.4457       0.704457
    8         3       0.511866     0.00511866         81.996        0.81996
    8         3       0.572982     0.00572982        92.3339       0.923339
    8         3       0.636701     0.00636701         103.52         1.0352
    8         3       0.701794     0.00701794        114.882        1.14882
    8         3       0.762036     0.00762036          125.7          1.257
    8         3        0.82236      0.0082236        136.687        1.36687
    8         3       0.883489     0.00883489        147.852        1.47852
    8         3       0.940557     0.00940557        158.439        1.58439
    8         3        1.00105      0.0100105        169.969        1.69969
    8         3         1.0591       0.010591         180.91         1.8091
    8         3        1.11302      0.0111302        191.231        1.91231
    8         3        1.17156      0.0117156        202.528        2.02528
    8         3        1.22689      0.0122689        213.192        2.13192
    9         0       0.017921     0.00017921        4.58984      0.0458984
    9         0       0.103407     0.00103407        16.5911       0.165911
    9         0       0.182285     0.00182285        28.3925       0.283925
    9         0       0.255575     0.00255575        40.5014       0.405014
    9         0       0.329499     0.00329499        52.9083       0.529083
    9         0       0.399432     0.00399432          64.84         0.6484
    9         0       0.464113     0.00464113        76.2473       0.762473
    9         0       0.534271     0.00534271        88.6547       0.886547
    9         0       0.599879     0.00599879        100.519        1.00519
    9         0       0.665609     0.00665609        112.616        1.12616
    9         0       0.730334     0.00730334        124.955        1.24955
    9         0       0.791799     0.00791799        136.699        1.36699
    9         0       0.853104     0.00853104        148.673        1.48673
    9         0       0.914933     0.00914933        160.883        1.60883
    9         0       0.972557     0.00972557        172.444        1.72444
    9         0        1.02968      0.0102968        184.225        1.84225
    9         0        1.08776      0.0108776        196.236        1.96236
    9         0         1.1469       0.011469        208.484        2.08484
    9         0         1.2067       0.012067         220.98         2.2098
    9         0        1.26243      0.0126243         232.74         2.3274
    9         0        1.31831      0.0131831        244.725        2.44725
    9         0        1.37554      0.0137554        256.945        2.56945
    9         1      0.0337954    0.000337954        4.99661      0.0499661
    9         1       0.107495     0.00107495        16.9624       0.169624
    9         1       0.177622     0.00177622        28.5338       0.285338
    9         1       0.247453     0.00247453         40.276        0.40276
    9         1       0.321877     0.00321877        52.9482       0.529482
    9         1       0.387635     0.00387635        64.2928       0.642928
    9         1       0.458298     0.00458298        76.5672       0.765672
    9         1       0.524602     0.00524602        88.2448       0.882448
    9         1       0.595407     0.00595407        100.894        1.00894
    9         1       0.660795     0.00660795        112.946        1.12946
    9         1        0.72279      0.0072279        124.371        1.24371
    9         1       0.789179     0.00789179        136.812        1.36812
    9         1       0.851133     0.00851133        148.621        1.48621
    9         1       0.913059     0.00913059        160.628        1.60628
    9         1       0.975245     0.00975245        172.844        1.72844
    9         1        1.03389      0.0103389         184.38         1.8438
    9         1        1.09293      0.0109293        196.111        1.96111
    9         1        1.15686      0.0115686        208.972        2.08972
    9         1        1.21223      0.0121223        220.189        2.20189
    9         1        1.27363      0.0127363        232.551        2.32551
    9         1        1.33099      0.0133099        244.162        2.44162
    9         2      0.0287296    0.000287296        4.85728      0.0485728
    9         2         0.1051       0.001051        15.8165       0.158165
    9         2       0.176512     0.00176512        26.5229       0.265229
    9         2       0.245242     0.00245242        37.4437       0.374437
    9         2        0.31477      0.0031477        48.5837       0.485837
    9         2       0.384419     0.00384419        59.9265       0.599265
    9         2       0.449528     0.00449528        70.7404       0.707404
    9         2       0.514058     0.00514058        81.7298       0.817298
    9         2       0.579556     0.00579556           92.9          0.929
    9         2       0.640481     0.00640481        103.493        1.03493
    9         2       0.701663     0.00701663        114.256        1.14256
    9         2       0.766449     0.00766449        125.981        1.25981
    9         2       0.822791     0.00822791        136.313        1.36313
    9         2       0.884263     0.00884263        147.623        1.47623
    9         2        0.94134      0.0094134        158.299        1.58299
    9         2        1.00331      0.0100331        169.995        1.69995
    9         2        1.05615      0.0105615        180.187        1.80187
    9         2        1.11404      0.0111404        191.409        1.91409
    9         2        1.17335      0.0117335        202.828        2.02828
    9         2         1.2284       0.012284        213.546        2.13546
    9         2         1.2844       0.012844        224.443        2.24443
    9         3      0.0350063    0.000350063        4.99304      0.0499304
    9         3       0.108017     0.00108017        15.3493       0.153493
    9         3       0.186843     0.00186843        26.6702       0.266702
    9         3       0.259599     0.00259599        37.4308       0.374308
    9         3       0.332073     0.00332073        48.3593       0.483593
    9         3       0.405939     0.00405939        59.4517       0.594517
    9         3       0.478694     0.00478694         70.711        0.70711
    9         3       0.547309     0.00547309        81.3759       0.813759
    9         3       0.621197     0.00621197         92.979        0.92979
    9         3       0.688873     0.00688873         103.98         1.0398
    9         3       0.752752     0.00752752        114.354        1.14354
    9         3       0.821634     0.00821634        125.701        1.25701
    9         3       0.884586     0.00884586         136.41         1.3641
    9         3       0.949013     0.00949013        147.292        1.47292
    9         3        1.01397      0.0101397        158.352        1.58352
    9         3        1.07821      0.0107821        169.601        1.69601
    9         3         1.1393       0.011393        180.155        1.80155
    9         3         1.2056       0.012056        191.781        1.91781
    9         3        1.26786      0.0126786        202.699        2.02699
    9         3        1.33141      0.0133141        213.801        2.13801
    9         3        1.39002      0.0139002        224.144        2.24144
   10         0      0.0381035    0.000381035        4.77302      0.0477302
   10         0       0.106508     0.00106508        14.7391       0.147391
   10         0       0.171785     0.00171785        24.6671       0.246671
   10         0       0.236234     0.00236234        34.6767       0.346767
   10         0       0.301621     0.00301621        44.7793       0.447793
   10         0       0.367108     0.00367108        54.9807       0.549807
   10         0       0.428367     0.00428367        64.6438       0.646438
   10         0       0.489861     0.00489861        74.4114       0.744114
   10         0       0.555233     0.00555233        84.9527       0.849527
   10         0       0.616027     0.00616027        94.9576       0.949576
   10         0       0.673417     0.00673417        104.405        1.04405
   10         0       0.734945     0.00734945        114.652        1.14652
   10         0       0.792371     0.00792371        124.334        1.24334
   10         0       0.853771     0.00853771        134.839        1.34839
   10         0       0.911502     0.00911502        144.769        1.44769
   10         0       0.969323     0.00969323        154.823        1.54823
   10         0        1.02314      0.0102314        164.272        1.64272
   10         0        1.08134      0.0108134        174.573        1.74573
   10         0         1.1365       0.011365        184.256        1.84256
   10         0        1.19654      0.0119654        194.815        1.94815
   10         0        1.25309      0.0125309        204.743        2.04743
   10         0        1.31036      0.0131036        214.791        2.14791
   10         1      0.0376992    0.000376992        4.61909      0.0461909
   10         1       0.109142     0.00109142        14.6668       0.146668
   10         1       0.181739     0.00181739        24.9647       0.249647
   10         1        0.24968      0.0024968        34.6831       0.346831
   10         1        0.31785      0.0031785        44.4976       0.444976
   10         1       0.385977     0.00385977        54.4076       0.544076
   10         1       0.454797     0.00454797        64.4176       0.644176
   10         1       0.523669     0.00523669        74.5337       0.745337
   10         1       0.591362     0.00591362        84.7632       0.847632
   10         1       0.655717     0.00655717        94.4213       0.944213
   10         1       0.724384     0.00724384        104.893        1.04893
   10         1       0.788717     0.00788717        114.793        1.14793
   10         1       0.852069     0.00852069        124.817        1.24817
   10         1       0.916935     0.00916935        134.975        1.34975
   10         1       0.977143     0.00977143        144.532        1.44532
   10         1        1.04244      0.0104244        154.964        1.54964
   10         1        1.10297      0.0110297        164.785        1.64785
   10         1         1.1652       0.011652        174.743        1.74743
   10         1        1.22806      0.0122806        184.839        1.84839
   10         1          1.286        0.01286        194.289        1.94289
   10         1        1.35081      0.0135081        204.671        2.04671
   10         2      0.0173164    0.000173164        3.78627      0.0378627
   10         2       0.101793     0.00101793        13.5776       0.135776
   10         2       0.182294     0.00182294        23.8366       0.238366
   10         2       0.251927     0.00251927        33.5022       0.335022
   10         2       0.326376     0.00326376        43.8459       0.438459
   10         2       0.396552     0.00396552        53.6695       0.536695
   10         2       0.466378     0.00466378        63.5894       0.635894
   10         2       0.536233     0.00536233        73.6108       0.736108
   10         2       0.606629     0.00606629         83.736        0.83736
   10         2       0.676919     0.00676919        93.9675       0.939675
   10         2       0.742721     0.00742721        103.655        1.03655
   10         2       0.807671     0.00807671        113.437        1.13437
   10         2       0.878254     0.00878254        123.974        1.23974
   10         2       0.944714     0.00944714        133.949        1.33949
   10         2        1.00712      0.0100712        143.344        1.43344
   10         2        1.07365      0.0107365        153.499        1.53499
   10         2        1.14193      0.0114193        163.748        1.63748
   10         2        1.20631      0.0120631        173.398        1.73398
   10         2        1.27675      0.0127675        183.827        1.83827
   10         2        1.34221      0.0134221        193.646        1.93646
   10         2        1.40963      0.0140963        203.547        2.03547
   10         3      0.0401056    0.000401056        4.58765      0.0458765
   10         3        0.10562      0.0010562        14.5897       0.145897
   10         3       0.171403     0.00171403        24.8585       0.248585
   10         3       0.235398     0.00235398        34.5849       0.345849
   10         3        0.30177      0.0030177        44.9775       0.449775
   10         3       0.365806     0.00365806        54.8999       0.548999
   10         3       0.429734     0.00429734        64.9422       0.649422
   10         3       0.489118     0.00489118        74.5152       0.745152
   10         3       0.552963     0.00552963        84.8265       0.848265
   10         3       0.613057     0.00613057        94.6741       0.946741
   10         3       0.673392     0.00673392        104.667        1.04667
   10         3       0.732642     0.00732642        114.816        1.14816
   10         3       0.789018     0.00789018        124.477        1.24477
   10         3       0.849209     0.00849209        134.948        1.34948
   10         3       0.906064     0.00906064        144.924        1.44924
   10         3       0.958587     0.00958587        154.381        1.54381
   10         3        1.01525      0.0101525        164.675        1.64675
   10         3          1.069        0.01069         174.44         1.7444
   10         3         1.1233       0.011233         184.36         1.8436
   10         3        1.17722      0.0117722        194.442        1.94442
   11         0      0.0441777    0.000441777        5.62058      0.0562058
   11         0       0.105124     0.00105124        14.9575       0.149575
   11         0       0.157349     0.00157349        23.4312       0.234312
   11         0       0.214059     0.00214059        32.7519       0.327519
   11         0       0.268536     0.00268536        41.4708       0.414708
   11         0       0.322445     0.00322445        50.2695       0.502695
   11         0       0.381045     0.00381045         59.865        0.59865
   11         0       0.434278     0.00434278        68.7626       0.687626
   11         0       0.488288     0.00488288        77.6842       0.776842
   11         0       0.542443     0.00542443        86.6181       0.866181
   11         0       0.596584     0.00596584        95.5553       0.955553
   11         0       0.650596     0.00650596        104.486        1.04486
   11         0       0.704165     0.00704165        113.406        1.13406
   11         0       0.757795     0.00757795        122.307        1.22307
   11         0       0.816402     0.00816402        131.923        1.31923
   11         0       0.870474     0.00870474        140.771        1.40771
   11         0       0.924987     0.00924987        149.586        1.49586
   11         0       0.978584     0.00978584        158.365        1.58365
   11         0        1.03801      0.0103801        167.833        1.67833
   11         0         1.0934       0.010934        176.529        1.76529
   11         0         1.1541       0.011541          185.9          1.859
   11         0        1.20994      0.0120994        194.503        1.94503
   11         1      0.0402315    0.000402315        4.66457      0.0466457
   11         1       0.105283     0.00105283        14.8818       0.148818
   11         1       0.166565     0.00166565        24.5028       0.245028
   11         1       0.232975     0.00232975        34.6456       0.346456
   11         1       0.299036     0.00299036        44.8796       0.448796
   11         1       0.362043     0.00362043        54.6504       0.546504
   11         1       0.424865     0.00424865         64.581        0.64581
   11         1       0.487114     0.00487114        74.6847       0.746847
   11         1       0.550191     0.00550191        84.9698       0.849698
   11         1       0.609222     0.00609222        94.7842       0.947842
   11         1       0.667694     0.00667694        104.768        1.04768
   11         1       0.726627     0.00726627         114.93         1.1493
   11         1       0.781786     0.00781786        124.577        1.24577
   11         1       0.836461     0.00836461        134.386        1.34386
   11         1        0.89131      0.0089131        144.361        1.44361
   11         1       0.947055     0.00947055        154.506        1.54506
   11         1        1.00224      0.0100224        164.826        1.64826
   11         1        1.05374      0.0105374         174.57         1.7457
   11         1        1.10652      0.0110652        184.472        1.84472
   11         1        1.15988      0.0115988        194.537        1.94537
   11         2      0.0357483    0.000357483        4.81079      0.0481079
   11         2      0.0899604    0.000899604        12.8756       0.128756
   11         2       0.140984     0.00140984        20.6468       0.206468
   11         2       0.195561     0.00195561        28.8993       0.288993
   11         2       0.247323     0.00247323        36.7047       0.367047
   11         2       0.298959     0.00298959         44.546        0.44546
   11         2       0.353201     0.00353201        52.9186       0.529186
   11         2       0.405119     0.00405119        60.8415       0.608415
   11         2       0.457072     0.00457072        68.8107       0.688107
   11         2        0.50914      0.0050914        76.8309       0.768309
   11         2       0.561011     0.00561011        84.9066       0.849066
   11         2       0.609585     0.00609585        92.5333       0.925333
   11         2        0.66151      0.0066151        100.731        1.00731
   11         2       0.713438     0.00713438        108.998        1.08998
   11         2       0.762079     0.00762079        116.816        1.16816
   11         2       0.810909     0.00810909        124.702        1.24702
   11         2       0.859145     0.00859145         132.66         1.3266
   11         2       0.907625     0.00907625        140.693        1.40693
   11         2       0.956846     0.00956846        148.804        1.48804
   11         2        1.00611      0.0100611        156.995        1.56995
   11         2        1.05253      0.0105253        164.717        1.64717
   11         3       0.032443     0.00032443        3.97164      0.0397164
   11         3      0.0858766    0.000858766        11.8377       0.118377
   11         3        0.13931      0.0013931          19.95         0.1995
   11         3       0.190558     0.00190558        27.5138       0.275138
   11         3       0.244466     0.00244466        35.6463       0.356463
   11         3        0.29922      0.0029922        43.8073       0.438073
   11         3       0.349343     0.00349343        51.4542       0.514542
   11         3       0.404264     0.00404264        59.6857       0.596857
   11         3       0.459059     0.00459059         67.964        0.67964
   11         3       0.510389     0.00510389        75.7388       0.757388
   11         3       0.561219     0.00561219        83.5657       0.835657
   11         3       0.611744     0.00611744         91.451        0.91451
   11         3       0.666776     0.00666776        99.9688       0.999688
   11         3       0.718005     0.00718005        107.989        1.07989
   11         3       0.765786     0.00765786        115.502        1.15502
   11         3       0.816241     0.00816241        123.665        1.23665
   11         3       0.867172     0.00867172         131.91         1.3191
   11         3       0.915149     0.00915149        139.641        1.39641
   11         3       0.963071     0.00963071        147.448        1.47448
   11         3        1.01522      0.0101522        155.943        1.55943
   11         3        1.06318      0.0106318        163.917        1.63917
   11         3        1.11179      0.0111179        171.976        1.71976
   11         3        1.15755      0.0115755        179.493        1.79493
