 *tel    numcsi      CsIV        errCsIV           CsIE       errCsIE
    0         0      0.0221579    0.000221579        15.7838       0.157838
    0         0      0.0825944    0.000825944        28.3664       0.283664
    0         0        0.15048      0.0015048        40.8104       0.408104
    0         0       0.219933     0.00219933        52.2573       0.522573
    0         0       0.294168     0.00294168        64.2253       0.642253
    0         0       0.375879     0.00375879        76.8531       0.768531
    0         0       0.450292     0.00450292        88.3316       0.883316
    0         0       0.532359     0.00532359        100.529        1.00529
    0         0       0.612884     0.00612884        112.564        1.12564
    0         0       0.693177     0.00693177        124.452        1.24452
    0         0       0.775267     0.00775267        136.203        1.36203
    0         0        0.86136      0.0086136        148.651        1.48651
    0         0       0.949604     0.00949604        160.965        1.60965
    0         0        1.03196      0.0103196        172.346        1.72346
    0         0        1.12074      0.0112074        184.431        1.84431
    0         0         1.2118       0.012118        196.414        1.96414
    0         0        1.30517      0.0130517        208.304        2.08304
    0         0        1.40572      0.0140572        220.895        2.20895
    0         0        1.50147      0.0150147        232.621        2.32621
    0         0        1.59855      0.0159855        244.281        2.44281
    0         0        1.70392      0.0170392        256.652        2.56652
    0         1      0.0279281    0.000279281         14.952        0.14952
    0         1       0.102956     0.00102956        28.2581       0.282581
    0         1       0.180861     0.00180861        42.2492       0.422492
    0         1       0.266808     0.00266808        56.9667       0.569667
    0         1       0.347151     0.00347151        70.0438       0.700438
    0         1       0.433776     0.00433776        83.8773       0.838773
    0         1       0.527523     0.00527523        98.4033       0.984033
    0         1       0.621866     0.00621866        112.567        1.12567
    0         1        0.71662      0.0071662        126.426        1.26426
    0         1       0.810296     0.00810296        140.026        1.40026
    0         1        0.91171      0.0091171        154.426        1.54426
    0         1        1.01476      0.0101476        168.607        1.68607
    0         1        1.11859      0.0111859        182.599        1.82599
    0         1        1.22535      0.0122535        196.429        1.96429
    0         1        1.33454      0.0133454        210.119        2.10119
    0         1        1.45306      0.0145306        224.653        2.24653
    0         1        1.56581      0.0156581        238.109        2.38109
    0         1         1.6888       0.016888        252.428        2.52428
    0         1        1.81348      0.0181348        266.658        2.66658
    0         1        1.93876      0.0193876        280.812        2.80812
    0         1        2.06486      0.0206486        294.904        2.94904
    0         2       0.032262     0.00032262        15.4538       0.154538
    0         2       0.106761     0.00106761        28.4902       0.284902
    0         2       0.184405     0.00184405        41.8357       0.418357
    0         2        0.26333      0.0026333        54.7651       0.547651
    0         2        0.34197      0.0034197        67.3579       0.673579
    0         2       0.426334     0.00426334        80.5769       0.805769
    0         2        0.51169      0.0051169        93.4083       0.934083
    0         2       0.602736     0.00602736        106.852        1.06852
    0         2       0.687381     0.00687381        119.147        1.19147
    0         2        0.78419      0.0078419        132.938        1.32938
    0         2       0.875301     0.00875301        145.646        1.45646
    0         2       0.974145     0.00974145        158.993        1.58993
    0         2         1.0667       0.010667        171.332        1.71332
    0         2        1.16708      0.0116708        184.329        1.84329
    0         2        1.27626      0.0127626        197.973        1.97973
    0         2        1.38132      0.0138132        210.676        2.10676
    0         2        1.48861      0.0148861        223.259        2.23259
    0         2         1.6043       0.016043        236.512        2.36512
    0         2        1.72174      0.0172174        249.656        2.49656
    0         2        1.84035      0.0184035        262.706        2.62706
    0         2        1.95946      0.0195946         275.67         2.7567
    0         2        2.07887      0.0207887        288.559        2.88559
    0         3      0.0233842    0.000233842        15.1523       0.151523
    0         3        0.10082      0.0010082        28.7741       0.287741
    0         3       0.176602     0.00176602        41.3507       0.413507
    0         3       0.257764     0.00257764        54.5411       0.545411
    0         3       0.338618     0.00338618        67.3796       0.673796
    0         3       0.426285     0.00426285        80.8629       0.808629
    0         3       0.514147     0.00514147        93.9617       0.939617
    0         3        0.60174      0.0060174         106.79         1.0679
    0         3       0.689275     0.00689275        119.382        1.19382
    0         3       0.783011     0.00783011        132.645        1.32645
    0         3       0.877021     0.00877021        145.703        1.45703
    0         3       0.972897     0.00972897         158.58         1.5858
    0         3        1.06831      0.0106831        171.299        1.71299
    0         3        1.17205      0.0117205        184.711        1.84711
    0         3         1.2782       0.012782        197.983        1.97983
    0         3        1.37976      0.0137976        210.314        2.10314
    0         3        1.49036      0.0149036         223.36         2.2336
    0         3        1.60289      0.0160289        236.309        2.36309
    0         3        1.72381      0.0172381        249.975        2.49975
    0         3        1.83828      0.0183828         262.76         2.6276
    0         3        1.95338      0.0195338        275.479        2.75479
    1         0      0.0274619    0.000274619        14.1835       0.141835
    1         0       0.103343     0.00103343        29.8773       0.298773
    1         0       0.200668     0.00200668        46.6059       0.466059
    1         0       0.299025     0.00299025        61.9254       0.619254
    1         0       0.405787     0.00405787        77.9427       0.779427
    1         0       0.521057     0.00521057        94.6854       0.946854
    1         0       0.627323     0.00627323        109.925        1.09925
    1         0        0.74207      0.0074207        126.047        1.26047
    1         0       0.856863     0.00856863        141.895        1.41895
    1         0       0.981406     0.00981406        158.603        1.58603
    1         0        1.09893      0.0109893        173.969        1.73969
    1         0        1.22812      0.0122812        190.215        1.90215
    1         0        1.36069      0.0136069        206.263        2.06263
    1         0        1.49692      0.0149692        222.138        2.22138
    1         0        1.64445      0.0164445        238.903        2.38903
    1         0        1.78481      0.0178481        254.485        2.54485
    1         0        1.93624      0.0193624        270.981        2.70981
    1         0        2.07886      0.0207886        286.346        2.86346
    1         0        2.23129      0.0223129        302.644        3.02644
    1         0        2.38488      0.0238488        318.864        3.18864
    1         1      0.0271093    0.000271093        13.8847       0.138847
    1         1       0.126403     0.00126403        30.6043       0.306043
    1         1       0.224519     0.00224519        46.7584       0.467584
    1         1       0.321579     0.00321579        62.4888       0.624888
    1         1       0.419703     0.00419703        77.8222       0.778222
    1         1       0.525485     0.00525485        93.9248       0.939248
    1         1       0.640387     0.00640387         110.84         1.1084
    1         1       0.746247     0.00746247        126.206        1.26206
    1         1       0.860356     0.00860356        142.438        1.42438
    1         1        0.97558      0.0097558        158.384        1.58384
    1         1        1.09194      0.0109194        174.082        1.74082
    1         1        1.22014      0.0122014        190.659        1.90659
    1         1        1.34245      0.0134245        205.933        2.05933
    1         1        1.47709      0.0147709        222.114        2.22114
    1         1        1.61464      0.0161464        238.126        2.38126
    1         1        1.75311      0.0175311        253.992        2.53992
    1         1        1.90327      0.0190327        270.774        2.70774
    1         1        2.04505      0.0204505        286.392        2.86392
    1         1        2.19603      0.0219603        302.945        3.02945
    1         1        2.33892      0.0233892        318.378        3.18378
    1         1        2.49225      0.0249225         334.76         3.3476
    1         2      0.0255399    0.000255399        14.9834       0.149834
    1         2        0.10785      0.0010785        28.5361       0.285361
    1         2       0.185781     0.00185781        41.6538       0.416538
    1         2       0.263956     0.00263956        54.4383       0.544383
    1         2       0.349808     0.00349808        67.8802       0.678802
    1         2       0.428543     0.00428543        80.0815       0.800815
    1         2       0.519344     0.00519344        93.7741       0.937741
    1         2       0.605401     0.00605401        106.294        1.06294
    1         2       0.696571     0.00696571        119.461        1.19461
    1         2       0.787734     0.00787734        132.404        1.32404
    1         2       0.885226     0.00885226        145.994        1.45994
    1         2       0.977337     0.00977337        158.556        1.58556
    1         2        1.07788      0.0107788        171.787        1.71787
    1         2        1.17902      0.0117902        184.862        1.84862
    1         2        1.28239      0.0128239        197.801        1.97801
    1         2        1.38817      0.0138817        210.618        2.10618
    1         2        1.49585      0.0149585        223.327        2.23327
    1         2        1.61237      0.0161237        236.724        2.36724
    1         2        1.72296      0.0172296        249.246        2.49246
    1         2        1.84127      0.0184127        262.466        2.62466
    1         2        1.96031      0.0196031        275.612        2.75612
    1         2        2.08055      0.0208055        288.691        2.88691
    1         3      0.0321544    0.000321544        14.9916       0.149916
    1         3       0.100723     0.00100723        28.0798       0.280798
    1         3       0.179311     0.00179311        42.0755       0.420755
    1         3       0.263865     0.00263865         56.408        0.56408
    1         3       0.348695     0.00348695        70.2208       0.702208
    1         3       0.439123     0.00439123        84.5299       0.845299
    1         3       0.530109     0.00530109        98.4029       0.984029
    1         3       0.627987     0.00627987        112.842        1.12842
    1         3       0.724676     0.00724676        126.975        1.26975
    1         3       0.821264     0.00821264        140.853        1.40853
    1         3       0.919152     0.00919152        154.514        1.54514
    1         3         1.0234       0.010234        168.828        1.68828
    1         3         1.1305       0.011305        182.962        1.82962
    1         3        1.23845      0.0123845        196.945        1.96945
    1         3        1.34911      0.0134911        210.796        2.10796
    1         3        1.46315      0.0146315        224.534        2.24534
    1         3        1.58498      0.0158498        238.976        2.38976
    1         3        1.70123      0.0170123         252.53         2.5253
    1         3        1.82625      0.0182625        266.805        2.66805
    1         3        1.94534      0.0194534        280.225        2.80225
    1         3        2.07198      0.0207198        294.381        2.94381
    2         0      0.0284385    0.000284385        14.3526       0.143526
    2         0      0.0938263    0.000938263        27.7029       0.277029
    2         0        0.17033      0.0017033        40.6131       0.406131
    2         0       0.251166     0.00251166          53.79         0.5379
    2         0       0.333598     0.00333598         66.737        0.66737
    2         0       0.414573     0.00414573        79.4986       0.794986
    2         0       0.502947     0.00502947        92.8576       0.928576
    2         0       0.590584     0.00590584        105.971        1.05971
    2         0       0.677661     0.00677661         118.84         1.1884
    2         0       0.765584     0.00765584        131.479        1.31479
    2         0       0.859805     0.00859805        144.725        1.44725
    2         0       0.953571     0.00953571        157.751        1.57751
    2         0        1.04839      0.0104839        170.578        1.70578
    2         0        1.14575      0.0114575        183.225        1.83225
    2         0         1.2502       0.012502        196.487        1.96487
    2         0        1.35791      0.0135791        209.588        2.09588
    2         0         1.4672       0.014672        222.547        2.22547
    2         0        1.57799      0.0157799        235.379        2.35379
    2         0        1.69745      0.0169745        248.844        2.48844
    2         0        1.81137      0.0181137        261.459        2.61459
    2         0        1.93186      0.0193186        274.723        2.74723
    2         1      0.0228025    0.000228025         12.592        0.12592
    2         1      0.0747204    0.000747204        24.3999       0.243999
    2         1       0.135556     0.00135556        36.7869       0.367869
    2         1        0.19594      0.0019594        48.0083       0.480083
    2         1       0.269366     0.00269366        60.7444       0.607444
    2         1       0.336636     0.00336636         72.005        0.72005
    2         1       0.416461     0.00416461        84.9239       0.849239
    2         1       0.490276     0.00490276        96.5596       0.965596
    2         1       0.569436     0.00569436        108.932        1.08932
    2         1       0.643726     0.00643726        120.173        1.20173
    2         1       0.723158     0.00723158        132.185        1.32185
    2         1       0.808365     0.00808365        144.952        1.44952
    2         1       0.889499     0.00889499         156.67         1.5667
    2         1       0.969703     0.00969703        168.274        1.68274
    2         1        1.05692      0.0105692        180.656        1.80656
    2         1         1.1451       0.011451        192.937        1.92937
    2         1        1.23022      0.0123022         204.26         2.0426
    2         1        1.32221      0.0132221        216.379        2.16379
    2         1        1.41567      0.0141567         228.43         2.2843
    2         1        1.51065      0.0151065        240.423        2.40423
    2         1        1.60684      0.0160684        252.366        2.52366
    2         1        1.70437      0.0170437        264.268        2.64268
    2         2      0.0333671    0.000333671        13.9642       0.139642
    2         2      0.0869832    0.000869832        23.5257       0.235257
    2         2       0.144517     0.00144517         33.547        0.33547
    2         2          0.202        0.00202        43.2272       0.432272
    2         2        0.26327      0.0026327        53.3937       0.533937
    2         2       0.326188     0.00326188        63.2812       0.632812
    2         2       0.392326     0.00392326         73.629        0.73629
    2         2       0.459686     0.00459686        83.6861       0.836861
    2         2       0.526357     0.00526357        93.4876       0.934876
    2         2       0.598865     0.00598865        103.765        1.03765
    2         2        0.67029      0.0067029        113.842        1.13842
    2         2       0.741398     0.00741398        123.744        1.23744
    2         2       0.814081     0.00814081        133.495        1.33495
    2         2       0.890221     0.00890221        143.749        1.43749
    2         2       0.968717     0.00968717        153.869        1.53869
    2         2        1.04602      0.0104602        163.874        1.63874
    2         2        1.12443      0.0112443        173.775        1.73775
    2         2        1.20534      0.0120534        183.585        1.83585
    2         2        1.29199      0.0129199        193.921        1.93921
    2         2        1.37452      0.0137452        203.575        2.03575
    2         2        1.46396      0.0146396        213.765        2.13765
    2         3      0.0247611    0.000247611         11.996        0.11996
    2         3      0.0820283    0.000820283        24.7019       0.247019
    2         3       0.141593     0.00141593        36.0495       0.360495
    2         3       0.214442     0.00214442        48.4037       0.484037
    2         3        0.28677      0.0028677        60.2321       0.602321
    2         3       0.366208     0.00366208        72.7411       0.727411
    2         3       0.444458     0.00444458        84.9496       0.849496
    2         3       0.523437     0.00523437        96.9008       0.969008
    2         3       0.602886     0.00602886        108.635        1.08635
    2         3       0.681361     0.00681361        120.173        1.20173
    2         3       0.766514     0.00766514        132.396        1.32396
    2         3       0.852053     0.00852053        144.427        1.44427
    2         3       0.937179     0.00937179        156.285        1.56285
    2         3         1.0294       0.010294        168.816        1.68816
    2         3        1.11807      0.0111807        180.366        1.80366
    2         3        1.21325      0.0121325        192.599        1.92599
    2         3        1.31045      0.0131045        204.702        2.04702
    2         3        1.40961      0.0140961        216.689        2.16689
    2         3        1.51033      0.0151033        228.572        2.28572
    2         3        1.61296      0.0161296        240.362        2.40362
    2         3         1.7234       0.017234        252.849        2.52849
    2         3        1.82768      0.0182768        264.479        2.64479
    3         0      0.0250569    0.000250569        14.0547       0.140547
    3         0      0.0729115    0.000729115        24.6472       0.246472
    3         0        0.12603      0.0012603        34.2908       0.342908
    3         0       0.185324     0.00185324         44.557        0.44557
    3         0       0.245272     0.00245272        54.2779       0.542779
    3         0       0.311442     0.00311442        64.4374       0.644374
    3         0       0.376543     0.00376543        74.3798       0.743798
    3         0       0.447179     0.00447179        84.7773       0.847773
    3         0       0.517424     0.00517424        94.9774       0.949774
    3         0       0.583278     0.00583278        104.346        1.04346
    3         0       0.657571     0.00657571        114.893        1.14893
    3         0       0.728688     0.00728688        124.638        1.24638
    3         0          0.803        0.00803        134.893        1.34893
    3         0       0.874476     0.00874476        144.388        1.44388
    3         0       0.949508     0.00949508        154.399        1.54399
    3         0        1.03017      0.0103017        164.916        1.64916
    3         0        1.10799      0.0110799         174.71         1.7471
    3         0         1.1858       0.011858        184.414        1.84414
    3         0        1.27003      0.0127003        194.633        1.94633
    3         0        1.35702      0.0135702        204.768        2.04768
    3         0        1.44392      0.0144392        214.826        2.14826
    3         1       0.034947     0.00034947        16.4081       0.164081
    3         1      0.0774784    0.000774784        24.3909       0.243909
    3         1       0.120818     0.00120818        32.7007       0.327007
    3         1       0.163753     0.00163753        40.6594       0.406594
    3         1       0.211833     0.00211833        48.9477       0.489477
    3         1       0.259234     0.00259234        56.9359       0.569359
    3         1       0.306116     0.00306116        64.6544       0.646544
    3         1       0.357924     0.00357924        72.7192       0.727192
    3         1       0.408983     0.00408983        80.5266       0.805266
    3         1       0.464028     0.00464028         88.619        0.88619
    3         1       0.518781     0.00518781        96.5189       0.965189
    3         1       0.577411     0.00577411        104.749        1.04749
    3         1         0.6367       0.006367         112.81         1.1281
    3         1        0.69463      0.0069463        120.726        1.20726
    3         1       0.753755     0.00753755        128.517        1.28517
    3         1       0.815619     0.00815619        136.678        1.36678
    3         1       0.879097     0.00879097        144.734        1.44734
    3         1       0.941201     0.00941201          152.7          1.527
    3         1        1.00464      0.0100464        160.589        1.60589
    3         1        1.07228      0.0107228        168.869        1.68869
    3         1        1.13609      0.0113609         176.63         1.7663
    3         1        1.20633      0.0120633        184.793        1.84793
    3         2      0.0286013    0.000286013        15.6828       0.156828
    3         2      0.0577543    0.000577543         23.503        0.23503
    3         2      0.0899634    0.000899634        31.5345       0.315345
    3         2       0.122892     0.00122892        39.7827       0.397827
    3         2       0.155615     0.00155615        47.6985       0.476985
    3         2       0.191686     0.00191686        55.8825       0.558825
    3         2        0.22807      0.0022807        63.8097       0.638097
    3         2       0.263761     0.00263761        71.5297       0.715297
    3         2       0.301475     0.00301475        79.5375       0.795375
    3         2       0.342564     0.00342564        87.7905       0.877905
    3         2        0.38383      0.0038383         95.878        0.95878
    3         2       0.424105     0.00424105         103.81         1.0381
    3         2       0.464952     0.00464952        111.615        1.11615
    3         2       0.508251     0.00508251         119.76         1.1976
    3         2       0.550817     0.00550817        127.799        1.27799
    3         2       0.594642     0.00594642        135.748        1.35748
    3         2       0.638167     0.00638167         143.62         1.4362
    3         2       0.683093     0.00683093        151.857        1.51857
    3         2       0.726752     0.00726752        159.602        1.59602
    3         2       0.771822     0.00771822        167.724        1.67724
    3         2       0.817373     0.00817373        175.799        1.75799
    3         2       0.863912     0.00863912        183.834        1.83834
    3         3      0.0265271    0.000265271        14.5545       0.145545
    3         3      0.0745604    0.000745604        24.7304       0.247304
    3         3        0.12828      0.0012828        34.2967       0.342967
    3         3       0.187955     0.00187955        44.7108       0.447108
    3         3       0.248393     0.00248393        54.6051       0.546051
    3         3       0.315093     0.00315093        64.8675       0.648675
    3         3       0.380636     0.00380636         74.812        0.74812
    3         3       0.447089     0.00447089        84.4158       0.844158
    3         3       0.517908     0.00517908        94.4219       0.944219
    3         3       0.593652     0.00593652        104.829        1.04829
    3         3       0.663748     0.00663748        114.374        1.14374
    3         3       0.744849     0.00744849        124.979        1.24979
    3         3       0.819978     0.00819978        134.783        1.34783
    3         3       0.896294     0.00896294        144.438        1.44438
    3         3       0.977428     0.00977428        154.555        1.54555
    3         3         1.0588       0.010588        164.547        1.64547
    3         3        1.14235      0.0114235        174.429        1.74429
    3         3        1.23187      0.0123187        184.789        1.84789
    3         3        1.31745      0.0131745         194.49         1.9449
    3         3        1.41022      0.0141022        204.685        2.04685
    3         3        1.50435      0.0150435        214.812        2.14812
    4         0      0.0141645    0.000141645        10.3273       0.103273
    4         0      0.0535637    0.000535637        20.3915       0.203915
    4         0      0.0996326    0.000996326        30.4268       0.304268
    4         0       0.155316     0.00155316        40.9699       0.409699
    4         0       0.210886     0.00210886        50.7953       0.507953
    4         0       0.266816     0.00266816        60.2339       0.602339
    4         0       0.331336     0.00331336        70.9221       0.709221
    4         0       0.391573     0.00391573         80.557        0.80557
    4         0       0.456775     0.00456775        90.6284       0.906284
    4         0       0.522033     0.00522033        100.479        1.00479
    4         0       0.590828     0.00590828        110.808        1.10808
    4         0       0.660644     0.00660644         120.93         1.2093
    4         0       0.730373     0.00730373        130.871        1.30871
    4         0        0.79994      0.0079994         140.65         1.4065
    4         0       0.873662     0.00873662        150.922        1.50922
    4         0       0.943888     0.00943888        160.418        1.60418
    4         0        1.01827      0.0101827        170.422        1.70422
    4         0        1.09869      0.0109869        180.923        1.80923
    4         0        1.17575      0.0117575        190.701        1.90701
    4         0        1.25842      0.0125842        200.989        2.00989
    4         0        1.33791      0.0133791        210.588        2.10588
    4         1      0.0189584    0.000189584        11.2159       0.112159
    4         1      0.0601871    0.000601871        21.8736       0.218736
    4         1       0.105987     0.00105987        31.7103       0.317103
    4         1       0.159908     0.00159908        41.9945       0.419945
    4         1       0.213445     0.00213445        51.3817       0.513817
    4         1       0.275579     0.00275579        61.7271       0.617271
    4         1       0.338786     0.00338786        71.6926       0.716926
    4         1       0.401736     0.00401736        81.3853       0.813853
    4         1       0.469306     0.00469306         91.522        0.91522
    4         1       0.535762     0.00535762        101.501        1.01501
    4         1       0.607621     0.00607621        111.997        1.11997
    4         1       0.674934     0.00674934        121.716        1.21716
    4         1       0.746761     0.00746761        131.969        1.31969
    4         1       0.813382     0.00813382        141.485        1.41485
    4         1       0.885442     0.00885442        151.543        1.51543
    4         1       0.957682     0.00957682        161.513        1.61513
    4         1        1.03037      0.0103037        171.402        1.71402
    4         1        1.10737      0.0110737        181.829        1.81829
    4         1        1.18196      0.0118196        191.575        1.91575
    4         1        1.26187      0.0126187        201.862        2.01862
    4         1        1.33867      0.0133867        211.488        2.11488
    4         1        1.42161      0.0142161         221.66         2.2166
    4         2      0.0202763    0.000202763        10.2742       0.102742
    4         2      0.0655678    0.000655678        20.1515       0.201515
    4         2       0.119366     0.00119366        30.6955       0.306955
    4         2       0.172532     0.00172532        40.1469       0.401469
    4         2        0.23676      0.0023676        50.6683       0.506683
    4         2        0.30174      0.0030174        60.6299       0.606299
    4         2       0.366073     0.00366073        70.2325       0.702325
    4         2       0.435701     0.00435701        80.3033       0.803033
    4         2        0.51104      0.0051104        90.8039       0.908039
    4         2       0.580426     0.00580426        100.347        1.00347
    4         2       0.655823     0.00655823        110.429        1.10429
    4         2       0.730675     0.00730675         120.34         1.2034
    4         2       0.811165     0.00811165        130.794        1.30794
    4         2       0.886522     0.00886522        140.417        1.40417
    4         2       0.967432     0.00967432          150.6          1.506
    4         2        1.04951      0.0104951        160.665        1.60665
    4         2        1.13143      0.0113143        170.626        1.70626
    4         2        1.21617      0.0121617        180.493        1.80493
    4         2        1.30685      0.0130685        190.925        1.90925
    4         2        1.39444      0.0139444        200.628        2.00628
    4         2        1.48908      0.0148908        210.904        2.10904
    4         2        1.57806      0.0157806        220.475        2.20475
    4         3      0.0238364    0.000238364        11.7654       0.117654
    4         3      0.0626573    0.000626573         20.756        0.20756
    4         3       0.103776     0.00103776        29.3312       0.293312
    4         3       0.153249     0.00153249        38.5798       0.385798
    4         3       0.206567     0.00206567        47.8856       0.478856
    4         3       0.258781     0.00258781        56.7477       0.567477
    4         3       0.316609     0.00316609        65.9559       0.659559
    4         3        0.37345      0.0037345        74.8975       0.748975
    4         3       0.430593     0.00430593        83.5747       0.835747
    4         3       0.492412     0.00492412        92.6467       0.926467
    4         3       0.553816     0.00553816        101.532        1.01532
    4         3       0.618656     0.00618656         110.83         1.1083
    4         3       0.684458     0.00684458        119.962        1.19962
    4         3       0.749091     0.00749091        128.948        1.28948
    4         3        0.81494      0.0081494        137.802        1.37802
    4         3       0.880833     0.00880833        146.537        1.46537
    4         3       0.949822     0.00949822        155.702        1.55702
    4         3        1.02078      0.0102078        164.757        1.64757
    4         3        1.09065      0.0109065        173.714        1.73714
    4         3        1.16299      0.0116299        182.581        1.82581
    4         3        1.24041      0.0124041        191.882        1.91882
    5         0      0.0250537    0.000250537        14.9686       0.149686
    5         0      0.0656076    0.000656076        23.5244       0.235244
    5         0       0.115827     0.00115827        32.8488       0.328488
    5         0       0.165431     0.00165431        41.4576       0.414576
    5         0       0.219128     0.00219128        50.4897       0.504897
    5         0       0.273487     0.00273487        59.2218       0.592218
    5         0       0.333192     0.00333192        68.4899       0.684899
    5         0       0.391744     0.00391744        77.5381       0.775381
    5         0       0.451366     0.00451366        86.3267       0.863267
    5         0       0.515954     0.00515954        95.6538       0.956538
    5         0       0.579458     0.00579458         104.79         1.0479
    5         0       0.643768     0.00643768         113.76         1.1376
    5         0       0.708349     0.00708349         122.58         1.2258
    5         0       0.776939     0.00776939        131.929        1.31929
    5         0        0.84117      0.0084117        140.484        1.40484
    5         0       0.910979     0.00910979        149.576        1.49576
    5         0       0.979826     0.00979826        158.553        1.58553
    5         0        1.05024      0.0105024        167.428        1.67428
    5         0        1.12657      0.0112657        176.833        1.76833
    5         0        1.19772      0.0119772        185.525        1.85525
    5         0        1.27663      0.0127663        194.755        1.94755
    5         0        1.35554      0.0135554        203.906        2.03906
    5         1      0.0215693    0.000215693        10.7212       0.107212
    5         1      0.0757692    0.000757692        20.4409       0.204409
    5         1       0.132655     0.00132655        30.1466       0.301466
    5         1       0.201511     0.00201511         40.798        0.40798
    5         1       0.269633     0.00269633        50.7077       0.507077
    5         1       0.344615     0.00344615        60.8385       0.608385
    5         1       0.419054     0.00419054        70.5038       0.705038
    5         1       0.499421     0.00499421        80.5033       0.805033
    5         1       0.585877     0.00585877        90.8003       0.908003
    5         1       0.671517     0.00671517        100.817        1.00817
    5         1       0.757966     0.00757966        110.606        1.10606
    5         1       0.849746     0.00849746        120.854        1.20854
    5         1       0.941812     0.00941812        130.942        1.30942
    5         1        1.03494      0.0103494        140.905        1.40905
    5         1         1.1286       0.011286        150.769        1.50769
    5         1        1.22509      0.0122509        160.553        1.60553
    5         1        1.32886      0.0132886        170.881        1.70881
    5         1        1.42781      0.0142781        180.551        1.80551
    5         1        1.53609      0.0153609        190.785        1.90785
    5         1        1.64439      0.0164439        200.989        2.00989
    5         1        1.74805      0.0174805        210.573        2.10573
    5         2      0.0251403    0.000251403        15.7489       0.157489
    5         2      0.0668115    0.000668115        23.2808       0.232808
    5         2       0.119204     0.00119204         31.264        0.31264
    5         2       0.174596     0.00174596        39.3884       0.393884
    5         2       0.235102     0.00235102         47.848        0.47848
    5         2       0.291269     0.00291269        55.3355       0.553355
    5         2       0.356505     0.00356505        63.9017       0.639017
    5         2       0.417886     0.00417886        71.5758       0.715758
    5         2       0.484394     0.00484394         79.648        0.79648
    5         2       0.549361     0.00549361        87.4521       0.874521
    5         2       0.620767     0.00620767        95.6527       0.956527
    5         2       0.691425     0.00691425        103.651        1.03651
    5         2       0.762339     0.00762339        111.478        1.11478
    5         2       0.838518     0.00838518        119.695        1.19695
    5         2       0.914313     0.00914313        127.759        1.27759
    5         2       0.991419     0.00991419        135.689        1.35689
    5         2        1.06832      0.0106832          143.5          1.435
    5         2        1.15225      0.0115225        151.717        1.51717
    5         2         1.2364       0.012364         159.83         1.5983
    5         2         1.3236       0.013236         167.85         1.6785
    5         2        1.41084      0.0141084        175.789        1.75789
    5         2        1.50022      0.0150022        183.655        1.83655
    5         3      0.0213653    0.000213653        14.1883       0.141883
    5         3      0.0744688    0.000744688        22.0716       0.220716
    5         3       0.139739     0.00139739        30.1991       0.301991
    5         3       0.219994     0.00219994         38.895        0.38895
    5         3       0.299171     0.00299171         46.938        0.46938
    5         3       0.379797     0.00379797        54.5911       0.545911
    5         3       0.467581     0.00467581        62.6043       0.626043
    5         3       0.561577     0.00561577        70.9713       0.709713
    5         3        0.64893      0.0064893         78.459        0.78459
    5         3       0.751151     0.00751151        86.8877       0.868877
    5         3       0.844869     0.00844869        94.5174       0.945174
    5         3       0.947244     0.00947244        102.539        1.02539
    5         3        1.05763      0.0105763        110.945        1.10945
    5         3        1.16211      0.0116211         118.64         1.1864
    5         3        1.27658      0.0127658        126.743        1.26743
    5         3        1.39445      0.0139445        134.721        1.34721
    5         3        1.51332      0.0151332         142.59         1.4259
    5         3        1.64311      0.0164311        150.878        1.50878
    5         3          1.766        0.01766        158.563        1.58563
    5         3        1.89744      0.0189744         166.68         1.6668
    5         3        2.02959      0.0202959        174.726        1.74726
    5         3        2.16275      0.0216275         182.71         1.8271
    6         0      0.0169618    0.000169618        13.8914       0.138914
    6         0      0.0574021    0.000574021        24.3956       0.243956
    6         0        0.10252      0.0010252        34.0354       0.340354
    6         0       0.156244     0.00156244        44.4183       0.444183
    6         0       0.213934     0.00213934        54.8713       0.548713
    6         0       0.272748     0.00272748        64.7928       0.647928
    6         0       0.331809     0.00331809        74.3338       0.743338
    6         0       0.394582     0.00394582        84.2933       0.842933
    6         0       0.463289     0.00463289        94.6813       0.946813
    6         0       0.532052     0.00532052         104.79         1.0479
    6         0       0.599419     0.00599419        114.666        1.14666
    6         0       0.668087     0.00668087        124.341        1.24341
    6         0       0.741756     0.00741756        134.515        1.34515
    6         0       0.814214     0.00814214        144.516        1.44516
    6         0       0.887956     0.00887956        154.368        1.54368
    6         0        0.96616      0.0096616        164.733        1.64733
    6         0        1.04538      0.0104538        174.969        1.74969
    6         0        1.12068      0.0112068        184.463        1.84463
    6         0        1.20119      0.0120119        194.494        1.94494
    6         0        1.28422      0.0128422         204.44         2.0444
    6         0        1.37314      0.0137314        214.926        2.14926
    6         1      0.0285434    0.000285434        16.7066       0.167066
    6         1      0.0742945    0.000742945        26.5697       0.265697
    6         1       0.129662     0.00129662        36.9122       0.369122
    6         1       0.183861     0.00183861        46.3717       0.463717
    6         1       0.248303     0.00248303        56.8591       0.568591
    6         1       0.312814     0.00312814        66.8008       0.668008
    6         1       0.376873     0.00376873        76.3447       0.763447
    6         1       0.451706     0.00451706        86.8837       0.868837
    6         1       0.520896     0.00520896        96.4075       0.964075
    6         1       0.600059     0.00600059         106.99         1.0699
    6         1       0.674922     0.00674922        116.679        1.16679
    6         1       0.753403     0.00753403        126.813        1.26813
    6         1       0.833099     0.00833099        136.778        1.36778
    6         1       0.912541     0.00912541        146.604        1.46604
    6         1       0.997643     0.00997643        156.919        1.56919
    6         1        1.07879      0.0107879         166.53         1.6653
    6         1        1.16522      0.0116522        176.659        1.76659
    6         1        1.25373      0.0125373        186.716        1.86716
    6         1         1.3444       0.013444        196.717        1.96717
    6         1        1.43549      0.0143549        206.672        2.06672
    6         2      0.0229693    0.000229693        14.4812       0.144812
    6         2      0.0576968    0.000576968        22.3099       0.223099
    6         2      0.0962405    0.000962405        30.6124       0.306124
    6         2       0.133717     0.00133717        38.2988       0.382988
    6         2       0.178828     0.00178828        46.8502       0.468502
    6         2        0.22341      0.0022341        54.8327       0.548327
    6         2       0.271883     0.00271883        62.9944       0.629944
    6         2       0.321008     0.00321008         70.753        0.70753
    6         2       0.373994     0.00373994        78.7739       0.787739
    6         2       0.426056     0.00426056          86.46         0.8646
    6         2       0.486121     0.00486121        94.9847       0.949847
    6         2       0.542789     0.00542789        102.765        1.02765
    6         2        0.60313      0.0060313         110.89         1.1089
    6         2        0.66284      0.0066284         118.87         1.1887
    6         2       0.722674     0.00722674        126.737        1.26737
    6         2       0.787039     0.00787039        134.995        1.34995
    6         2       0.846918     0.00846918        142.694        1.42694
    6         2       0.910431     0.00910431        150.811        1.50811
    6         2       0.975253     0.00975253        158.879        1.58879
    6         2        1.04025      0.0104025         166.91         1.6691
    6         2        1.10529      0.0110529        174.913        1.74913
    6         3      0.0211852    0.000211852         14.471        0.14471
    6         3      0.0527543    0.000527543         22.847        0.22847
    6         3      0.0885379    0.000885379        30.7424       0.307424
    6         3       0.127255     0.00127255        38.4467       0.384467
    6         3       0.173913     0.00173913        46.8775       0.468775
    6         3       0.219758     0.00219758        54.8169       0.548169
    6         3       0.265505     0.00265505        62.4834       0.624834
    6         3       0.316105     0.00316105        70.5734       0.705734
    6         3       0.366579     0.00366579        78.5093       0.785093
    6         3        0.42024      0.0042024        86.8563       0.868563
    6         3       0.470205     0.00470205        94.5044       0.945044
    6         3       0.524467     0.00524467        102.629        1.02629
    6         3        0.57875      0.0057875        110.655        1.10655
    6         3       0.632036     0.00632036        118.588        1.18588
    6         3       0.690037     0.00690037        126.994        1.26994
    6         3       0.744304     0.00744304        134.759        1.34759
    6         3       0.802117     0.00802117        142.998        1.42998
    6         3       0.855461     0.00855461        150.618        1.50618
    6         3       0.914066     0.00914066        158.712        1.58712
    6         3       0.972669     0.00972669         166.74         1.6674
    6         3        1.03071      0.0103071        174.705        1.74705
    6         3         1.0896       0.010896        182.614        1.82614
    7         0      0.0181717    0.000181717         11.004        0.11004
    7         0      0.0539242    0.000539242        19.4244       0.194244
    7         0      0.0938803    0.000938803        27.3398       0.273398
    7         0       0.136595     0.00136595        35.4355       0.354355
    7         0       0.183676     0.00183676        43.8332       0.438332
    7         0       0.229777     0.00229777        51.9119       0.519119
    7         0       0.276476     0.00276476        59.7378       0.597378
    7         0       0.327611     0.00327611        67.9756       0.679756
    7         0       0.378786     0.00378786        75.9967       0.759967
    7         0       0.428939     0.00428939        83.7823       0.837823
    7         0       0.483615     0.00483615        91.9711       0.919711
    7         0       0.538647     0.00538647        99.9918       0.999918
    7         0       0.593283     0.00593283        107.863        1.07863
    7         0       0.647267     0.00647267        115.603        1.15603
    7         0       0.706154     0.00706154        123.767        1.23767
    7         0       0.765218     0.00765218        131.813        1.31813
    7         0       0.822974     0.00822974        139.754        1.39754
    7         0       0.881823     0.00881823          147.6          1.476
    7         0       0.944998     0.00944998        155.877        1.55877
    7         0          1.004        0.01004        163.558        1.63558
    7         0        1.06716      0.0106716        171.676        1.71676
    7         0        1.13155      0.0113155        179.724        1.79724
    7         1      0.0245988    0.000245988        12.6506       0.126506
    7         1       0.056546     0.00056546        20.3055       0.203055
    7         1      0.0961368    0.000961368        28.5368       0.285368
    7         1       0.138503     0.00138503        36.5444       0.365444
    7         1       0.184738     0.00184738        44.5211       0.445211
    7         1       0.233913     0.00233913        52.6115       0.526115
    7         1       0.287762     0.00287762         60.922        0.60922
    7         1       0.341808     0.00341808        68.9448       0.689448
    7         1       0.395906     0.00395906        76.7506       0.767506
    7         1        0.45279      0.0045279        84.8741       0.848741
    7         1       0.510933     0.00510933        92.8399       0.928399
    7         1       0.568871     0.00568871        100.672        1.00672
    7         1        0.62969      0.0062969        108.902        1.08902
    7         1       0.687515     0.00687515        116.515        1.16515
    7         1       0.749378     0.00749378         124.54         1.2454
    7         1       0.814571     0.00814571        132.968        1.32968
    7         1       0.875703     0.00875703         140.82         1.4082
    7         1       0.937763     0.00937763        148.599        1.48599
    7         1        1.00416      0.0100416        156.793        1.56793
    7         1        1.07001      0.0107001        164.921        1.64921
    7         1        1.13722      0.0113722        172.989        1.72989
    7         2      0.0248304    0.000248304        12.5921       0.125921
    7         2      0.0482452    0.000482452        18.4519       0.184519
    7         2      0.0771429    0.000771429        24.9029       0.249029
    7         2       0.105452     0.00105452        30.7583       0.307583
    7         2       0.136782     0.00136782        36.7591       0.367591
    7         2       0.170957     0.00170957        42.9467       0.429467
    7         2       0.205382     0.00205382        48.8625       0.488625
    7         2       0.239803     0.00239803        54.5779       0.545779
    7         2       0.276451     0.00276451        60.5768       0.605768
    7         2       0.316192     0.00316192        66.8604       0.668604
    7         2       0.356507     0.00356507        72.9773       0.729773
    7         2       0.396678     0.00396678        78.9467       0.789467
    7         2       0.436875     0.00436875        84.7513       0.847513
    7         2       0.479854     0.00479854        90.8524       0.908524
    7         2       0.522379     0.00522379        96.8408       0.968408
    7         2       0.565111     0.00565111        102.723        1.02723
    7         2       0.611038     0.00611038        108.898        1.08898
    7         2       0.657067     0.00657067        114.977        1.14977
    7         2       0.702665     0.00702665        120.972        1.20972
    7         2       0.747851     0.00747851        126.889        1.26889
    7         2       0.793947     0.00793947        132.736        1.32736
    7         2       0.842679     0.00842679        138.878        1.38878
    7         2       0.891478     0.00891478        144.955        1.44955
    7         3      0.0198024    0.000198024        11.8137       0.118137
    7         3       0.052379     0.00052379        19.7021       0.197021
    7         3      0.0898107    0.000898107        27.3974       0.273974
    7         3       0.134477     0.00134477        35.8779       0.358779
    7         3       0.178159     0.00178159        43.7485       0.437485
    7         3       0.226287     0.00226287        51.8813       0.518813
    7         3       0.274811     0.00274811         59.676        0.59676
    7         3       0.327536     0.00327536        67.8203       0.678203
    7         3       0.379398     0.00379398        75.7099       0.757099
    7         3       0.435847     0.00435847        83.9212       0.839212
    7         3         0.4927       0.004927        91.9124       0.919124
    7         3       0.548306     0.00548306        99.7254       0.997254
    7         3       0.609067     0.00609067        107.924        1.07924
    7         3       0.669983     0.00669983        115.969        1.15969
    7         3       0.729802     0.00729802        123.881        1.23881
    7         3       0.790558     0.00790558        131.677        1.31677
    7         3       0.855375     0.00855375        139.879        1.39879
    7         3       0.919692     0.00919692         147.98         1.4798
    7         3       0.984897     0.00984897        155.991        1.55991
    7         3        1.05033      0.0105033        163.923        1.63923
    7         3        1.11598      0.0111598        171.785        1.71785
    8         0      0.0314237    0.000314237        14.2866       0.142866
    8         0      0.0511758    0.000511758        20.2619       0.202619
    8         0        0.07422      0.0007422        26.3006       0.263006
    8         0       0.100556     0.00100556        32.4225       0.324225
    8         0       0.130184     0.00130184        38.6458       0.386458
    8         0       0.163105     0.00163105        44.9845       0.449845
    8         0       0.195995     0.00195995        50.8857       0.508857
    8         0       0.230075     0.00230075        56.4647       0.564647
    8         0         0.2714       0.002714        62.8278       0.628278
    8         0       0.312584     0.00312584        68.9071       0.689071
    8         0        0.35369      0.0035369         74.775        0.74775
    8         0       0.397827     0.00397827        80.9133       0.809133
    8         0       0.442312     0.00442312        86.8594       0.868594
    8         0       0.487092     0.00487092        92.6815       0.926815
    8         0       0.535244     0.00535244        98.8273       0.988273
    8         0       0.583377     0.00583377        104.869        1.04869
    8         0       0.631587     0.00631587        110.828        1.10828
    8         0       0.679793     0.00679793        116.719        1.16719
    8         0       0.730794     0.00730794        122.968        1.22968
    8         0       0.778692     0.00778692        128.754        1.28754
    8         0       0.830344     0.00830344        134.913        1.34913
    8         0       0.878715     0.00878715        140.631        1.40631
    8         1      0.0259769    0.000259769        13.6422       0.136422
    8         1      0.0573648    0.000573648        20.5499       0.205499
    8         1      0.0922402    0.000922402        27.7642       0.277642
    8         1       0.127116     0.00127116        34.5687       0.345687
    8         1       0.165479     0.00165479         41.649        0.41649
    8         1       0.207329     0.00207329        48.9678       0.489678
    8         1        0.24918      0.0024918        55.9195       0.559195
    8         1       0.291031     0.00291031        62.5703       0.625703
    8         1       0.339855     0.00339855        69.9994       0.699994
    8         1       0.385249     0.00385249        76.6433       0.766433
    8         1       0.434183     0.00434183        83.5219       0.835219
    8         1       0.485623     0.00485623        90.6629       0.906629
    8         1       0.538015     0.00538015        97.6191       0.976191
    8         1       0.593921     0.00593921        104.867        1.04867
    8         1       0.649746     0.00649746        111.974        1.11974
    8         1        0.70559      0.0070559        118.964        1.18964
    8         1       0.761582     0.00761582        125.861        1.25861
    8         1        0.81686      0.0081686        132.681        1.32681
    8         1       0.876148     0.00876148        139.858        1.39858
    8         1       0.935998     0.00935998        146.977        1.46977
    8         1       0.992622     0.00992622        153.635        1.53635
    8         2      0.0264763    0.000264763        13.7452       0.137452
    8         2      0.0518412    0.000518412        20.2749       0.202749
    8         2      0.0844531    0.000844531         27.682        0.27682
    8         2       0.120689     0.00120689        34.9526       0.349526
    8         2          0.157        0.00157        41.5437       0.415437
    8         2       0.201244     0.00201244        48.8502       0.488502
    8         2        0.24605      0.0024605        55.6927       0.556927
    8         2       0.294536     0.00294536        62.7212       0.627212
    8         2       0.345552     0.00345552        69.9738       0.699738
    8         2        0.39763      0.0039763        76.9787       0.769787
    8         2       0.449737     0.00449737        83.7466       0.837466
    8         2       0.505449     0.00505449        90.8258       0.908258
    8         2        0.56053      0.0056053        97.7712       0.977712
    8         2       0.616644     0.00616644        104.606        1.04606
    8         2       0.676128     0.00676128        111.802        1.11802
    8         2       0.735892     0.00735892        118.921        1.18921
    8         2       0.794588     0.00794588        125.979        1.25979
    8         2        0.85439      0.0085439        132.989        1.32989
    8         2        0.91442      0.0091442        139.962        1.39962
    8         2       0.974879     0.00974879        146.906        1.46906
    8         2        1.03459      0.0103459        153.828        1.53828
    8         2        1.09605      0.0109605        160.734        1.60734
    8         3      0.0298612    0.000298612        16.7143       0.167143
    8         3      0.0496829    0.000496829        21.7144       0.217144
    8         3      0.0714866    0.000714866        26.6028       0.266028
    8         3      0.0972547    0.000972547        31.8481       0.318481
    8         3       0.123023     0.00123023        36.6914       0.366914
    8         3       0.152755     0.00152755        41.9211       0.419211
    8         3       0.182671     0.00182671        46.8594       0.468594
    8         3       0.215259     0.00215259        51.8907       0.518907
    8         3         0.2469       0.002469        56.7196       0.567196
    8         3       0.283353     0.00283353        61.9741       0.619741
    8         3       0.317919     0.00317919          66.78         0.6678
    8         3       0.354482     0.00354482        71.7507       0.717507
    8         3       0.393097     0.00393097        76.8825       0.768825
    8         3       0.430849     0.00430849        81.8862       0.818862
    8         3       0.469063     0.00469063        86.7946       0.867946
    8         3       0.509829     0.00509829        91.8937       0.918937
    8         3       0.550592     0.00550592        96.9257       0.969257
    8         3       0.591099     0.00591099          101.9          1.019
    8         3       0.630725     0.00630725        106.827        1.06827
    8         3       0.673166     0.00673166        111.958        1.11958
    8         3       0.714009     0.00714009         116.81         1.1681
    9         0     0.00937234    9.37234e-05        13.7773       0.137773
    9         0      0.0293191    0.000293191        19.5162       0.195162
    9         0       0.054965     0.00054965        25.9058       0.259058
    9         0      0.0806109    0.000806109        31.5638       0.315638
    9         0       0.111956     0.00111956        37.8141       0.378141
    9         0       0.143301     0.00143301        43.5496       0.435496
    9         0       0.178905     0.00178905        49.8607       0.498607
    9         0       0.211252     0.00211252        55.7933       0.557933
    9         0       0.248509     0.00248509        61.8683       0.618683
    9         0       0.285179     0.00285179        67.6895       0.676895
    9         0       0.324259     0.00324259        73.7126       0.737126
    9         0       0.366347     0.00366347        79.9253       0.799253
    9         0       0.408014     0.00408014        85.9373       0.859373
    9         0       0.449248     0.00449248        91.8239       0.918239
    9         0       0.494021     0.00494021        97.9568       0.979568
    9         0        0.53864      0.0053864        103.985        1.03985
    9         0       0.583264     0.00583264        109.929        1.09929
    9         0       0.627866     0.00627866        115.802        1.15802
    9         0       0.675229     0.00675229        121.955        1.21955
    9         0       0.719153     0.00719153        127.714        1.27714
    9         0       0.766234     0.00766234        133.766        1.33766
    9         0       0.813668     0.00813668        139.778        1.39778
    9         1       0.027726     0.00027726        13.7574       0.137574
    9         1      0.0520035    0.000520035         20.652        0.20652
    9         1      0.0797491    0.000797491         27.748        0.27748
    9         1       0.110963     0.00110963        34.9803       0.349803
    9         1       0.142177     0.00142177        41.6198       0.416198
    9         1       0.177622     0.00177622        48.4688       0.484688
    9         1       0.214898     0.00214898        55.5211       0.555211
    9         1       0.258232     0.00258232        62.7664       0.627664
    9         1       0.300244     0.00300244        69.6326       0.696326
    9         1        0.34535      0.0034535        76.7555       0.767555
    9         1       0.391172     0.00391172        83.5623       0.835623
    9         1       0.440614     0.00440614        90.6401       0.906401
    9         1       0.493679     0.00493679        97.9975       0.979975
    9         1       0.543222     0.00543222        104.687        1.04687
    9         1       0.596277     0.00596277        111.702        1.11702
    9         1       0.648401     0.00648401        118.587        1.18587
    9         1       0.705157     0.00705157        125.811        1.25811
    9         1       0.761725     0.00761725        132.935        1.32935
    9         1        0.81827      0.0081827        139.975        1.39975
    9         1       0.875223     0.00875223        146.946        1.46946
    9         1         0.9315       0.009315         153.86         1.5386
    9         2      0.0224403    0.000224403         12.184        0.12184
    9         2      0.0475975    0.000475975        18.4689       0.184689
    9         2      0.0763486    0.000763486        24.7115       0.247115
    9         2       0.108694     0.00108694        30.8589       0.308589
    9         2       0.144633     0.00144633        36.9947       0.369947
    9         2       0.179919     0.00179919        42.6493       0.426493
    9         2       0.217098     0.00217098        48.4927       0.484927
    9         2       0.259242     0.00259242        54.5423       0.545423
    9         2       0.304333     0.00304333        60.8284       0.608284
    9         2       0.349615     0.00349615         66.894        0.66894
    9         2       0.394872     0.00394872        72.8088       0.728088
    9         2       0.440071     0.00440071         78.595        0.78595
    9         2       0.488037     0.00488037        84.6754       0.846754
    9         2       0.536801     0.00536801        90.6689       0.906689
    9         2       0.585649     0.00585649        96.5915       0.965915
    9         2       0.637867     0.00637867        102.869        1.02869
    9         2       0.686774     0.00686774        108.681        1.08681
    9         2       0.739067     0.00739067        114.866        1.14866
    9         2       0.787035     0.00787035        120.608        1.20608
    9         2        0.83948      0.0083948        126.734        1.26734
    9         2       0.892167     0.00892167         132.84         1.3284
    9         2       0.944853     0.00944853         138.93         1.3893
    9         2       0.994381     0.00994381        144.603        1.44603
    9         3      0.0262451    0.000262451        8.89586      0.0889586
    9         3      0.0408472    0.000408472        13.3206       0.133206
    9         3      0.0642105    0.000642105        18.9517       0.189517
    9         3      0.0875739    0.000875739        23.6265       0.236265
    9         3       0.116778     0.00116778        28.7342       0.287342
    9         3       0.148904     0.00148904         33.794        0.33794
    9         3       0.184895     0.00184895        38.8956       0.388956
    9         3       0.218862     0.00218862        43.7124       0.437124
    9         3       0.257665     0.00257665        48.7113       0.487113
    9         3        0.29783      0.0029783        53.9108       0.539108
    9         3       0.338982     0.00338982        58.9741       0.589741
    9         3       0.380315     0.00380315        63.9207       0.639207
    9         3       0.421709     0.00421709        68.7912       0.687912
    9         3       0.465289     0.00465289        73.9415       0.739415
    9         3       0.505862     0.00505862        78.6886       0.786886
    9         3       0.550263     0.00550263        83.6971       0.836971
    9         3       0.597504     0.00597504        88.9969       0.889969
    9         3       0.641716     0.00641716        93.9375       0.939375
    9         3       0.684999     0.00684999         98.849        0.98849
    9         3       0.729109     0.00729109        103.739        1.03739
    9         3       0.776352     0.00776352        108.937        1.08937
    9         3       0.820654     0.00820654        113.796        1.13796
   10         0      0.0252273    0.000252273        13.9146       0.139146
   10         0      0.0445416    0.000445416        18.6663       0.186663
   10         0      0.0686845    0.000686845        23.9345       0.239345
   10         0      0.0928275    0.000928275          28.84         0.2884
   10         0       0.119385     0.00119385        33.9697       0.339697
   10         0       0.145942     0.00145942        38.8829       0.388829
   10         0       0.173402     0.00173402        43.6161       0.436161
   10         0       0.201868     0.00201868         48.602        0.48602
   10         0       0.233744     0.00233744        53.8251       0.538251
   10         0       0.265848     0.00265848        58.8716       0.588716
   10         0       0.297547     0.00297547        63.7769       0.637769
   10         0       0.331886     0.00331886        68.9156       0.689156
   10         0        0.36629      0.0036629        73.9125       0.739125
   10         0       0.400613     0.00400613        78.7808       0.787808
   10         0       0.437356     0.00437356        83.8437       0.838437
   10         0       0.474242     0.00474242        88.7961       0.887961
   10         0        0.51371      0.0051371        93.9749       0.939749
   10         0       0.550391     0.00550391        98.7352       0.987352
   10         0       0.589108     0.00589108        103.725        1.03725
   10         0       0.630793     0.00630793        108.938        1.08938
   10         0       0.670141     0.00670141         113.77         1.1377
   10         0       0.711949     0.00711949        118.832        1.18832
   10         1      0.0278759    0.000278759        17.6952       0.176952
   10         1      0.0493087    0.000493087        22.5084       0.225084
   10         1      0.0760997    0.000760997        27.9209       0.279209
   10         1       0.102891     0.00102891        32.9007       0.329007
   10         1       0.129682     0.00129682        37.5672       0.375672
   10         1        0.16168      0.0016168        42.8542       0.428542
   10         1        0.19489      0.0019489        47.8739       0.478739
   10         1       0.227515     0.00227515        52.6757       0.526757
   10         1       0.263518     0.00263518        57.6866       0.576866
   10         1       0.301757     0.00301757        62.9025       0.629025
   10         1       0.339318     0.00339318        67.9518       0.679518
   10         1       0.377675     0.00377675        72.8643       0.728643
   10         1       0.419097     0.00419097        77.9991       0.779991
   10         1       0.460283     0.00460283        82.9896       0.829896
   10         1       0.501578     0.00501578        87.8809       0.878809
   10         1        0.54281      0.0054281        92.6976       0.926976
   10         1       0.585926     0.00585926        97.7553       0.977553
   10         1       0.629962     0.00629962        102.742        1.02742
   10         1       0.676758     0.00676758        107.977        1.07977
   10         1       0.720707     0.00720707        112.851        1.12851
   10         1       0.767724     0.00767724         117.98         1.1798
   10         1       0.811195     0.00811195        122.769        1.22769
   10         1        0.85762      0.0085762         127.82         1.2782
   10         2     0.00638422    6.38422e-05        22.6189       0.226189
   10         2      0.0332178    0.000332178        27.9032       0.279032
   10         2      0.0600515    0.000600515        32.5463       0.325463
   10         2      0.0928481    0.000928481        37.6541       0.376541
   10         2       0.128626     0.00128626         42.735        0.42735
   10         2       0.165776     0.00165776        47.8301       0.478301
   10         2       0.201863     0.00201863        52.9656       0.529656
   10         2       0.238704     0.00238704        57.8281       0.578281
   10         2       0.278176     0.00278176        62.7946       0.627946
   10         2       0.320222     0.00320222         67.892        0.67892
   10         2       0.362349     0.00362349        72.8004       0.728004
   10         2       0.407124     0.00407124         77.856        0.77856
   10         2       0.451743     0.00451743        82.7475       0.827475
   10         2       0.498361     0.00498361        87.8044       0.878044
   10         2       0.545939     0.00545939        92.7715       0.927715
   10         2       0.596069     0.00596069        97.9273       0.979273
   10         2       0.643567     0.00643567        102.746        1.02746
   10         2       0.693638     0.00693638         107.78         1.0778
   10         2       0.743586     0.00743586        112.772        1.12772
   10         2       0.795404     0.00795404        117.992        1.17992
   10         2       0.845591     0.00845591        122.926        1.22926
   10         2       0.895945     0.00895945        127.845        1.27845
   10         3      0.0310064    0.000310064         19.393        0.19393
   10         3      0.0555742    0.000555742        24.9207       0.249207
   10         3      0.0828717    0.000828717        29.8944       0.298944
   10         3       0.112899     0.00112899        34.7767       0.347767
   10         3       0.145656     0.00145656        39.7496       0.397496
   10         3       0.181516     0.00181516        44.8948       0.448948
   10         3       0.218514     0.00218514        49.8753       0.498753
   10         3       0.254832     0.00254832        54.7382       0.547382
   10         3       0.293404     0.00293404          59.87         0.5987
   10         3       0.332816     0.00332816        64.9294       0.649294
   10         3       0.372384     0.00372384        69.9226       0.699226
   10         3       0.411885     0.00411885        74.8536       0.748536
   10         3       0.451175     0.00451175        79.7222       0.797222
   10         3       0.492838     0.00492838        84.8628       0.848628
   10         3       0.535063     0.00535063        89.9668       0.899668
   10         3       0.574602     0.00574602        94.7004       0.947004
   10         3       0.616808     0.00616808        99.7378       0.997378
   10         3       0.659235     0.00659235        104.747        1.04747
   10         3       0.701332     0.00701332        109.734        1.09734
   10         3       0.742867     0.00742867        114.698        1.14698
   10         3       0.788075     0.00788075        119.974        1.19974
   11         0      0.0319885    0.000319885        8.97209      0.0897209
   11         0      0.0450484    0.000450484        13.5896       0.135896
   11         0      0.0633322    0.000633322        18.6956       0.186956
   11         0       0.084228     0.00084228        23.5308       0.235308
   11         0       0.110348     0.00110348        28.7656       0.287656
   11         0        0.13908      0.0013908        33.9241       0.339241
   11         0       0.167866     0.00167866        38.6956       0.386956
   11         0       0.199116     0.00199116        43.6072       0.436072
   11         0       0.234021     0.00234021        48.6912       0.486912
   11         0       0.272133     0.00272133        53.9652       0.539652
   11         0        0.30714      0.0030714        58.7286       0.587286
   11         0          0.345        0.00345        63.7526       0.637526
   11         0       0.382837     0.00382837        68.6771       0.686771
   11         0       0.422767     0.00422767        73.8799       0.738799
   11         0       0.460237     0.00460237        78.6687       0.786687
   11         0       0.500951     0.00500951        83.7133       0.837133
   11         0       0.541541     0.00541541        88.7115       0.887115
   11         0       0.582151     0.00582151        93.6764       0.936764
   11         0       0.625414     0.00625414         98.933        0.98933
   11         0       0.665849     0.00665849        103.832        1.03832
   11         0        0.70594      0.0070594         108.71         1.0871
   11         0       0.748771     0.00748771        113.891        1.13891
   11         1      0.0306652    0.000306652        18.5147       0.185147
   11         1      0.0507545    0.000507545        23.7775       0.237775
   11         1      0.0737136    0.000737136        28.8152       0.288152
   11         1      0.0995427    0.000995427        33.8595       0.338595
   11         1       0.125372     0.00125372        38.5218       0.385218
   11         1       0.156896     0.00156896        43.8842       0.438842
   11         1       0.188722     0.00188722        48.9796       0.489796
   11         1       0.221326     0.00221326        53.8761       0.538761
   11         1        0.25329      0.0025329        58.6216       0.586216
   11         1       0.288277     0.00288277        63.6441       0.636441
   11         1       0.326566     0.00326566         68.929        0.68929
   11         1       0.362043     0.00362043        73.7033       0.737033
   11         1        0.40038      0.0040038        78.7638       0.787638
   11         1       0.438523     0.00438523        83.6981       0.836981
   11         1       0.479319     0.00479319        88.9217       0.889217
   11         1       0.517571     0.00517571         93.704        0.93704
   11         1       0.559078     0.00559078        98.7822       0.987822
   11         1       0.600404     0.00600404        103.798        1.03798
   11         1       0.641433     0.00641433         108.76         1.0876
   11         1       0.682324     0.00682324        113.674        1.13674
   11         1       0.726627     0.00726627        118.894        1.18894
   11         1       0.768041     0.00768041        123.728        1.23728
   11         2      0.0317622    0.000317622        10.8916       0.108916
   11         2      0.0508958    0.000508958        14.6964       0.146964
   11         2      0.0748129    0.000748129        18.9308       0.189308
   11         2        0.09873      0.0009873        22.8089       0.228089
   11         2       0.125039     0.00125039        26.8059       0.268059
   11         2       0.153739     0.00153739        30.9451       0.309451
   11         2        0.18261      0.0018261        34.9203       0.349203
   11         2       0.211782     0.00211782        38.7767       0.387767
   11         2       0.243282     0.00243282        42.8512       0.428512
   11         2       0.274836     0.00274836        46.8417       0.468417
   11         2       0.306137     0.00306137        50.7669       0.507669
   11         2       0.339557     0.00339557        54.9427       0.549427
   11         2       0.371004     0.00371004        58.7667       0.587667
   11         2       0.405119     0.00405119        62.8589       0.628589
   11         2       0.439182     0.00439182        66.9023       0.669023
   11         2       0.473359     0.00473359        70.9246       0.709246
   11         2       0.507517     0.00507517        74.9238       0.749238
   11         2       0.541567     0.00541567        78.8927       0.788927
   11         2       0.575589     0.00575589        82.8206       0.828206
   11         2       0.609585     0.00609585        86.7295       0.867295
   11         2       0.646065     0.00646065        90.9078       0.909078
   11         2       0.680206     0.00680206        94.7946       0.947946
   11         3      0.0262091    0.000262091        16.3361       0.163361
   11         3      0.0475825    0.000475825        21.9142       0.219142
   11         3      0.0662843    0.000662843        26.4188       0.264188
   11         3      0.0903294    0.000903294        31.7961       0.317961
   11         3       0.114375     0.00114375        36.7938       0.367938
   11         3       0.141091     0.00141091        41.9869       0.419869
   11         3       0.167761     0.00167761        46.8684       0.468684
   11         3          0.198        0.00198        51.9523       0.519523
   11         3       0.227526     0.00227526        56.7753       0.567753
   11         3       0.261207     0.00261207        61.8116       0.618116
   11         3       0.293851     0.00293851        66.6361       0.666361
   11         3       0.328656     0.00328656        71.6783       0.716783
   11         3       0.366659     0.00366659        76.9262       0.769262
   11         3        0.40518      0.0040518        81.9865       0.819865
   11         3       0.443547     0.00443547        86.9036       0.869036
   11         3       0.481912     0.00481912        91.7182       0.917182
   11         3       0.523239     0.00523239        96.7721       0.967721
   11         3       0.563902     0.00563902        101.733        1.01733
   11         3       0.607173     0.00607173        106.942        1.06942
   11         3       0.648451     0.00648451        111.758        1.11758
   11         3       0.692389     0.00692389        116.834        1.16834
   11         3       0.736356     0.00736356        121.856        1.21856
   11         3       0.780387     0.00780387        126.833        1.26833
