 *tel    numcsi   CsIInVoltage     errCsIInVoltage           CsIE       errCsIE
    0         0      0.0356784    0.000356784        5.99677      0.0599677
    0         0       0.133475     0.00133475        19.9593       0.199593
    0         0       0.216435     0.00216435        33.3886       0.333886
    0         0       0.298755     0.00298755        47.6744       0.476744
    0         0       0.378201     0.00378201        61.8319       0.618319
    0         0       0.451454     0.00451454        75.7235       0.757235
    0         0       0.521913     0.00521913        89.2516       0.892516
    0         0       0.590694     0.00590694        103.284        1.03284
    0         0       0.660192     0.00660192        117.846        1.17846
    0         0       0.724728     0.00724728        131.938        1.31938
    0         0       0.785656     0.00785656        145.479        1.45479
    0         0       0.844951     0.00844951        159.485        1.59485
    0         0       0.906454     0.00906454        173.981        1.73981
    0         0       0.962224     0.00962224        187.822        1.87822
    0         0        1.01393      0.0101393         200.92         2.0092
    0         0        1.07139      0.0107139        215.682        2.15682
    0         0        1.12313      0.0112313        229.672        2.29672
    0         0        1.17202      0.0117202        242.793        2.42793
    0         0        1.22506      0.0122506        257.695        2.57695
    0         0        1.27473      0.0127473        271.693        2.71693
    0         1      0.0331362    0.000331362        5.66423      0.0566423
    0         1       0.131633     0.00131633        19.6633       0.196633
    0         1       0.217047     0.00217047         33.279        0.33279
    0         1       0.303476     0.00303476        47.6489       0.476489
    0         1       0.385127     0.00385127        61.8576       0.618576
    0         1       0.462623     0.00462623        75.7992       0.757992
    0         1        0.53487      0.0053487        89.3907       0.893907
    0         1       0.607645     0.00607645        103.514        1.03514
    0         1       0.674874     0.00674874        117.207        1.17207
    0         1       0.743223     0.00743223        131.424        1.31424
    0         1       0.805411     0.00805411        145.124        1.45124
    0         1       0.868073     0.00868073        159.338        1.59338
    0         1        0.92655      0.0092655        172.943        1.72943
    0         1       0.985766     0.00985766        187.043        1.87043
    0         1        1.04431      0.0104431        201.671        2.01671
    0         1        1.09902      0.0109902        215.574        2.15574
    0         1        1.15385      0.0115385        229.981        2.29981
    0         1        1.20503      0.0120503        243.543        2.43543
    0         1          1.256        0.01256        257.575        2.57575
    0         1        1.30321      0.0130321        270.632        2.70632
    0         2      0.0348195    0.000348195         5.8146       0.058146
    0         2       0.132814     0.00132814        19.3273       0.193273
    0         2       0.229708     0.00229708        33.8998       0.338998
    0         2       0.316256     0.00316256        47.7909       0.477909
    0         2       0.398223     0.00398223        61.5677       0.615677
    0         2       0.476847     0.00476847        75.1415       0.751415
    0         2       0.553847     0.00553847        89.3422       0.893422
    0         2       0.626473     0.00626473        103.266        1.03266
    0         2       0.699767     0.00699767         117.83         1.1783
    0         2       0.762723     0.00762723        131.006        1.31006
    0         2       0.830732     0.00830732        145.818        1.45818
    0         2        0.88862      0.0088862        159.065        1.59065
    0         2       0.948093     0.00948093        172.858        1.72858
    0         2        1.00703      0.0100703        187.238        1.87238
    0         2        1.06165      0.0106165        200.972        2.00972
    0         2        1.11631      0.0111631        215.273        2.15273
    0         2        1.16708      0.0116708        228.801        2.28801
    0         2        1.21907      0.0121907        242.866        2.42866
    0         2        1.26979      0.0126979        257.506        2.57506
    0         2        1.31748      0.0131748        271.208        2.71208
    0         2        1.36417      0.0136417        285.443        2.85443
    0         3      0.0321746    0.000321746        5.81169      0.0581169
    0         3       0.135582     0.00135582        19.7383       0.197383
    0         3       0.225215     0.00225215        33.5436       0.335436
    0         3       0.309467     0.00309467        47.4208       0.474208
    0         3       0.390642     0.00390642         61.133        0.61133
    0         3       0.470304     0.00470304        75.4557       0.754557
    0         3       0.544997     0.00544997        89.4449       0.894449
    0         3        0.62031      0.0062031        103.998        1.03998
    0         3       0.685452     0.00685452        117.089        1.17089
    0         3       0.755978     0.00755978        131.711        1.31711
    0         3       0.820965     0.00820965        145.802        1.45802
    0         3       0.880754     0.00880754        159.275        1.59275
    0         3        0.94205      0.0094205         173.22         1.7322
    0         3        1.00292      0.0100292        187.667        1.87667
    0         3        1.05913      0.0105913        201.379        2.01379
    0         3        1.11553      0.0111553        215.564        2.15564
    0         3        1.16807      0.0116807        228.896        2.28896
    0         3        1.22031      0.0122031        242.669        2.42669
    0         3        1.27407      0.0127407        256.908        2.56908
    0         3        1.32889      0.0132889        271.642        2.71642
    1         0      0.0337714    0.000337714        5.50298      0.0550298
    1         0       0.124435     0.00124435        17.7825       0.177825
    1         0       0.202997     0.00202997        29.9713       0.299713
    1         0       0.273487     0.00273487        41.2579       0.412579
    1         0        0.34831      0.0034831        53.6951       0.536951
    1         0       0.418422     0.00418422        65.6752       0.656752
    1         0       0.488891     0.00488891        77.9435       0.779435
    1         0       0.554857     0.00554857        89.6476       0.896476
    1         0       0.620165     0.00620165        101.596        1.01596
    1         0       0.686258     0.00686258        113.794        1.13794
    1         0       0.746805     0.00746805        125.346        1.25346
    1         0        0.80786      0.0080786        137.123        1.37123
    1         0       0.868837     0.00868837        149.131        1.49131
    1         0       0.931118     0.00931118        161.377        1.61377
    1         0       0.992169     0.00992169         173.87         1.7387
    1         0        1.04995      0.0104995        185.628        1.85628
    1         0        1.10746      0.0110746        197.613        1.97613
    1         0        1.16691      0.0116691        209.831        2.09831
    1         0        1.22069      0.0122069        221.244        2.21244
    1         0        1.28114      0.0128114        233.937        2.33937
    1         0        1.33617      0.0133617        245.802        2.45802
    1         1      0.0333099    0.000333099        5.89877      0.0589877
    1         1       0.122984     0.00122984        18.8363       0.188363
    1         1       0.206856     0.00206856        31.8378       0.318378
    1         1       0.285537     0.00285537        44.6945       0.446945
    1         1       0.360637     0.00360637        57.2962       0.572962
    1         1       0.434563     0.00434563        70.4031       0.704031
    1         1       0.504856     0.00504856        83.1768       0.831768
    1         1       0.574363     0.00574363        96.4541       0.964541
    1         1       0.640387     0.00640387        109.333        1.09333
    1         1       0.704802     0.00704802        122.715        1.22715
    1         1       0.766302     0.00766302        135.623        1.35623
    1         1       0.821691     0.00821691         147.98         1.4798
    1         1       0.882934     0.00882934        161.877        1.61877
    1         1       0.934517     0.00934517        174.077        1.74077
    1         1       0.991089     0.00991089         187.88         1.8788
    1         1        1.03891      0.0103891        199.802        1.99802
    1         1        1.09074      0.0109074        213.384        2.13384
    1         1        1.13964      0.0113964        226.184        2.26184
    1         1        1.18877      0.0118877        239.443        2.39443
    1         1        1.23244      0.0123244        251.793        2.51793
    1         1        1.27762      0.0127762        264.563        2.64563
    1         1        1.32225      0.0132225        277.778        2.77778
    1         2      0.0344103    0.000344103        5.62492      0.0562492
    1         2       0.138788     0.00138788        19.9755       0.199755
    1         2       0.225637     0.00225637        33.3205       0.333205
    1         2       0.313284     0.00313284        47.4776       0.474776
    1         2       0.395337     0.00395337        61.5699       0.615699
    1         2       0.473284     0.00473284        75.4961       0.754961
    1         2       0.546591     0.00546591        89.1713       0.891713
    1         2       0.619742     0.00619742        103.488        1.03488
    1         2       0.688121     0.00688121        117.474        1.17474
    1         2       0.750643     0.00750643        131.039        1.31039
    1         2        0.81487      0.0081487        145.203        1.45203
    1         2       0.873031     0.00873031         158.85         1.5885
    1         2       0.932263     0.00932263        173.084        1.73084
    1         2       0.990895     0.00990895        187.953        1.87953
    1         2        1.04128      0.0104128        200.862        2.00862
    1         2        1.09644      0.0109644        215.647        2.15647
    1         2         1.1467       0.011467        229.657        2.29657
    1         2        1.19299      0.0119299        242.762        2.42762
    1         2        1.24423      0.0124423        257.913        2.57913
    1         2        1.28628      0.0128628        270.512        2.70512
    1         2        1.33301      0.0133301        285.227        2.85227
    1         3      0.0397187    0.000397187         6.9496       0.069496
    1         3       0.138668     0.00138668        20.9967       0.209967
    1         3       0.225177     0.00225177        34.7196       0.347196
    1         3       0.306896     0.00306896        48.5159       0.485159
    1         3       0.385335     0.00385335        62.2209       0.622209
    1         3       0.462382     0.00462382        76.6468       0.766468
    1         3       0.534884     0.00534884        90.8641       0.908641
    1         3       0.603462     0.00603462        104.781        1.04781
    1         3       0.666313     0.00666313        118.305        1.18305
    1         3       0.729574     0.00729574         132.45         1.3245
    1         3       0.787083     0.00787083        146.099        1.46099
    1         3       0.846047     0.00846047        160.358        1.60358
    1         3       0.899926     0.00899926        174.005        1.74005
    1         3       0.953555     0.00953555        188.243        1.88243
    1         3         1.0028       0.010028        201.736        2.01736
    1         3        1.05195      0.0105195         215.79         2.1579
    1         3        1.10279      0.0110279        230.446        2.30446
    1         3        1.14786      0.0114786        244.187        2.44187
    1         3        1.19331      0.0119331        258.486        2.58486
    1         3        1.23465      0.0123465        271.699        2.71699
    1         3        1.27535      0.0127535        285.414        2.85414
    1         3        1.31787      0.0131787        299.668        2.99668
    2         0      0.0416304    0.000416304        6.67602      0.0667602
    2         0       0.117169     0.00117169        17.7802       0.177802
    2         0       0.183301     0.00183301        28.2544       0.282544
    2         0       0.252327     0.00252327        39.9097       0.399097
    2         0       0.313624     0.00313624        50.2782       0.502782
    2         0       0.378552     0.00378552        61.6809       0.616809
    2         0       0.439433     0.00439433        72.4714       0.724714
    2         0       0.500651     0.00500651        83.4484       0.834484
    2         0       0.560972     0.00560972        94.6091       0.946091
    2         0       0.621657     0.00621657        105.952        1.05952
    2         0       0.677661     0.00677661        116.588        1.16588
    2         0       0.734439     0.00734439        127.381        1.27381
    2         0        0.78984      0.0078984        138.334        1.38334
    2         0       0.846696     0.00846696        149.452        1.49452
    2         0        0.90314      0.0090314        160.737        1.60737
    2         0       0.954768     0.00954768        171.233        1.71233
    2         0        1.01157      0.0101157        182.851        1.82851
    2         0        1.06419      0.0106419        193.659        1.93659
    2         0        1.11811      0.0111811        204.623        2.04623
    2         0        1.17093      0.0117093        215.746        2.15746
    2         0        1.22066      0.0122066        226.002        2.26002
    2         0        1.27476      0.0127476        237.444        2.37444
    2         1      0.0359232    0.000359232        5.96501      0.0596501
    2         1       0.133073     0.00133073        20.8001       0.208001
    2         1       0.216769     0.00216769        35.7448       0.357448
    2         1        0.29345      0.0029345        50.4166       0.504166
    2         1        0.37154      0.0037154          65.93         0.6593
    2         1       0.440554     0.00440554        80.6619       0.806619
    2         1       0.507349     0.00507349        95.2328       0.952328
    2         1       0.573166     0.00573166         110.42         1.1042
    2         1       0.636445     0.00636445        125.355        1.25355
    2         1        0.69824      0.0069824         140.89         1.4089
    2         1       0.753743     0.00753743        155.124        1.55124
    2         1       0.812092     0.00812092        170.879        1.70879
    2         1       0.864788     0.00864788        185.178        1.85178
    2         1        0.91613      0.0091613        199.984        1.99984
    2         1       0.968442     0.00968442        215.325        2.15325
    2         1        1.01675      0.0101675         230.08         2.3008
    2         1        1.06582      0.0106582        245.352        2.45352
    2         1        1.11094      0.0111094        259.938        2.59938
    2         1        1.15676      0.0115676         275.02         2.7502
    2         1        1.20414      0.0120414        290.627        2.90627
    2         1        1.24684      0.0124684        305.425        3.05425
    2         2      0.0333671    0.000333671        5.77089      0.0577089
    2         2        0.12514      0.0012514        18.5327       0.185327
    2         2       0.211369     0.00211369        31.6097       0.316097
    2         2       0.292357     0.00292357         44.633        0.44633
    2         2       0.368717     0.00368717        57.4052       0.574052
    2         2       0.445505     0.00445505        70.6495       0.706495
    2         2        0.51663      0.0051663        83.4903       0.834903
    2         2       0.589406     0.00589406        96.7488       0.967488
    2         2       0.655736     0.00655736        109.511        1.09511
    2         2       0.722505     0.00722505         122.66         1.2266
    2         2       0.784904     0.00784904         135.23         1.3523
    2         2       0.847579     0.00847579        148.164        1.48164
    2         2       0.909567     0.00909567        161.474        1.61474
    2         2       0.968717     0.00968717        174.113        1.74113
    2         2        1.02639      0.0102639        187.104        1.87104
    2         2        1.08562      0.0108562        200.465        2.00465
    2         2        1.13939      0.0113939        213.052        2.13052
    2         2         1.1953       0.011953        225.982        2.25982
    2         2        1.25057      0.0125057        239.269        2.39269
    2         2         1.3078       0.013078        252.933        2.52933
    2         2        1.35908      0.0135908        265.698        2.65698
    2         3      0.0339518    0.000339518        5.49417      0.0549417
    2         3        0.11783      0.0011783        17.4916       0.174916
    2         3       0.189923     0.00189923        29.3296       0.293296
    2         3       0.262937     0.00262937        41.7875       0.417875
    2         3       0.330467     0.00330467        53.8239       0.538239
    2         3       0.394241     0.00394241        65.3064       0.653064
    2         3       0.461635     0.00461635        77.9808       0.779808
    2         3       0.519872     0.00519872        89.0931       0.890931
    2         3       0.583058     0.00583058         101.39         1.0139
    2         3       0.646796     0.00646796        113.958        1.13958
    2         3       0.704524     0.00704524        125.805        1.25805
    2         3       0.762938     0.00762938        137.892        1.37892
    2         3       0.816075     0.00816075        149.191        1.49191
    2         3       0.875575     0.00875575        161.759        1.61759
    2         3       0.928606     0.00928606        173.512        1.73512
    2         3        0.98323      0.0098323        185.491        1.85491
    2         3        1.03682      0.0103682        197.707        1.97707
    2         3        1.08754      0.0108754        209.023        2.09023
    2         3        1.14306      0.0114306        221.712        2.21712
    2         3        1.19364      0.0119364        233.474        2.33474
    2         3        1.24535      0.0124535        245.459        2.45459
    2         3        1.29712      0.0129712        257.678        2.57678
    3         0       0.034886     0.00034886         5.4541       0.054541
    3         0       0.121565     0.00121565        17.4546       0.174546
    3         0       0.199522     0.00199522        29.8305       0.298305
    3         0       0.268645     0.00268645        41.2382       0.412382
    3         0       0.344304     0.00344304        53.7808       0.537808
    3         0       0.413845     0.00413845        65.8453       0.658453
    3         0       0.480428     0.00480428        77.3562       0.773562
    3         0       0.549952     0.00549952         89.952        0.89952
    3         0       0.615845     0.00615845        101.953        1.01953
    3         0       0.676475     0.00676475        113.312        1.13312
    3         0       0.742699     0.00742699        125.779        1.25779
    3         0          0.803        0.00803        137.578        1.37578
    3         0       0.864994     0.00864994          149.6          1.496
    3         0       0.925697     0.00925697        161.848        1.61848
    3         0       0.983188     0.00983188        173.362        1.73362
    3         0        1.03972      0.0103972        185.083        1.85083
    3         0        1.09823      0.0109823        197.016        1.97016
    3         0         1.1564       0.011564         209.17         2.0917
    3         0         1.2158       0.012158        221.552        2.21552
    3         0        1.27003      0.0127003        233.109        2.33109
    3         1      0.0425638    0.000425638        5.94518      0.0594518
    3         1       0.120818     0.00120818        16.7187       0.167187
    3         1       0.193299     0.00193299        27.8035       0.278035
    3         1       0.262816     0.00262816        38.9046       0.389046
    3         1       0.328305     0.00328305        49.7987       0.497987
    3         1       0.394484     0.00394484        60.9823       0.609823
    3         1       0.456586     0.00456586        71.7677       0.717677
    3         1       0.518781     0.00518781        82.7435       0.827435
    3         1        0.58115      0.0058115        93.8931       0.938931
    3         1       0.640329     0.00640329        104.535        1.04535
    3         1       0.702049     0.00702049        115.992        1.15992
    3         1       0.760975     0.00760975        126.909        1.26909
    3         1       0.819331     0.00819331        137.954        1.37954
    3         1       0.875402     0.00875402        148.424        1.48424
    3         1       0.933741     0.00933741        159.711        1.59711
    3         1       0.990005     0.00990005        170.405        1.70405
    3         1        1.04931      0.0104931        181.932        1.81932
    3         1        1.10605      0.0110605        192.851        1.92851
    3         1        1.16311      0.0116311         203.88         2.0388
    3         1        1.21807      0.0121807        214.274        2.14274
    3         2        0.03616      0.0003616        7.68985      0.0768985
    3         2       0.105338     0.00105338        21.3555       0.213555
    3         2       0.168739     0.00168739        35.4148       0.354148
    3         2       0.230481     0.00230481        49.5456       0.495456
    3         2       0.287249     0.00287249        63.5558       0.635558
    3         2       0.341346     0.00341346        77.3127       0.773127
    3         2       0.395784     0.00395784        91.6857       0.916857
    3         2       0.445525     0.00445525        105.677        1.05677
    3         2       0.492838     0.00492838        119.191        1.19191
    3         2        0.53886      0.0053886        133.231        1.33231
    3         2       0.586089     0.00586089        147.825        1.47825
    3         2       0.629801     0.00629801        161.815        1.61815
    3         2       0.668864     0.00668864        175.102        1.75102
    3         2       0.708489     0.00708489        188.854        1.88854
    3         2         0.7483       0.007483        203.098        2.03098
    3         2        0.78719      0.0078719        217.862        2.17862
    3         2       0.823482     0.00823482        231.762        2.31762
    3         2       0.856583     0.00856583        244.684        2.44684
    3         2       0.892835     0.00892835        259.524        2.59524
    3         2       0.924927     0.00924927        273.341        2.73341
    3         2       0.957905     0.00957905         287.62         2.8762
    3         3       0.036479     0.00036479        5.45815      0.0545815
    3         3        0.12828      0.0012828        18.3405       0.183405
    3         3        0.21158      0.0021158        31.5975       0.315975
    3         3       0.291076     0.00291076        44.7109       0.447109
    3         3       0.366794     0.00366794        57.5035       0.575035
    3         3       0.442278     0.00442278        70.7158       0.707158
    3         3       0.513276     0.00513276        83.4839       0.834839
    3         3       0.584196     0.00584196        96.6296       0.966296
    3         3       0.649554     0.00649554         109.25         1.0925
    3         3       0.716454     0.00716454        122.221        1.22221
    3         3       0.782022     0.00782022        135.555        1.35555
    3         3       0.844025     0.00844025        148.276        1.48276
    3         3       0.905618     0.00905618        161.338        1.61338
    3         3       0.967742     0.00967742        174.754        1.74754
    3         3        1.02491      0.0102491        187.467        1.87467
    3         3        1.08346      0.0108346        200.509        2.00509
    3         3        1.14235      0.0114235        213.896        2.13896
    3         3        1.19657      0.0119657        226.483        2.26483
    3         3        1.25167      0.0125167        239.388        2.39388
    3         3        1.30709      0.0130709        252.623        2.52623
    4         0      0.0249729    0.000249729        4.64391      0.0464391
    4         0       0.104232     0.00104232        16.5088       0.165088
    4         0       0.178473     0.00178473        28.6908       0.286908
    4         0       0.249055     0.00249055        40.7038       0.407038
    4         0       0.315806     0.00315806        52.3861       0.523861
    4         0       0.382238     0.00382238        64.3327       0.643327
    4         0       0.449329     0.00449329        76.5333       0.765333
    4         0        0.51645      0.0051645        88.9866       0.889866
    4         0       0.578911     0.00578911        100.982        1.00982
    4         0       0.638253     0.00638253        112.484        1.12484
    4         0       0.701555     0.00701555        124.934        1.24934
    4         0        0.76124      0.0076124        136.874        1.36874
    4         0       0.816231     0.00816231         148.27         1.4827
    4         0       0.875543     0.00875543        160.646        1.60646
    4         0       0.931688     0.00931688        172.462        1.72462
    4         0       0.987837     0.00987837        184.491        1.84491
    4         0        1.04349      0.0104349        196.741        1.96741
    4         0        1.09678      0.0109678         208.38         2.0838
    4         0        1.15048      0.0115048        220.225        2.20225
    4         0        1.20515      0.0120515        232.284        2.32284
    4         0        1.25939      0.0125939        244.562        2.44562
    4         1      0.0327165    0.000327165        5.56656      0.0556656
    4         1       0.110461     0.00110461        16.8694       0.168694
    4         1        0.17791      0.0017791          27.68         0.2768
    4         1       0.244251     0.00244251        38.9042       0.389042
    4         1       0.307207     0.00307207         49.588        0.49588
    4         1        0.37027      0.0037027         60.399        0.60399
    4         1       0.433261     0.00433261        71.2993       0.712993
    4         1       0.496077     0.00496077        82.2667       0.822667
    4         1       0.558087     0.00558087        93.2886       0.932886
    4         1       0.621073     0.00621073        104.356        1.04356
    4         1       0.683943     0.00683943        115.467        1.15467
    4         1       0.746761     0.00746761        126.613        1.26613
    4         1       0.808887     0.00808887        137.794        1.37794
    4         1       0.867424     0.00867424        148.209        1.48209
    4         1       0.930561     0.00930561        159.457        1.59457
    4         1       0.994025     0.00994025        170.738        1.70738
    4         1        1.05281      0.0105281        181.244        1.81244
    4         1        1.11664      0.0111664        192.591        1.92591
    4         1        1.18196      0.0118196        203.974        2.03974
    4         1        1.24318      0.0124318        214.577        2.14577
    4         2      0.0369378    0.000369378        5.75069      0.0575069
    4         2       0.133397     0.00133397         18.425        0.18425
    4         2        0.22259      0.0022259        31.8946       0.318946
    4         2       0.304991     0.00304991        44.8532       0.448532
    4         2       0.381901     0.00381901        57.6668       0.576668
    4         2        0.45966      0.0045966        70.9587       0.709587
    4         2       0.532101     0.00532101        83.9402       0.839402
    4         2       0.601105     0.00601105        96.5417       0.965417
    4         2         0.6695       0.006695        109.524        1.09524
    4         2       0.738309     0.00738309          122.9          1.229
    4         2       0.802774     0.00802774         135.81         1.3581
    4         2       0.862432     0.00862432        148.199        1.48199
    4         2       0.927942     0.00927942        161.848        1.61848
    4         2       0.987835     0.00987835        174.956        1.74956
    4         2        1.04508      0.0104508         187.46         1.8746
    4         2        1.10201      0.0110201          200.3          2.003
    4         2         1.1594       0.011594        213.491        2.13491
    4         2         1.2139       0.012139        225.994        2.25994
    4         2        1.27237      0.0127237         239.91         2.3991
    4         2        1.32324      0.0132324            252           2.52
    4         3      0.0365524    0.000365524        5.92057      0.0592057
    4         3        0.12018      0.0012018        17.5131       0.175131
    4         3       0.198506     0.00198506        29.6385       0.296385
    4         3       0.271084     0.00271084        41.7246       0.417246
    4         3       0.341242     0.00341242        53.5195       0.535195
    4         3       0.409948     0.00409948        65.6172       0.656172
    4         3       0.480056     0.00480056        77.9839       0.779839
    4         3       0.545757     0.00545757        89.8522       0.898522
    4         3       0.610422     0.00610422        101.934        1.01934
    4         3       0.672241     0.00672241        113.451        1.13451
    4         3       0.736796     0.00736796        125.936        1.25936
    4         3       0.798611     0.00798611        137.828        1.37828
    4         3       0.860225     0.00860225        149.904        1.49904
    4         3       0.917216     0.00917216        161.341        1.61341
    4         3       0.978964     0.00978964        173.776        1.73776
    4         3        1.03725      0.0103725        185.554        1.85554
    4         3        1.09487      0.0109487        197.502        1.97502
    4         3        1.15445      0.0115445        209.623        2.09623
    4         3        1.21475      0.0121475        221.921        2.21921
    4         3        1.27019      0.0127019        233.503        2.33503
    4         3        1.32746      0.0132746        245.246        2.45246
  *  5         0      0.0301564    0.000301564        5.34659      0.0534659
    5         0       0.115827     0.00115827        17.3812       0.173812
    5         0       0.194685     0.00194685        29.6212       0.296212
    5         0       0.268515     0.00268515        41.5693       0.415693
    5         0       0.343039     0.00343039        53.8698       0.538698
    5         0       0.411494     0.00411494        65.6361       0.656361
    5         0        0.48117      0.0048117        77.6679       0.776679
    5         0       0.550359     0.00550359        89.9642       0.899642
    5         0       0.613918     0.00613918        101.622        1.01622
    5         0       0.678458     0.00678458        113.516        1.13516
    5         0       0.742971     0.00742971        125.652        1.25652
    5         0       0.801432     0.00801432        137.074        1.37074
    5         0        0.86605      0.0086605        149.697        1.49697
    5         0       0.925889     0.00925889        161.584        1.61584
    5         0       0.984773     0.00984773        173.706        1.73706
    5         0        1.04011      0.0104011         185.03         1.8503
    5         0        1.10113      0.0110113        197.625        1.97625
    5         0         1.1568       0.011568        209.399        2.09399
    5         0        1.21341      0.0121341          221.4          2.214
    5         0         1.2714       0.012714        233.637        2.33637
    5         0        1.32342      0.0132342        244.973        2.44973
*    5         1      0.0296382    0.000296382        4.82009      0.0482009
    5         1       0.145948     0.00145948        18.7981       0.187981
    5         1       0.250512     0.00250512        32.4242       0.324242
    5         1       0.356188     0.00356188        46.9015       0.469015
    5         1       0.451203     0.00451203        60.8431       0.608431
    5         1       0.542633     0.00542633        74.8225       0.748225
    5         1        0.62884      0.0062884        88.7733       0.887733
    5         1       0.709804     0.00709804        102.627        1.02627
    5         1       0.786768     0.00786768        116.312        1.16312
    5         1       0.862948     0.00862948        130.668        1.30668
    5         1       0.935035     0.00935035        144.782        1.44782
    5         1        1.00296      0.0100296         158.57         1.5857
    5         1        1.07032      0.0107032        172.994        1.72994
    5         1        1.13459      0.0113459        186.998        1.86998
    5         1        1.19478      0.0119478        200.484        2.00484
    5         1        1.25501      0.0125501        214.545        2.14545
    5         1        1.31114      0.0131114        227.973        2.27973
    5         1        1.36825      0.0136825        241.952        2.41952
    5         1        1.42467      0.0142467         256.52         2.5652
    5         1        1.47773      0.0147773        270.311        2.70311
    5         1        1.53073      0.0153073        284.658        2.84658
    5         2      0.0303884    0.000303884        4.50286      0.0450286
    5         2        0.15471      0.0015471         18.771        0.18771
    5         2        0.26074      0.0026074        32.5487       0.325487
    5         2       0.361628     0.00361628        46.5008       0.465008
    5         2       0.458724     0.00458724        60.4746       0.604746
    5         2       0.549361     0.00549361        74.3798       0.743798
    5         2       0.641022     0.00641022        88.9694       0.889694
    5         2       0.721701     0.00721701        102.549        1.02549
    5         2       0.803113     0.00803113        116.742        1.16742
    5         2       0.878645     0.00878645        130.643        1.30643
    5         2       0.950228     0.00950228         144.17         1.4417
    5         2        1.02248      0.0102248        158.267        1.58267
    5         2         1.0941       0.010941        172.973        1.72973
    5         2        1.15755      0.0115755        186.094        1.86094
    5         2        1.22573      0.0122573        200.884        2.00884
    5         2        1.28543      0.0128543        213.895        2.13895
    5         2        1.35045      0.0135045        228.643        2.28643
    5         2        1.41084      0.0141084        242.703        2.42703
    5         2         1.4671       0.014671        255.962        2.55962
    5         2        1.52234      0.0152234        269.705        2.69705
    5         2         1.5792       0.015792        283.963        2.83963
    5         3      0.0441552    0.000441552        4.55624      0.0455624
    5         3       0.183382     0.00183382        16.6575       0.166575
    5         3       0.313783     0.00313783        28.7782       0.287782
    5         3       0.438232     0.00438232        40.6428       0.406428
    5         3       0.561577     0.00561577        52.8894       0.528894
    5         3       0.678139     0.00678139        64.7696       0.647696
    5         3       0.787439     0.00787439        76.2282       0.762282
    5         3       0.903403     0.00903403        88.8065       0.888065
    5         3        1.01356      0.0101356        100.945        1.00945
    5         3        1.11688      0.0111688        112.591        1.12591
    5         3        1.22338      0.0122338        124.555        1.24555
    5         3        1.33129      0.0133129        136.849        1.36849
    5         3        1.43401      0.0143401        148.575        1.48575
    5         3        1.53761      0.0153761        160.611        1.60611
    5         3        1.64311      0.0164311        172.972        1.72972
    5         3         1.7413       0.017413        184.682        1.84682
    5         3        1.83989      0.0183989        196.694        1.96694
    5         3        1.93085      0.0193085        207.981        2.07981
    5         3        2.02959      0.0202959        220.609        2.20609
    5         3        2.12143      0.0212143        232.486        2.32486
    5         3        2.21253      0.0221253        244.663        2.44663
    6         0      0.0280789    0.000280789        4.89548      0.0489548
    6         0       0.100581     0.00100581        15.5791       0.155791
    6         0       0.166793     0.00166793         26.462        0.26462
    6         0       0.232562     0.00232562        37.7645       0.377645
    6         0       0.295311     0.00295311        48.6415       0.486415
    6         0        0.35804      0.0035804        59.6857       0.596857
    6         0       0.420043     0.00420043        70.8625       0.708625
    6         0       0.478948     0.00478948        81.4419       0.814419
    6         0       0.541774     0.00541774        92.8214       0.928214
    6         0       0.599419     0.00599419         103.57         1.0357
    6         0       0.658302     0.00658302        114.392        1.14392
    6         0       0.717305     0.00717305        125.281        1.25281
    6         0       0.779254     0.00779254        136.966        1.36966
    6         0       0.837748     0.00837748        147.986        1.47986
    6         0       0.892905     0.00892905        158.327        1.58327
    6         0       0.951686     0.00951686        169.462        1.69462
    6         0        1.01041      0.0101041        180.656        1.80656
    6         0        1.07037      0.0107037        191.909        1.91909
    6         0         1.1267       0.011267        202.464        2.02464
    6         0        1.18684      0.0118684        213.829        2.13829
    6         0        1.24484      0.0124484         224.49         2.2449
    6         1      0.0346544    0.000346544        5.48879      0.0548879
    6         1       0.123714     0.00123714        17.8684       0.178684
    6         1       0.198591     0.00198591        29.4562       0.294562
    6         1       0.274359     0.00274359        41.5675       0.415675
    6         1          0.345        0.00345        53.4388       0.534388
    6         1       0.416811     0.00416811        65.6687       0.656687
    6         1       0.484684     0.00484684        77.5412       0.775412
    6         1       0.551255     0.00551255        89.7278       0.897278
    6         1       0.614979     0.00614979        101.489        1.01489
    6         1       0.678899     0.00678899        113.541        1.13541
    6         1       0.741526     0.00741526        125.891        1.25891
    6         1       0.801228     0.00801228        137.749        1.37749
    6         1       0.861178     0.00861178        149.888        1.49888
    6         1       0.916457     0.00916457        161.478        1.61478
    6         1       0.972393     0.00972393        173.331        1.73331
    6         1        1.02897      0.0102897        185.455        1.85455
    6         1        1.08583      0.0108583        197.862        1.97862
    6         1        1.13821      0.0113821        209.644        2.09644
    6         1        1.19247      0.0119247         221.69         2.2169
    6         1        1.24238      0.0124238        233.053        2.33053
    6         1        1.29683      0.0129683        245.635        2.45635
    6         1        1.34873      0.0134873        257.512        2.57512
    6         2      0.0346359    0.000346359        5.67666      0.0567666
    6         2       0.122486     0.00122486        18.6614       0.186614
    6         2       0.204956     0.00204956        31.9835       0.319835
    6         2       0.279445     0.00279445         44.877        0.44877
    6         2       0.351254     0.00351254        57.7842       0.577842
    6         2       0.418686     0.00418686         70.581        0.70581
    6         2       0.486121     0.00486121        83.9171       0.839171
    6         2       0.546556     0.00546556        96.2197       0.962197
    6         2       0.610681     0.00610681        109.753        1.09753
    6         2       0.670214     0.00670214        122.928        1.22928
    6         2       0.726468     0.00726468         135.67         1.3567
    6         2       0.783261     0.00783261        148.798        1.48798
    6         2       0.835834     0.00835834        161.407        1.61407
    6         2        0.88766      0.0088766        174.368        1.74368
    6         2       0.941017     0.00941017        187.691        1.87691
    6         2       0.990463     0.00990463        200.398        2.00398
    6         2        1.04025      0.0104025        213.438        2.13438
    6         2        1.09016      0.0109016        226.823        2.26823
    6         2        1.13586      0.0113586        239.496        2.39496
    6         2        1.18303      0.0118303        252.486        2.52486
    6         2         1.2306       0.012306        265.805        2.65805
    6         3      0.0251114    0.000251114        4.50854      0.0450854
    6         3       0.107914     0.00107914         16.794        0.16794
    6         3       0.181664     0.00181664        28.7122       0.287122
    6         3       0.250063     0.00250063        40.4746       0.404746
    6         3       0.319983     0.00319983        52.6113       0.526113
    6         3       0.385934     0.00385934        64.3984       0.643984
    6         3       0.450798     0.00450798        76.5003       0.765003
    6         3       0.516748     0.00516748        88.9255       0.889255
    6         3        0.57875      0.0057875        100.926        1.00926
    6         3       0.635847     0.00635847        112.457        1.12457
    6         3       0.693913     0.00693913        124.271        1.24271
    6         3       0.752106     0.00752106         136.38         1.3638
    6         3       0.809652     0.00809652          148.8          1.488
    6         3        0.86326      0.0086326        160.684        1.60684
    6         3       0.917967     0.00917967        172.862        1.72862
    6         3       0.968771     0.00968771        184.446        1.84446
    6         3        1.01909      0.0101909        196.309        1.96309
    6         3        1.06984      0.0106984        208.462        2.08462
    6         3        1.12148      0.0112148         220.92         2.2092
    6         3        1.16978      0.0116978        232.701        2.32701
    6         3        1.21765      0.0121765        244.767        2.44767
    7         0      0.0340634    0.000340634        5.80152      0.0580152
    7         0       0.136595     0.00136595        20.4557       0.204557
    7         0       0.233609     0.00233609        35.8556       0.358556
    7         0       0.319765     0.00319765        50.3694       0.503694
    7         0       0.405954     0.00405954        65.7719       0.657719
    7         0       0.483615     0.00483615        80.5812       0.805812
    7         0        0.55825      0.0055825         95.412        0.95412
    7         0       0.627888     0.00627888        110.201        1.10201
    7         0       0.698308     0.00698308        125.768        1.25768
    7         0        0.76128      0.0076128        140.309        1.40309
    7         0       0.822974     0.00822974        155.571        1.55571
    7         0       0.881823     0.00881823        170.581        1.70581
    7         0       0.937061     0.00937061        185.256        1.85256
    7         0       0.992347     0.00992347        200.624        2.00624
    7         0        1.04316      0.0104316        215.561        2.15561
    7         0        1.09122      0.0109122        229.965        2.29965
    7         0        1.13972      0.0113972        245.004        2.45004
    7         0        1.18872      0.0118872        260.725        2.60725
    7         0        1.23325      0.0123325        275.783        2.75783
    7         0        1.27495      0.0127495        290.048        2.90048
    7         1      0.0316797    0.000316797        4.80036      0.0480036
    7         1       0.120229     0.00120229        16.6773       0.166773
    7         1       0.197145     0.00197145        28.2582       0.282582
    7         1       0.273204     0.00273204        40.5055       0.405055
    7         1       0.345678     0.00345678        52.4613       0.524613
    7         1       0.417643     0.00417643          64.83         0.6483
    7         1       0.484816     0.00484816        76.7333       0.767333
    7         1       0.552418     0.00552418        88.9831       0.889831
    7         1       0.614589     0.00614589        100.673        1.00673
    7         1       0.676838     0.00676838        112.675        1.12675
    7         1       0.739707     0.00739707        124.999        1.24999
    7         1       0.797459     0.00797459        136.669        1.36669
    7         1       0.854572     0.00854572        148.635        1.48635
    7         1       0.912491     0.00912491        160.906        1.60906
    7         1       0.965981     0.00965981        172.434        1.72434
    7         1        1.01982      0.0101982        184.239        1.84239
    7         1        1.07292      0.0107292        196.335        1.96335
    7         1         1.1272       0.011272        208.731        2.08731
    7         1         1.1774       0.011774        220.275        2.20275
    7         1         1.2275       0.012275        232.089        2.32089
    7         1        1.27815      0.0127815        244.186        2.44186
    7         1        1.32991      0.0132991        256.579        2.56579
    7         2      0.0316582    0.000316582        4.91702      0.0491702
    7         2       0.100671     0.00100671        14.6954       0.146954
    7         2       0.165243     0.00165243        24.6604       0.246604
    7         2       0.226462     0.00226462         34.419        0.34419
    7         2       0.286764     0.00286764        44.4147       0.444147
    7         2       0.347879     0.00347879        54.5814       0.545814
    7         2       0.409116     0.00409116        64.8807       0.648807
    7         2       0.466517     0.00466517         74.635        0.74635
    7         2       0.523322     0.00523322         84.471        0.84471
    7         2       0.580426     0.00580426        94.3795       0.943795
    7         2       0.637848     0.00637848        104.353        1.04353
    7         2       0.695161     0.00695161        114.386        1.14386
    7         2       0.751679     0.00751679        124.473        1.24473
    7         2       0.809217     0.00809217        134.611        1.34611
    7         2       0.866715     0.00866715        144.799        1.44799
    7         2       0.919724     0.00919724         154.35         1.5435
    7         2       0.977447     0.00977447        164.623        1.64623
    7         2        1.03549      0.0103549        174.942        1.74942
    7         2           1.09         0.0109         184.61         1.8461
    7         2        1.14418      0.0114418        194.315        1.94315
    7         2        1.20448      0.0120448        204.752        2.04752
    7         2        1.26123      0.0126123        214.531        2.14531
    7         3      0.0238509    0.000238509           4.49         0.0449
    7         3       0.114207     0.00114207        16.7255       0.167255
    7         3       0.194008     0.00194008        28.7604       0.287604
    7         3       0.270787     0.00270787        40.8825       0.408825
    7         3       0.343697     0.00343697        52.9182       0.529182
    7         3        0.41141      0.0041141        64.7649       0.647649
    7         3       0.476607     0.00476607        76.3467       0.763467
    7         3       0.540302     0.00540302        88.3632       0.883632
    7         3       0.605012     0.00605012        100.835        1.00835
    7         3       0.665932     0.00665932        112.965        1.12965
    7         3       0.721847     0.00721847        124.688        1.24688
    7         3       0.778382     0.00778382        136.822        1.36822
    7         3       0.830943     0.00830943         148.48         1.4848
    7         3       0.883799     0.00883799        160.534        1.60534
    7         3       0.931693     0.00931693        172.032        1.72032
    7         3       0.984897     0.00984897        184.916        1.84916
    7         3        1.03019      0.0103019        196.183        1.96183
    7         3        1.07857      0.0107857         208.88         2.0888
    7         3        1.12438      0.0112438        220.912        2.20912
    7         3        1.16635      0.0116635        232.195        2.32195
    7         3        1.20902      0.0120902        243.824        2.43824
    7         3        1.25119      0.0125119        255.817        2.55817
    8         0      0.0371847    0.000371847        4.64569      0.0464569
    8         0      0.0947951    0.000947951        13.7233       0.137233
    8         0        0.14829      0.0014829        22.7401       0.227401
    8         0       0.197665     0.00197665        31.3594       0.313594
    8         0       0.253373     0.00253373        40.8743       0.408743
    8         0       0.304847     0.00304847         49.744        0.49744
    8         0       0.356241     0.00356241        58.6513       0.586513
    8         0       0.407199     0.00407199        67.5663       0.675663
    8         0        0.45866      0.0045866        76.4677       0.764677
    8         0       0.510324     0.00510324        85.3402       0.853402
    8         0        0.56618      0.0056618        94.9072       0.949072
    8         0       0.617802     0.00617802        103.687        1.03687
    8         0       0.669497     0.00669497        112.412        1.12412
    8         0       0.724852     0.00724852        121.795        1.21795
    8         0       0.776114     0.00776114        130.389        1.30389
    8         0       0.832068     0.00832068        139.621        1.39621
    8         0       0.888249     0.00888249         148.77         1.4877
    8         0       0.944739     0.00944739        157.835        1.57835
    8         0        1.00161      0.0100161        166.811        1.66811
    8         0        1.05833      0.0105833          175.7          1.757
    8         0        1.11555      0.0111555        184.499        1.84499
    8         0        1.17863      0.0117863        193.876        1.93876
    8         1      0.0285925    0.000285925        4.43678      0.0443678
    8         1       0.111422     0.00111422        16.7311       0.167311
    8         1       0.189891     0.00189891        28.7451       0.287451
    8         1       0.264002     0.00264002        40.6839       0.406839
    8         1        0.33375      0.0033375        52.4217       0.524217
    8         1       0.403635     0.00403635        64.6317       0.646317
    8         1       0.468506     0.00468506        76.5073       0.765073
    8         1       0.533623     0.00533623        88.8071       0.888071
    8         1       0.594792     0.00594792        100.682        1.00682
    8         1       0.655864     0.00655864        112.954        1.12954
    8         1       0.712555     0.00712555        124.719        1.24719
    8         1       0.769467     0.00769467        136.858        1.36858
    8         1       0.821141     0.00821141         148.41         1.4841
    8         1         0.8735       0.008735         160.31         1.6031
    8         1       0.926306     0.00926306        172.575        1.72575
    8         1       0.974917     0.00974917        184.154        1.84154
    8         1        1.02368      0.0102368        196.072        1.96072
    8         1        1.07296      0.0107296        208.343        2.08343
    8         1        1.12174      0.0112174        220.987        2.20987
    8         1        1.16723      0.0116723        232.821        2.32821
    8         1        1.21324      0.0121324        244.995        2.44995
    8         1        1.25499      0.0125499        256.257        2.56257
    8         2       0.037347     0.00037347        4.99857      0.0499857
    8         2       0.109818     0.00109818        15.9014       0.159014
    8         2       0.179645     0.00179645        26.9314       0.269314
    8         2        0.24605      0.0024605        37.8085       0.378085
    8         2       0.309121     0.00309121        48.4271       0.484271
    8         2       0.371517     0.00371517        59.3813       0.593813
    8         2       0.434792     0.00434792        70.6813       0.706813
    8         2       0.494482     0.00494482        81.6451       0.816451
    8         2       0.553055     0.00553055        92.9426       0.929426
    8         2       0.609212     0.00609212        103.851        1.03851
    8         2       0.661212     0.00661212        114.324        1.14324
    8         2       0.717306     0.00717306        125.868        1.25868
    8         2       0.768864     0.00768864        136.961        1.36961
    8         2       0.816932     0.00816932        147.551        1.47551
    8         2       0.865632     0.00865632        158.431        1.58431
    8         2        0.91442      0.0091442        169.614        1.69614
    8         2       0.959794     0.00959794        180.218        1.80218
    8         2        1.00468      0.0100468        191.106        1.91106
    8         2        1.04986      0.0104986         202.29         2.0229
    8         2        1.09605      0.0109605        213.784        2.13784
    8         2        1.13869      0.0113869        224.606        2.24606
    8         3      0.0377899    0.000377899        5.71191      0.0571191
    8         3       0.113112     0.00113112        17.3901       0.173901
    8         3       0.188809     0.00188809        29.7013       0.297013
    8         3       0.260965     0.00260965        41.9149       0.419149
    8         3       0.330074     0.00330074         53.928        0.53928
    8         3       0.395103     0.00395103        65.6733       0.656733
    8         3       0.458912     0.00458912        77.8691       0.778691
    8         3       0.520011     0.00520011        89.7391       0.897391
    8         3       0.577029     0.00577029        101.225        1.01225
    8         3       0.636701     0.00636701        113.998        1.13998
    8         3       0.689534     0.00689534        125.485        1.25485
    8         3       0.742191     0.00742191        137.385        1.37385
    8         3       0.793939     0.00793939        149.727        1.49727
    8         3        0.84274      0.0084274        161.535        1.61535
    8         3       0.891675     0.00891675        173.769        1.73769
    8         3       0.936531     0.00936531        185.381        1.85381
    8         3       0.980686     0.00980686        197.397        1.97397
    8         3        1.02581      0.0102581        209.842        2.09842
    8         3        1.06743      0.0106743        221.551        2.21551
    8         3        1.10888      0.0110888         233.66         2.3366
    8         3        1.14633      0.0114633        244.919        2.44919
    9         0      0.0226702    0.000226702        5.77919      0.0577919
    9         0       0.110056     0.00110056        17.9874       0.179874
    9         0        0.18722      0.0018722        29.9836       0.299836
    9         0       0.252932     0.00252932        41.4894       0.414894
    9         0       0.319027     0.00319027        53.5771       0.535771
    9         0       0.382103     0.00382103        65.5671       0.655671
    9         0        0.44058      0.0044058        77.3892       0.773892
    9         0       0.500163     0.00500163        89.7206       0.897206
    9         0       0.556132     0.00556132        101.819        1.01819
    9         0        0.60862      0.0060862        113.625        1.13625
    9         0       0.661224     0.00661224        125.905        1.25905
    9         0       0.709731     0.00709731        137.823        1.37823
    9         0       0.754766     0.00754766        149.311        1.49311
    9         0        0.80056      0.0080056        161.228        1.61228
    9         0       0.846063     0.00846063        173.603        1.73603
    9         0       0.888417     0.00888417        185.456        1.85456
    9         0       0.930872     0.00930872         197.75         1.9775
    9         0       0.969903     0.00969903         209.43         2.0943
    9         0        1.00859      0.0100859        221.527        2.21527
    9         0        1.04384      0.0104384        232.907        2.32907
    9         0        1.08325      0.0108325        245.873        2.45873
    9         1      0.0337954    0.000337954        5.57097      0.0557097
    9         1       0.120501     0.00120501        19.6062       0.196062
    9         1       0.202902     0.00202902        33.7604       0.337604
    9         1       0.282884     0.00282884        47.8733       0.478733
    9         1       0.356746     0.00356746        61.8255       0.618255
    9         1        0.42737      0.0042737        75.5385       0.755385
    9         1       0.498096     0.00498096         89.856        0.89856
    9         1       0.564576     0.00564576         103.87         1.0387
    9         1       0.625691     0.00625691         117.51         1.1751
    9         1       0.687468     0.00687468        131.729        1.31729
    9         1       0.744877     0.00744877        145.493        1.45493
    9         1       0.802404     0.00802404        159.839        1.59839
    9         1         0.8556       0.008556        173.636        1.73636
    9         1       0.904304     0.00904304        186.784        1.86784
    9         1       0.957287     0.00957287        201.716        2.01716
    9         1        1.00681      0.0100681         215.98         2.1598
    9         1        1.05194      0.0105194        229.461        2.29461
    9         1        1.09752      0.0109752        243.467        2.43467
    9         1        1.13873      0.0113873        256.549        2.56549
    9         1        1.18426      0.0118426        271.654        2.71654
    9         2      0.0332219    0.000332219        5.92824      0.0592824
    9         2       0.123069     0.00123069        18.7709       0.187709
    9         2        0.20587      0.0020587        31.7968       0.317968
    9         2       0.284395     0.00284395        44.8312       0.448312
    9         2       0.358317     0.00358317        57.7402       0.577402
    9         2       0.427961     0.00427961        70.4355       0.704355
    9         2       0.496666     0.00496666        83.6878       0.836878
    9         2       0.562131     0.00562131        96.6512       0.966512
    9         2       0.623063     0.00623063        109.253        1.09253
    9         2       0.684148     0.00684148        122.376        1.22376
    9         2       0.740787     0.00740787        135.057        1.35057
    9         2       0.796564     0.00796564        148.252        1.48252
    9         2       0.853532     0.00853532        161.996        1.61996
    9         2       0.901827     0.00901827        174.083        1.74083
    9         2       0.954522     0.00954522        187.781        1.87781
    9         2        1.00331      0.0100331        200.838        2.00838
    9         2        1.04744      0.0104744        213.151        2.13151
    9         2        1.09142      0.0109142        225.914        2.25914
    9         2        1.13685      0.0113685        239.156        2.39156
    9         2        1.18247      0.0118247        252.907        2.52907
    9         2        1.22375      0.0122375        265.748        2.65748
    9         3      0.0359798    0.000359798         5.5798       0.055798
    9         3       0.113858     0.00113858        16.4706       0.164706
    9         3       0.192407     0.00192407        27.8817       0.278817
    9         3        0.26249      0.0026249        38.6182       0.386182
    9         3       0.332073     0.00332073        49.7798       0.497798
    9         3        0.39903      0.0039903        60.7188       0.607188
    9         3       0.461462     0.00461462        71.3823       0.713823
    9         3       0.523605     0.00523605        82.4221       0.824221
    9         3       0.586648     0.00586648        93.8615       0.938615
    9         3       0.645584     0.00645584        104.971        1.04971
    9         3        0.69959      0.0069959          115.7          1.157
    9         3       0.754719     0.00754719        126.794        1.26794
    9         3       0.805911     0.00805911        137.443        1.37443
    9         3       0.856534     0.00856534        148.448        1.48448
    9         3       0.907239     0.00907239        159.829        1.59829
    9         3        0.95498      0.0095498        170.688        1.70688
    9         3        1.00296      0.0100296        181.907        1.81907
    9         3        1.04667      0.0104667        192.524        1.92524
    9         3        1.09022      0.0109022        203.479        2.03479
    9         3        1.13518      0.0113518        214.789        2.14789
    9         3        1.17627      0.0117627        225.397        2.25397
    9         3        1.21676      0.0121676        236.333        2.36333
   10         0      0.0340797    0.000340797        4.50981      0.0450981
   10         0       0.114556     0.00114556        16.6583       0.166583
   10         0       0.191686     0.00191686        28.8635       0.288635
   10         0       0.265033     0.00265033        40.8412       0.408412
   10         0       0.334345     0.00334345        52.5054       0.525054
   10         0       0.403878     0.00403878        64.5197       0.645197
   10         0       0.473421     0.00473421        76.8975       0.768975
   10         0       0.539051     0.00539051        88.8944       0.888944
   10         0       0.599676     0.00599676        100.461        1.00461
   10         0       0.661131     0.00661131        112.352        1.12352
   10         0       0.722622     0.00722622        124.581        1.24581
   10         0        0.78011      0.0078011        136.312        1.36312
   10         0       0.837299     0.00837299        148.367        1.48367
   10         0       0.895043     0.00895043        160.758        1.60758
   10         0       0.948618     0.00948618         172.58         1.7258
   10         0        1.00245      0.0100245        184.719        1.84719
   10         0        1.05213      0.0105213        196.219        1.96219
   10         0        1.10246      0.0110246        208.014        2.08014
   10         0        1.15357      0.0115357        220.119        2.20119
   10         0         1.2052       0.012052        232.547        2.32547
   10         0        1.25309      0.0125309        244.237        2.44237
   10         1      0.0332341    0.000332341        4.60052      0.0460052
   10         1       0.113607     0.00113607        15.7792       0.157792
   10         1       0.190474     0.00190474        26.7596       0.267596
   10         1       0.263518     0.00263518        37.4916       0.374916
   10         1       0.335725     0.00335725        48.5972       0.485972
   10         1       0.404403     0.00404403        59.3575       0.593575
   10         1       0.473095     0.00473095        70.4737       0.704737
   10         1       0.541905     0.00541905        81.9681       0.819681
   10         1       0.600483     0.00600483        92.2564       0.922564
   10         1       0.664872     0.00664872        103.697        1.03697
   10         1       0.724384     0.00724384        114.679        1.14679
   10         1       0.779632     0.00779632        125.139        1.25139
   10         1       0.838283     0.00838283        136.844        1.36844
   10         1       0.889195     0.00889195        147.071        1.47071
   10         1       0.944645     0.00944645        158.584        1.58584
   10         1       0.995866     0.00995866        169.483        1.69483
   10         1        1.04704      0.0104704        180.734        1.80734
   10         1        1.09346      0.0109346        191.282        1.91282
   10         1        1.14125      0.0114125        202.155        2.02155
   10         1        1.18932      0.0118932        213.369        2.13369
   10         1        1.23767      0.0123767        224.944        2.24944
   10         1        1.28108      0.0128108        235.688        2.35688
   10         2      0.0173164    0.000173164        3.98062      0.0398062
   10         2      0.0918543    0.000918543        12.9481       0.129481
   10         2       0.160573     0.00160573        21.5971       0.215971
   10         2       0.221045     0.00221045        30.4251       0.304251
   10         2       0.282541     0.00282541        39.4202       0.394202
   10         2       0.343947     0.00343947         48.578        0.48578
   10         2       0.405361     0.00405361        57.8963       0.578963
   10         2       0.462079     0.00462079        66.6915       0.666915
   10         2       0.518568     0.00518568        75.6226       0.756226
   10         2       0.575849     0.00575849        84.6899       0.846899
   10         2       0.633024     0.00633024        93.8941       0.938941
   10         2       0.685711     0.00685711        102.512        1.02512
   10         2       0.742721     0.00742721        111.982        1.11982
   10         2       0.794531     0.00794531        120.847        1.20847
   10         2       0.847356     0.00847356        129.833        1.29833
   10         2       0.900372     0.00900372        138.939        1.38939
   10         2       0.949154     0.00949154        147.397        1.47397
   10         2        1.00265      0.0100265        156.745        1.56745
   10         2         1.0515       0.010515        165.424        1.65424
   10         2        1.10071      0.0110071        174.214        1.74214
   10         2        1.15569      0.0115569         183.93         1.8393
   10         2        1.20631      0.0120631        192.955        1.92955
   10         3      0.0437452    0.000437452        5.78431      0.0578431
   10         3       0.123818     0.00123818        17.9762       0.179762
   10         3       0.197618     0.00197618        29.5694       0.295694
   10         3       0.272251     0.00272251        41.6458       0.416458
   10         3       0.343207     0.00343207        53.5846       0.535846
   10         3       0.410944     0.00410944        65.3442       0.653442
   10         3       0.477995     0.00477995        77.5744       0.775744
   10         3        0.54166      0.0054166        89.5908       0.895908
   10         3       0.601811     0.00601811        101.344        1.01344
   10         3       0.662071     0.00662071        113.561        1.13561
   10         3        0.71789      0.0071789        125.462        1.25462
   10         3       0.773913     0.00773913        137.828        1.37828
   10         3       0.826635     0.00826635        149.818        1.49818
   10         3       0.875653     0.00875653        161.364        1.61364
   10         3        0.92501      0.0092501        173.333        1.73333
   10         3       0.973471     0.00973471        185.752        1.85752
   10         3        1.01909      0.0101909         197.64         1.9764
   10         3        1.06515      0.0106515        209.962        2.09962
   10         3        1.10777      0.0110777        221.661        2.21661
   10         3        1.15025      0.0115025        233.772        2.33772
   10         3        1.18892      0.0118892        245.158        2.45158
   11         0      0.0441777    0.000441777        5.73651      0.0573651
   11         0      0.0929346    0.000929346        13.5612       0.135612
   11         0       0.141691     0.00141691        21.7509       0.217509
   11         0       0.187214     0.00187214        29.5401       0.295401
   11         0       0.233107     0.00233107        37.4207       0.374207
   11         0       0.283802     0.00283802        45.9485       0.459485
   11         0        0.33056      0.0033056        53.8681       0.538681
   11         0       0.377456     0.00377456        61.7631       0.617631
   11         0       0.423651     0.00423651        69.6165       0.696165
   11         0       0.470175     0.00470175        77.4148       0.774148
   11         0       0.520805     0.00520805        85.7402       0.857402
   11         0       0.571321     0.00571321        93.9823       0.939823
   11         0       0.618211     0.00618211        101.555        1.01555
   11         0       0.668536     0.00668536        109.618        1.09618
   11         0       0.718366     0.00718366        117.582        1.17582
   11         0       0.768645     0.00768645        125.444        1.25444
   11         0       0.822688     0.00822688        133.753        1.33753
   11         0       0.876823     0.00876823        141.942        1.41942
   11         0       0.927693     0.00927693        149.476        1.49476
   11         0       0.984885     0.00984885        157.957        1.57957
   11         0        1.03985      0.0103985        165.782        1.65782
   11         0        1.09895      0.0109895        173.997        1.73997
   11         1      0.0392749    0.000392749        4.84145      0.0484145
   11         1      0.0966728    0.000966728        13.9148       0.139148
   11         1       0.151201     0.00151201        22.6202       0.226202
   11         1       0.209585     0.00209585        31.9329       0.319329
   11         1        0.26492      0.0026492        40.9905       0.409905
   11         1       0.317701     0.00317701        49.8018       0.498018
   11         1       0.370901     0.00370901        58.8653       0.588653
   11         1       0.420954     0.00420954        67.6763       0.676763
   11         1       0.470571     0.00470571        76.7475       0.767475
   11         1       0.517571     0.00517571        85.5366       0.855366
   11         1       0.564997     0.00564997        94.5838       0.945838
   11         1       0.612158     0.00612158        103.902        1.03902
   11         1       0.656021     0.00656021        112.898        1.12898
   11         1       0.697031     0.00697031        121.531        1.21531
   11         1       0.738481     0.00738481        130.405        1.30405
   11         1       0.779825     0.00779825        139.528        1.39528
   11         1       0.820871     0.00820871        148.916        1.48916
   11         1       0.858888     0.00858888        157.881        1.57881
   11         1        0.89428      0.0089428        166.376        1.66376
   11         1         0.9331       0.009331         175.83         1.7583
   11         1       0.968895     0.00968895        184.797        1.84797
   11         1        1.00126      0.0100126        193.231        1.93231
   11         2      0.0325594    0.000325594        4.79135      0.0479135
   11         2      0.0867715    0.000867715        12.8114       0.128114
   11         2       0.137795     0.00137795        20.5127       0.205127
   11         2       0.192309     0.00192309        28.8948       0.288948
   11         2        0.24409      0.0024409        36.9611       0.369611
   11         2       0.292555     0.00292555        44.6787       0.446787
   11         2       0.340356     0.00340356         52.552        0.52552
   11         2       0.388881     0.00388881        60.5887       0.605887
   11         2       0.437558     0.00437558        68.7982       0.687982
   11         2       0.483131     0.00483131        76.6245       0.766245
   11         2       0.528602     0.00528602        84.6181       0.846181
   11         2        0.57397      0.0057397        92.7889       0.927889
   11         2       0.616061     0.00616061        100.542        1.00542
   11         2       0.658258     0.00658258        108.464        1.08464
   11         2       0.700484     0.00700484        116.563        1.16563
   11         2       0.742594     0.00742594        124.846        1.24846
   11         2       0.781603     0.00781603        132.664        1.32664
   11         2       0.820641     0.00820641        140.655        1.40655
   11         2       0.859145     0.00859145        148.826        1.48826
   11         2       0.894549     0.00894549        156.482        1.56482
   11         2       0.930619     0.00930619        164.302        1.64302
   11         2       0.966672     0.00966672        172.294        1.72294
   11         2        1.00281      0.0100281        180.465        1.80465
   11         3      0.0360052    0.000360052        4.82082      0.0482082
   11         3      0.0894388    0.000894388         12.535        0.12535
   11         3       0.146435     0.00146435        20.9978       0.209978
   11         3        0.19717      0.0019717        28.5899       0.285899
   11         3        0.25195      0.0025195        36.9033       0.369033
   11         3       0.302792     0.00302792        44.8288       0.448288
   11         3       0.352974     0.00352974        52.9213       0.529213
   11         3       0.400601     0.00400601        60.5935       0.605935
   11         3       0.448109     0.00448109        68.4266       0.684266
   11         3       0.495675     0.00495675        76.4295       0.764295
   11         3        0.54326      0.0054326        84.6121       0.846121
   11         3        0.58991      0.0058991        92.9855       0.929855
   11         3       0.633765     0.00633765        100.893        1.00893
   11         3       0.677757     0.00677757         108.98         1.0898
   11         3       0.718005     0.00718005         116.56         1.1656
   11         3       0.758442     0.00758442        124.305        1.24305
   11         3       0.801967     0.00801967        132.953        1.32953
   11         3       0.837809     0.00837809        140.325        1.40325
   11         3       0.878269     0.00878269        148.617        1.48617
   11         3       0.915149     0.00915149        156.327        1.56327
   11         3       0.951983     0.00951983        164.207        1.64207
   11         3       0.989083     0.00989083        172.267        1.72267
