 *tel    numcsi      CsIV        errCsIV           CsIE       errCsIE
    0         0      0.0221579    0.000221579        14.9153       0.149153
    0         0      0.0825944    0.000825944        27.0459       0.270459
    0         0        0.15048      0.0015048        39.1359       0.391359
    0         0       0.225754     0.00225754        51.2087       0.512087
    0         0       0.305679     0.00305679        63.7628       0.637628
    0         0       0.381677     0.00381677        75.1601       0.751601
    0         0       0.461964     0.00461964        87.2442       0.872442
    0         0       0.543866     0.00543866        99.1754       0.991754
    0         0        0.63043      0.0063043        111.809        1.11809
    0         0       0.710624     0.00710624        123.471        1.23471
    0         0       0.798201     0.00798201        135.838        1.35838
    0         0       0.879127     0.00879127        147.271        1.47271
    0         0       0.966823     0.00966823        159.414        1.59414
    0         0        1.05593      0.0105593        171.455        1.71455
    0         0        1.14495      0.0114495        183.406        1.83406
    0         0        1.23604      0.0123604        195.274        1.95274
    0         0        1.33636      0.0133636        207.855        2.07855
    0         0        1.43137      0.0143137        219.582        2.19582
    0         0        1.52743      0.0152743        231.254        2.31254
    0         0        1.63199      0.0163199        243.651        2.43651
    0         0        1.73032      0.0173032        255.229        2.55229
    0         1      0.0204121    0.000204121         13.882        0.13882
    0         1       0.102956     0.00102956        28.0751       0.280751
    0         1        0.18824      0.0018824        42.8417       0.428417
    0         1       0.266808     0.00266808         55.924        0.55924
    0         1       0.361405     0.00361405        70.8888       0.708888
    0         1       0.448298     0.00448298        84.2498       0.842498
    0         1       0.542227     0.00542227         98.367        0.98367
    0         1       0.636131     0.00636131        112.174        1.12174
    0         1        0.73844      0.0073844        126.754        1.26754
    0         1       0.832221     0.00832221        140.066        1.40066
    0         1       0.933993     0.00933993        154.197        1.54197
    0         1        1.03682      0.0103682        168.147        1.68147
    0         1        1.14873      0.0114873        182.923        1.82923
    0         1          1.256        0.01256        196.579        1.96579
    0         1        1.36536      0.0136536        210.126        2.10126
    0         1        1.48495      0.0148495        224.536        2.24536
    0         1        1.60716      0.0160716        238.857        2.38857
    0         1         1.7225       0.017225        252.157        2.52157
    0         1        1.84731      0.0184731        266.347        2.66347
    0         1        1.97253      0.0197253        280.488        2.80488
    0         1        2.09764      0.0209764        294.589        2.94589
    0         2       0.032262     0.00032262         15.677        0.15677
    0         2       0.106761     0.00106761        28.2447       0.282447
    0         2       0.184405     0.00184405        41.1535       0.411535
    0         2       0.269261     0.00269261        54.6395       0.546395
    0         2       0.354028     0.00354028        67.7538       0.677538
    0         2       0.438675     0.00438675         80.482        0.80482
    0         2       0.529554     0.00529554        93.8093       0.938093
    0         2       0.620543     0.00620543        106.859        1.06859
    0         2        0.71212      0.0071212         119.67         1.1967
    0         2       0.802463     0.00802463        132.273        1.32273
    0         2       0.899637     0.00899637        145.516        1.45516
    0         2       0.998541     0.00998541        158.577        1.58577
    0         2        1.09783      0.0109783        171.478        1.71478
    0         2        1.19965      0.0119965        184.239        1.84239
    0         2        1.30948      0.0130948        197.661        1.97661
    0         2        1.42193      0.0142193         210.96         2.1096
    0         2        1.52965      0.0152965        223.379        2.23379
    0         2        1.64638      0.0164638        236.481        2.36481
    0         2        1.76405      0.0176405          249.5          2.495
    0         2        1.88235      0.0188235        262.447        2.62447
    0         2        2.00119      0.0200119        275.331        2.75331
    0         3      0.0296201    0.000296201        16.8066       0.168066
    0         3       0.107259     0.00107259        29.7092       0.297092
    0         3       0.188852     0.00188852         42.829        0.42829
    0         3       0.270013     0.00270013        55.5604       0.555604
    0         3        0.35777      0.0035777        68.9136       0.689136
    0         3       0.444881     0.00444881        81.8854       0.818854
    0         3       0.532572     0.00532572        94.5881       0.945881
    0         3       0.626488     0.00626488        107.942        1.07942
    0         3       0.714809     0.00714809        120.202        1.20202
    0         3       0.808237     0.00808237        133.149        1.33149
    0         3       0.908557     0.00908557        146.772        1.46772
    0         3        1.00416      0.0100416        159.393        1.59393
    0         3        1.10667      0.0110667        172.715        1.72715
    0         3        1.21119      0.0121119        185.911        1.85911
    0         3        1.31946      0.0131946        198.997        1.98997
    0         3         1.4285       0.014285        211.988        2.11988
    0         3        1.53945      0.0153945        224.897        2.24897
    0         3        1.65208      0.0165208        237.735        2.37735
    0         3          1.766        0.01766        250.512        2.50512
    0         3        1.88142      0.0188142        263.238        2.63238
    0         3        2.00486      0.0200486        276.711        2.76711
    1         0      0.0274619    0.000274619        13.5447       0.135447
    1         0       0.103343     0.00103343        28.6754       0.286754
    1         0       0.192578     0.00192578        43.6561       0.436561
    1         0       0.290888     0.00290888        58.6652       0.586652
    1         0       0.389577     0.00389577        73.1263       0.731263
    1         0       0.496064     0.00496064        88.3972       0.883972
    1         0       0.602339     0.00602339        103.397        1.03397
    1         0        0.70941      0.0070941        118.163        1.18163
    1         0       0.823973     0.00823973         133.83         1.3383
    1         0       0.932295     0.00932295        148.183        1.48183
    1         0        1.04877      0.0104877         163.45         1.6345
    1         0        1.16815      0.0116815        178.544        1.78544
    1         0        1.28986      0.0128986        193.485        1.93485
    1         0        1.41552      0.0141552        208.291        2.08291
    1         0        1.54282      0.0154282        222.981        2.22981
    1         0        1.68154      0.0168154        238.609        2.38609
    1         0        1.81336      0.0181336        253.108        2.53108
    1         0        1.95558      0.0195558        268.563        2.68563
    1         0        2.09749      0.0209749        283.949        2.83949
    1         0        2.23129      0.0223129         298.26         2.9826
    1         0        2.37532      0.0237532        313.551        3.13551
    1         1      0.0271093    0.000271093        14.2659       0.142659
    1         1       0.126403     0.00126403        30.4614       0.304614
    1         1       0.224519     0.00224519         46.146        0.46146
    1         1       0.329841     0.00329841        62.6898       0.626898
    1         1       0.435714     0.00435714        78.7453       0.787453
    1         1       0.541578     0.00541578        94.3886       0.943886
    1         1       0.656435     0.00656435        110.865        1.10865
    1         1       0.762777     0.00762777        125.872        1.25872
    1         1       0.885302     0.00885302        142.889        1.42889
    1         1         1.0007       0.010007        158.522        1.58522
    1         1        1.11743      0.0111743        173.948        1.73948
    1         1        1.24619      0.0124619        190.275        1.90275
    1         1        1.37838      0.0137838        206.423        2.06423
    1         1        1.51396      0.0151396        222.417        2.22417
    1         1        1.65104      0.0165104        238.278        2.38278
    1         1        1.79037      0.0179037        254.026        2.54026
    1         1        1.94118      0.0194118        270.718        2.70718
    1         1        2.08258      0.0208258        286.281        2.86281
    1         1         2.2343       0.022343        302.807        3.02807
    1         1        2.37746      0.0237746        318.242        3.18242
    1         1        2.53003      0.0253003        334.655        3.34655
    1         2      0.0318352    0.000318352        16.2548       0.162548
    1         2        0.11423      0.0011423        29.3271       0.293271
    1         2       0.198122     0.00198122        42.9793       0.429793
    1         2       0.276231     0.00276231        55.3546       0.553546
    1         2       0.361761     0.00361761        68.3687       0.683687
    1         2       0.452921     0.00452921        81.9295       0.819295
    1         2       0.537897     0.00537897        94.3274       0.943274
    1         2       0.629331     0.00629331        107.371        1.07371
    1         2       0.720449     0.00720449        120.198        1.20198
    1         2       0.818547     0.00818547        133.674        1.33674
    1         2       0.916187     0.00916187        146.965        1.46965
    1         2        1.00838      0.0100838        159.278        1.59278
    1         2        1.10877      0.0110877        172.273        1.72273
    1         2        1.21701      0.0121701        185.943        1.85943
    1         2        1.32122      0.0132122        198.696        1.98696
    1         2        1.42873      0.0142873        211.352        2.11352
    1         2        1.54342      0.0154342        224.708        2.24708
    1         2        1.65977      0.0165977        237.981        2.37981
    1         2        1.77105      0.0177105        250.408        2.50408
    1         2        1.89034      0.0189034        263.553        2.63553
    1         2        2.01058      0.0201058        276.644        2.76644
    1         3      0.0256955    0.000256955        13.9075       0.139075
    1         3        0.10678      0.0010678        28.9189       0.289189
    1         3       0.185231     0.00185231         42.405        0.42405
    1         3       0.269799     0.00269799        56.2809       0.562809
    1         3       0.360983     0.00360983        70.6004       0.706004
    1         3       0.451302     0.00451302        84.4331       0.844331
    1         3       0.548125     0.00548125        98.8134       0.988134
    1         3       0.646075     0.00646075         112.88         1.1288
    1         3       0.742916     0.00742916         126.69         1.2669
    1         3       0.839839     0.00839839        140.285        1.40285
    1         3       0.943605     0.00943605        154.534        1.54534
    1         3        1.04817      0.0104817        168.613        1.68613
    1         3         1.1553       0.011553        182.548        1.82548
    1         3        1.26376      0.0126376        196.363        1.96363
    1         3        1.38167      0.0138167        210.879        2.10879
    1         3        1.49638      0.0149638        224.502        2.24502
    1         3        1.61859      0.0161859        238.849        2.38849
    1         3        1.73602      0.0173602        252.339        2.52339
    1         3        1.86176      0.0186176        266.573        2.66573
    1         3        1.98741      0.0198741        280.765        2.80765
    2         0      0.0284385    0.000284385         13.315        0.13315
    2         0      0.0938263    0.000938263        26.3733       0.263733
    2         0        0.17033      0.0017033        39.0845       0.390845
    2         0       0.256982     0.00256982        52.9638       0.529638
    2         0       0.339428     0.00339428        65.6578       0.656578
    2         0       0.426381     0.00426381        78.9776       0.789776
    2         0       0.508674     0.00508674        91.1918       0.911918
    2         0       0.602179     0.00602179        104.903        1.04903
    2         0       0.689546     0.00689546        117.529        1.17529
    2         0       0.782868     0.00782868        130.771        1.30771
    2         0       0.877554     0.00877554          143.8          1.438
    2         0       0.971529     0.00971529        156.637        1.56637
    2         0        1.06664      0.0106664        169.302        1.69302
    2         0        1.16972      0.0116972        182.591        1.82591
    2         0        1.27476      0.0127476        195.729        1.95729
    2         0        1.38335      0.0138335        208.733        2.08733
    2         0        1.49283      0.0149283         221.62         2.2162
    2         0        1.60388      0.0160388        234.406        2.34406
    2         0        1.72399      0.0172399        247.848        2.47848
    2         0        1.83785      0.0183785        260.466        2.60466
    2         1      0.0228025    0.000228025        11.8443       0.118443
    2         1      0.0807305    0.000807305        24.4836       0.244836
    2         1       0.141748     0.00141748        36.3369       0.363369
    2         1        0.20814      0.0020814        48.2556       0.482556
    2         1        0.28138      0.0028138        60.6024       0.606024
    2         1       0.355364     0.00355364        72.5283       0.725283
    2         1       0.428446     0.00428446         84.133        0.84133
    2         1       0.508557     0.00508557        96.4639       0.964639
    2         1       0.588128     0.00588128        108.594        1.08594
    2         1       0.667768     0.00667768        120.558        1.20558
    2         1        0.74771      0.0074771         132.38         1.3238
    2         1       0.833365     0.00833365        144.976        1.44976
    2         1       0.913708     0.00913708        156.563        1.56563
    2         1        1.00078      0.0100078        168.941        1.68941
    2         1        1.08226      0.0108226        180.354        1.80354
    2         1        1.17116      0.0117116        192.571        1.92571
    2         1         1.2622       0.012622        204.722        2.04722
    2         1        1.35491      0.0135491        216.818        2.16818
    2         1        1.44912      0.0144912        228.869        2.28869
    2         1        1.54468      0.0154468        240.883        2.40883
    2         1        1.64202      0.0164202        252.869        2.52869
    2         2      0.0282488    0.000282488        13.5673       0.135673
    2         2      0.0869832    0.000869832        23.6433       0.236433
    2         2       0.144517     0.00144517        33.3229       0.333229
    2         2        0.20669      0.0020669        43.4607       0.434607
    2         2       0.268096     0.00268096        53.2908       0.532908
    2         2       0.335747     0.00335747         63.584        0.63584
    2         2       0.401939     0.00401939        73.5742       0.735742
    2         2        0.47375      0.0047375        83.9928       0.839928
    2         2          0.541        0.00541        93.5048       0.935048
    2         2       0.612945     0.00612945        103.504        1.03504
    2         2       0.689551     0.00689551        113.982        1.13982
    2         2       0.760611     0.00760611        123.652        1.23652
    2         2       0.838096     0.00838096        133.826        1.33826
    2         2       0.914447     0.00914447        143.875        1.43875
    2         2        0.99293      0.0099293        153.816        1.53816
    2         2        1.07088      0.0107088        163.661        1.63661
    2         2        1.14953      0.0114953        173.423        1.73423
    2         2        1.23541      0.0123541        183.716        1.83716
    2         2        1.32345      0.0132345        193.939        1.93939
    2         2        1.40639      0.0140639        203.505        2.03505
    2         2        1.49611      0.0149611        213.617        2.13617
    2         3      0.0247611    0.000247611        11.4684       0.114684
    2         3      0.0820283    0.000820283        23.7356       0.237356
    2         3       0.147564     0.00147564        35.8215       0.358215
    2         3       0.220576     0.00220576        47.8246       0.478246
    2         3       0.292756     0.00292756        59.3647       0.593647
    2         3        0.37235      0.0037235        71.5572       0.715572
    2         3       0.450562     0.00450562        83.4585       0.834585
    2         3       0.529387     0.00529387        95.1505       0.951505
    2         3        0.61523      0.0061523         107.53         1.0753
    2         3       0.699602     0.00699602        119.708        1.19708
    2         3       0.784437     0.00784437        131.705        1.31705
    2         3       0.870655     0.00870655        143.536        1.43536
    2         3       0.955844     0.00955844         155.22         1.5522
    2         3        1.04808      0.0104808         167.59         1.6759
    2         3        1.14306      0.0114306        179.824        1.79824
    2         3        1.23901      0.0123901        191.939        1.91939
    2         3        1.33671      0.0133671        203.946        2.03946
    2         3        1.43645      0.0143645         215.86         2.1586
    2         3        1.53807      0.0153807        227.692        2.27692
    2         3        1.64075      0.0164075        239.452        2.39452
    2         3        1.75158      0.0175158        251.928        2.51928
    3         0      0.0298967    0.000298967        14.4324       0.144324
    3         0      0.0776379    0.000776379         24.419        0.24419
    3         0       0.134773     0.00134773        34.4802       0.344802
    3         0       0.194824     0.00194824        44.3967       0.443967
    3         0        0.25922      0.0025922        54.5751       0.545751
    3         0       0.325608     0.00325608        64.4635       0.644635
    3         0       0.395048     0.00395048        74.7883       0.747883
    3         0       0.466244     0.00466244        84.9124       0.849124
    3         0       0.535867     0.00535867        94.8713       0.948713
    3         0       0.606631     0.00606631        104.686        1.04686
    3         0       0.676475     0.00676475         114.37         1.1437
    3         0       0.751951     0.00751951        124.568        1.24568
    3         0       0.826754     0.00826754        134.643        1.34643
    3         0       0.902468     0.00902468        144.606        1.44606
    3         0       0.978424     0.00978424        154.467        1.54467
    3         0        1.05909      0.0105909        164.845        1.64845
    3         0        1.13709      0.0113709        174.526        1.74526
    3         0        1.22079      0.0122079        184.731        1.84731
    3         0        1.30541      0.0130541        194.861        1.94861
    3         0        1.39254      0.0139254        204.923        2.04923
    3         0         1.4805       0.014805        214.925        2.14925
    3         1       0.034947     0.00034947        15.7258       0.157258
    3         1      0.0774784    0.000774784        23.3455       0.233455
    3         1       0.124363     0.00124363        31.9452       0.319452
    3         1       0.167418     0.00167418        39.5615       0.395615
    3         1       0.215529     0.00215529        47.5188       0.475188
    3         1       0.266395     0.00266395        55.7817       0.557817
    3         1       0.317182     0.00317182        63.7954       0.637954
    3         1       0.368947     0.00368947        71.5417       0.715417
    3         1       0.423491     0.00423491        79.5868       0.795868
    3         1       0.482581     0.00482581        87.9538       0.879538
    3         1       0.536764     0.00536764        95.6229       0.956229
    3         1       0.596099     0.00596099        103.646        1.03646
    3         1       0.654751     0.00654751        111.531        1.11531
    3         1       0.716966     0.00716966        119.781        1.19781
    3         1       0.778998     0.00778998        127.918        1.27918
    3         1       0.841747     0.00841747        135.961        1.35961
    3         1       0.904579     0.00904579        143.923        1.43923
    3         1       0.967628     0.00967628        151.816        1.51816
    3         1        1.03038      0.0103038        159.651        1.59651
    3         1        1.09861      0.0109861        167.893        1.67893
    3         1        1.16311      0.0116311        175.635        1.75635
    3         1        1.23355      0.0123355        183.793        1.83793
    3         2      0.0286013    0.000286013        15.9062       0.159062
    3         2      0.0577543    0.000577543        23.4439       0.234439
    3         2       0.092285     0.00092285        31.7844       0.317844
    3         2       0.125217     0.00125217        39.7458       0.397458
    3         2       0.160369     0.00160369        47.9492       0.479492
    3         2       0.196542     0.00196542        55.8668       0.558668
    3         2       0.232888     0.00232888        63.5572       0.635572
    3         2       0.270802     0.00270802        71.5142       0.715142
    3         2       0.311058     0.00311058        79.7273       0.797273
    3         2        0.35231      0.0035231        87.7627       0.877627
    3         2       0.393405     0.00393405        95.6451       0.956451
    3         2       0.435949     0.00435949        103.852        1.03852
    3         2        0.47957      0.0047957        111.939        1.11939
    3         2       0.522349     0.00522349        119.925        1.19925
    3         2       0.565341     0.00565341        127.825        1.27825
    3         2       0.609264     0.00609264        135.653        1.35653
    3         2       0.654729     0.00654729         143.85         1.4385
    3         2       0.699966     0.00699966        151.989        1.51989
    3         2        0.74356      0.0074356        159.656        1.59656
    3         2       0.788382     0.00788382        167.709        1.67709
    3         2       0.834509     0.00834509        175.729        1.75729
    3         2       0.880878     0.00880878        183.721        1.83721
    3         3      0.0265271    0.000265271        13.4058       0.134058
    3         3      0.0745604    0.000745604        23.2932       0.232932
    3         3       0.132649     0.00132649        33.4426       0.334426
    3         3       0.192756     0.00192756        43.5843       0.435843
    3         3       0.257745     0.00257745        53.9823       0.539823
    3         3       0.324659     0.00324659        63.9897       0.639897
    3         3       0.389915     0.00389915        73.6493       0.736493
    3         3       0.461498     0.00461498        83.6906       0.836906
    3         3       0.531851     0.00531851        93.4786       0.934786
    3         3       0.607665     0.00607665        103.686        1.03686
    3         3       0.682843     0.00682843         113.69         1.1369
    3         3       0.758798     0.00758798        123.519        1.23519
    3         3       0.839212     0.00839212          133.8          1.338
    3         3        0.91964      0.0091964        143.939        1.43939
    3         3        1.00126      0.0100126        153.955        1.53955
    3         3        1.08346      0.0108346        163.868        1.63868
    3         3        1.16666      0.0116666        173.692        1.73692
    3         3        1.25167      0.0125167         183.44         1.8344
    3         3        1.34354      0.0134354        193.691        1.93691
    3         3         1.4363       0.014363        203.881        2.03881
    3         3        1.52524      0.0152524        213.459        2.13459
    4         0      0.0190848    0.000190848         10.937        0.10937
    4         0      0.0583159    0.000583159        20.3358       0.203358
    4         0       0.108846     0.00108846        30.8383       0.308383
    4         0       0.164588     0.00164588        40.9953       0.409953
    4         0       0.220171     0.00220171        50.5406       0.505406
    4         0       0.280805     0.00280805        60.5055       0.605055
    4         0       0.345092     0.00345092        70.8837       0.708837
    4         0       0.410225     0.00410225        80.9393       0.809393
    4         0         0.4754       0.004754        90.7635       0.907635
    4         0        0.54054      0.0054054        100.384        1.00384
    4         0       0.609335     0.00609335        110.493        1.10493
    4         0       0.679263     0.00679263        120.422        1.20422
    4         0       0.753756     0.00753756        130.837        1.30837
    4         0       0.822578     0.00822578        140.457        1.40457
    4         0       0.897111     0.00897111        150.582        1.50582
    4         0       0.972034     0.00972034        160.582        1.60582
    4         0        1.04632      0.0104632        170.473        1.70473
    4         0        1.12737      0.0112737        180.876        1.80876
    4         0        1.20515      0.0120515        190.581        1.90581
    4         0        1.28772      0.0128772         200.81         2.0081
    4         1      0.0235464    0.000235464        11.9048       0.119048
    4         1      0.0648645    0.000648645        21.8949       0.218949
    4         1       0.110461     0.00110461        31.2551       0.312551
    4         1       0.168919     0.00168919        41.9393       0.419393
    4         1       0.226624     0.00226624        51.7321       0.517321
    4         1       0.289128     0.00289128        61.7616       0.617616
    4         1       0.352289     0.00352289        71.4363       0.714363
    4         1       0.419743     0.00419743        81.5231       0.815231
    4         1         0.4872       0.004872        91.4348       0.914348
    4         1       0.558087     0.00558087        101.856        1.01856
    4         1       0.625555     0.00625555         111.51         1.1151
    4         1       0.697475     0.00697475        121.699        1.21699
    4         1       0.768831     0.00768831        131.791        1.31791
    4         1       0.840406     0.00840406        141.795        1.41795
    4         1       0.912502     0.00912502        151.721        1.51721
    4         1       0.984913     0.00984913        161.576        1.61576
    4         1        1.06177      0.0106177        171.976        1.71976
    4         1        1.13523      0.0113523        181.705        1.81705
    4         1        1.21504      0.0121504        191.985        1.91985
    4         1        1.29031      0.0129031        201.613        2.01613
    4         1        1.37264      0.0137264        211.796        2.11796
    4         2      0.0202763    0.000202763        10.0219       0.100219
    4         2      0.0709794    0.000709794        20.5587       0.205587
    4         2       0.124772     0.00124772        30.5711       0.305711
    4         2       0.183003     0.00183003        40.4978       0.404978
    4         2       0.247652     0.00247652        50.5974       0.505974
    4         2       0.312578     0.00312578        60.2197       0.602197
    4         2       0.381901     0.00381901        70.2616       0.702616
    4         2       0.457485     0.00457485        80.7079       0.807079
    4         2       0.532101     0.00532101         90.907        0.90907
    4         2       0.607631     0.00607631        100.905        1.00905
    4         2       0.682161     0.00682161        110.736        1.10736
    4         2       0.757915     0.00757915        120.424        1.20424
    4         2       0.837561     0.00837561        130.669        1.30669
    4         2       0.919289     0.00919289         140.79         1.4079
    4         2        0.99981      0.0099981        150.802        1.50802
    4         2        1.08251      0.0108251         160.72         1.6072
    4         2        1.16506      0.0116506        170.553        1.70553
    4         2        1.25547      0.0125547         180.96         1.8096
    4         2         1.3421       0.013421        190.648        1.90648
    4         2        1.43502      0.0143502        200.917        2.00917
    4         2        1.52478      0.0152478        210.492        2.10492
    4         3      0.0238364    0.000238364        11.2067       0.112067
    4         3       0.067046     0.00067046        20.7249       0.207249
    4         3       0.111963     0.00111963        29.6926       0.296926
    4         3       0.161541     0.00161541        38.5511       0.385511
    4         3       0.214579     0.00214579        47.5362       0.475362
    4         3       0.271084     0.00271084        56.7836       0.567836
    4         3       0.328973     0.00328973        65.7185       0.657185
    4         3       0.389543     0.00389543        74.9704       0.749704
    4         3       0.451251     0.00451251        83.9919       0.839919
    4         3       0.513045     0.00513045        92.8209       0.928209
    4         3       0.573878     0.00573878        101.488        1.01488
    4         3        0.63931      0.0063931        110.577        1.10577
    4         3       0.704588     0.00704588        119.524        1.19524
    4         3       0.773918     0.00773918        128.892        1.28892
    4         3       0.839533     0.00839533        137.593        1.37593
    4         3       0.909165     0.00909165        146.728        1.46728
    4         3       0.978964     0.00978964        155.761        1.55761
    4         3        1.04949      0.0104949        164.704        1.64704
    4         3        1.12036      0.0112036        173.565        1.73565
    4         3        1.19745      0.0119745        182.868        1.82868
    4         3        1.27019      0.0127019        191.586        1.91586
    5         0      0.0199709    0.000199709        12.9887       0.129887
    5         0      0.0656076    0.000656076        22.4005       0.224005
    5         0       0.115827     0.00115827        31.4487       0.314487
    5         0        0.17032      0.0017032        40.6444       0.406444
    5         0       0.224037     0.00224037        49.4197       0.494197
    5         0       0.283441     0.00283441        58.6745       0.586745
    5         0       0.343039     0.00343039        67.6881       0.676881
    5         0       0.401585     0.00401585        76.4379       0.764379
    5         0       0.466275     0.00466275        85.7177       0.857177
    5         0       0.530789     0.00530789        94.8073       0.948073
    5         0       0.594124     0.00594124        103.732        1.03732
    5         0       0.658637     0.00658637        112.511        1.12511
    5         0       0.728231     0.00728231        121.819        1.21819
    5         0       0.796501     0.00796501        130.992        1.30992
    5         0       0.861071     0.00861071        139.402        1.39402
    5         0       0.935755     0.00935755         148.99         1.4899
    5         0        1.00475      0.0100475        157.839        1.57839
    5         0        1.07562      0.0107562        166.602        1.66602
    5         0        1.15177      0.0115177        175.905        1.75905
    5         0        1.22394      0.0122394        184.516        1.84516
    5         0        1.30255      0.0130255        193.673        1.93673
    5         0        1.38269      0.0138269        202.768        2.02768
    5         1      0.0215693    0.000215693        10.8867       0.108867
    5         1      0.0757692    0.000757692        20.2331       0.202331
    5         1       0.138343     0.00138343        30.4916       0.304916
    5         1       0.207184     0.00207184        40.7403       0.407403
    5         1         0.2754       0.002754        50.3167       0.503167
    5         1       0.356188     0.00356188        60.8749       0.608749
    5         1       0.435989     0.00435989        70.9412       0.709412
    5         1       0.516721     0.00516721        80.5961       0.805961
    5         1        0.60311      0.0060311        90.6348       0.906348
    5         1       0.688669     0.00688669        100.428        1.00428
    5         1       0.781007     0.00781007        110.666        1.10666
    5         1         0.8724       0.008724        120.738        1.20738
    5         1       0.965025     0.00965025        130.682        1.30682
    5         1        1.05786      0.0105786        140.527        1.40527
    5         1        1.15854      0.0115854        150.904        1.50904
    5         1        1.25501      0.0125501         160.61         1.6061
    5         1        1.36001      0.0136001        170.876        1.70876
    5         1        1.45965      0.0145965        180.506        1.80506
    5         1         1.5682       0.015682        190.714        1.90714
    5         1        1.67708      0.0167708        200.909        2.00909
    5         2      0.0251403    0.000251403         14.357        0.14357
    5         2      0.0719472    0.000719472        22.5891       0.225891
    5         2       0.124335     0.00124335        30.3669       0.303669
    5         2       0.179557     0.00179557        38.3161       0.383161
    5         2       0.240229     0.00240229         46.594        0.46594
    5         2       0.301313     0.00301313        54.5718       0.545718
    5         2       0.366765     0.00366765        62.9333       0.629333
    5         2       0.428026     0.00428026        70.4111       0.704111
    5         2       0.499535     0.00499535        78.8468       0.788468
    5         2       0.564614     0.00564614        86.4764       0.864764
    5         2       0.635966     0.00635966        94.4938       0.944938
    5         2       0.711595     0.00711595        102.887        1.02887
    5         2       0.782737     0.00782737        110.561        1.10561
    5         2        0.85856      0.0085856        118.634        1.18634
    5         2       0.934847     0.00934847        126.572        1.26572
    5         2        1.01732      0.0101732         134.91         1.3491
    5         2         1.0941       0.010941         142.62         1.4262
    5         2        1.17863      0.0117863        150.746        1.50746
    5         2        1.26352      0.0126352        158.783        1.58783
    5         2        1.35045      0.0135045        166.741        1.66741
    5         2        1.43903      0.0143903        174.631        1.74631
    5         2        1.53355      0.0153355        182.949        1.82949
    5         3      0.0290438    0.000290438          13.78         0.1378
    5         3      0.0816855    0.000816855        21.2297       0.212297
    5         3       0.154267     0.00154267        29.9215       0.299215
    5         3       0.227309     0.00227309         37.628        0.37628
    5         3       0.306456     0.00306456        45.5289       0.455289
    5         3       0.394364     0.00394364        53.7117       0.537117
    5         3       0.482194     0.00482194        61.5649       0.615649
    5         3        0.57615      0.0057615        69.7677       0.697677
    5         3       0.670833     0.00670833        77.6687       0.776687
    5         3       0.772991     0.00772991         85.946        0.85946
    5         3       0.866772     0.00866772        93.4407       0.934407
    5         3       0.976565     0.00976565        101.898        1.01898
    5         3        1.07963      0.0107963        109.635        1.09635
    5         3        1.19267      0.0119267         117.78         1.1778
    5         3        1.30771      0.0130771        125.797        1.25797
    5         3        1.42615      0.0142615        133.706        1.33706
    5         3        1.54574      0.0154574         141.52         1.4152
    5         3        1.67533      0.0167533        149.765        1.49765
    5         3        1.80731      0.0180731        157.931        1.57931
    5         3        1.93085      0.0193085        165.525        1.65525
    5         3        2.06314      0.0206314        173.568        1.73568
    5         3        2.19587      0.0219587        181.561        1.81561
    6         0      0.0169618    0.000169618        12.7648       0.127648
    6         0      0.0574021    0.000574021        22.9054       0.229054
    6         0       0.107386     0.00107386        33.2611       0.332611
    6         0       0.161048     0.00161048        43.3326       0.433326
    6         0       0.218824     0.00218824        53.5327       0.535327
    6         0       0.277643     0.00277643        63.2193       0.632193
    6         0       0.341594     0.00341594        73.2905       0.732905
    6         0       0.409227     0.00409227        83.7508       0.837508
    6         0       0.477968     0.00477968        93.9109       0.939109
    6         0         0.5466       0.005466        103.826        1.03826
    6         0       0.614108     0.00614108        113.534        1.13534
    6         0       0.687705     0.00687705        123.742        1.23742
    6         0       0.761017     0.00761017        133.777        1.33777
    6         0       0.833822     0.00833822        143.665        1.43665
    6         0       0.907749     0.00907749        153.426        1.53426
    6         0       0.985627     0.00985627        163.717        1.63717
    6         0        1.06537      0.0106537        173.901        1.73901
    6         0        1.14566      0.0114566        183.993        1.83993
    6         0         1.2219       0.012219        193.383        1.93383
    6         0         1.3098       0.013098        203.953        2.03953
    6         1      0.0235409    0.000235409        13.9994       0.139994
    6         1      0.0693359    0.000693359        23.8773       0.238773
    6         1       0.114828     0.00114828        32.3502       0.323502
    6         1       0.169164     0.00169164         41.825        0.41825
    6         1       0.223337     0.00223337        50.7049       0.507049
    6         1       0.283333     0.00283333        59.9127       0.599127
    6         1        0.34205      0.0034205        68.7484       0.687484
    6         1       0.406864     0.00406864        77.9274       0.779274
    6         1       0.471736     0.00471736        86.8335       0.868335
    6         1       0.535513     0.00535513        95.5115       0.955115
    6         1       0.605033     0.00605033        104.652        1.04652
    6         1       0.674922     0.00674922        113.619        1.13619
    6         1       0.743499     0.00743499        122.444        1.22444
    6         1       0.818137     0.00818137        131.769        1.31769
    6         1       0.892963     0.00892963        140.985        1.40985
    6         1        0.96228      0.0096228        149.504        1.49504
    6         1        1.03812      0.0103812         158.56         1.5856
    6         1        1.11385      0.0111385        167.555        1.67555
    6         1        1.19142      0.0119142          176.5          1.765
    6         1        1.27453      0.0127453        185.999        1.85999
    6         1        1.35521      0.0135521        194.872        1.94872
    6         1        1.43549      0.0143549        203.722        2.03722
    6         2      0.0229693    0.000229693        13.5446       0.135446
    6         2      0.0576968    0.000576968        21.1749       0.211749
    6         2            0.1          0.001        29.9968       0.299968
    6         2       0.137463     0.00137463        37.3973       0.373973
    6         2       0.182583     0.00182583        45.6557       0.456557
    6         2       0.227097     0.00227097        53.3916       0.533916
    6         2       0.279445     0.00279445        61.9062       0.619062
    6         2       0.328555     0.00328555        69.4451       0.694451
    6         2         0.3853       0.003853        77.7559       0.777559
    6         2       0.440859     0.00440859        85.7936       0.857936
    6         2       0.497494     0.00497494        93.6106       0.936106
    6         2       0.557856     0.00557856        101.763        1.01763
    6         2       0.618219     0.00618219        109.765        1.09765
    6         2       0.677603     0.00677603         117.65         1.1765
    6         2       0.741646     0.00741646        125.928        1.25928
    6         2        0.80214      0.0080214        133.647        1.33647
    6         2       0.865337     0.00865337         141.79         1.4179
    6         2       0.929559     0.00929559        149.889        1.49889
    6         2        0.99427      0.0099427        157.955        1.57955
    6         2         1.0557       0.010557        165.528        1.65528
    6         3      0.0211852    0.000211852        13.4063       0.134063
    6         3      0.0527543    0.000527543        21.4581       0.214581
    6         3      0.0924532    0.000924532        29.8839       0.298839
    6         3       0.131131     0.00131131        37.2989       0.372989
    6         3       0.177792     0.00177792        45.4782       0.454782
    6         3       0.227293     0.00227293        53.8499       0.538499
    6         3        0.27718      0.0027718        61.9297       0.619297
    6         3       0.327736     0.00327736        69.8099       0.698099
    6         3       0.378212     0.00378212        77.5039       0.775039
    6         3       0.431633     0.00431633        85.6707       0.856707
    6         3       0.485782     0.00485782        93.7221       0.937221
    6         3       0.539934     0.00539934        101.676        1.01676
    6         3       0.594108     0.00594108        109.541        1.09541
    6         3       0.651211     0.00651211        117.879        1.17879
    6         3       0.705524     0.00705524        125.584        1.25584
    6         3       0.763798     0.00763798        133.765        1.33765
    6         3       0.820957     0.00820957        141.873        1.41873
    6         3       0.878912     0.00878912        149.916        1.49916
    6         3       0.937496     0.00937496        157.897        1.57897
    6         3       0.995933     0.00995933        165.822        1.65822
    6         3        1.05411      0.0105411        173.695        1.73695
    6         3        1.11347      0.0111347        181.521        1.81521
    7         0      0.0221453    0.000221453        12.5516       0.125516
    7         0      0.0582355    0.000582355        20.3787       0.203787
    7         0       0.101531     0.00101531        28.6649       0.286649
    7         0       0.144471     0.00144471        36.4068       0.364068
    7         0       0.191436     0.00191436        44.4782       0.444782
    7         0       0.241299     0.00241299        52.9021       0.529021
    7         0       0.288313     0.00288313        60.4524       0.604524
    7         0       0.339393     0.00339393        68.4008       0.684008
    7         0       0.394387     0.00394387        76.6891       0.766891
    7         0       0.448243     0.00448243        84.7905       0.847905
    7         0       0.503321     0.00503321        92.7207       0.927207
    7         0        0.55825      0.0055825        100.506        1.00506
    7         0       0.616351     0.00616351        108.707        1.08707
    7         0       0.674725     0.00674725        116.782        1.16782
    7         0        0.73365      0.0073365        124.744        1.24744
    7         0       0.792448     0.00792448        132.608        1.32608
    7         0       0.854085     0.00854085        140.899        1.40899
    7         0        0.91337      0.0091337        148.592        1.48592
    7         0       0.976698     0.00976698        156.722        1.56722
    7         0        1.03919      0.0103919        164.782        1.64782
    7         0        1.10326      0.0110326         172.78         1.7278
    7         1      0.0245988    0.000245988        11.8717       0.118717
    7         1       0.056546     0.00056546        19.2092       0.192092
    7         1            0.1          0.001        27.8779       0.278779
    7         1       0.142353     0.00142353        35.5636       0.355636
    7         1       0.192386     0.00192386        43.8898       0.438898
    7         1       0.241483     0.00241483        51.7177       0.517177
    7         1       0.295516     0.00295516        59.7941       0.597941
    7         1       0.349553     0.00349553        67.6034       0.676034
    7         1       0.407276     0.00407276        75.7051       0.757051
    7         1         0.4644       0.004644        83.6406       0.836406
    7         1       0.526341     0.00526341         91.949        0.91949
    7         1       0.584268     0.00584268        99.6208       0.996208
    7         1       0.644929     0.00644929        107.696        1.07696
    7         1       0.706869     0.00706869        115.675        1.15675
    7         1       0.768699     0.00768699         123.57         1.2357
    7         1       0.833572     0.00833572        131.876        1.31876
    7         1       0.895028     0.00895028        139.625        1.39625
    7         1       0.961109     0.00961109        147.792        1.47792
    7         1         1.0276       0.010276        155.899        1.55899
    7         1        1.09341      0.0109341        163.952        1.63952
    7         1        1.16133      0.0116133        171.956        1.71956
    7         2      0.0248304    0.000248304        11.8325       0.118325
    7         2      0.0482452    0.000482452        17.4759       0.174759
    7         2      0.0771429    0.000771429        23.7154       0.237154
    7         2       0.108315     0.00108315        29.9466       0.299466
    7         2       0.139622     0.00139622        35.7543       0.357543
    7         2       0.173816     0.00173816         41.761        0.41761
    7         2       0.211137     0.00211137        47.9886       0.479886
    7         2       0.248322     0.00248322        53.9979       0.539979
    7         2       0.284885     0.00284885        59.8334       0.598334
    7         2       0.324823     0.00324823         65.943        0.65943
    7         2       0.365123     0.00365123        71.8758       0.718758
    7         2       0.405288     0.00405288        77.6638       0.776638
    7         2       0.448359     0.00448359        83.7455       0.837455
    7         2       0.491243     0.00491243        89.7081       0.897081
    7         2       0.536546     0.00536546        95.9568       0.959568
    7         2       0.579469     0.00579469        101.721        1.01721
    7         2       0.625388     0.00625388         107.78         1.0778
    7         2        0.67145      0.0067145        113.756        1.13756
    7         2       0.716694     0.00716694        119.659        1.19659
    7         2       0.765129     0.00765129        125.856        1.25856
    7         2       0.813984     0.00813984        131.986        1.31986
    7         2       0.859991     0.00859991        137.698        1.37698
    7         2       0.908424     0.00908424        143.714        1.43714
    7         3      0.0158313    0.000158313        10.0427       0.100427
    7         3       0.052379     0.00052379        18.6899       0.186899
    7         3      0.0937823    0.000937823        26.9166       0.269166
    7         3       0.134477     0.00134477        34.3759       0.343759
    7         3       0.182108     0.00182108        42.7184       0.427184
    7         3       0.230353     0.00230353        50.6254       0.506254
    7         3       0.282866     0.00282866        58.8494       0.588494
    7         3       0.335641     0.00335641        66.7783       0.667783
    7         3       0.387327     0.00387327        74.4285       0.744285
    7         3       0.444022     0.00444022        82.4506       0.824506
    7         3       0.504638     0.00504638        90.8346       0.908346
    7         3       0.560391     0.00560391        98.4965       0.984965
    7         3       0.621235     0.00621235        106.556        1.06556
    7         3       0.682086     0.00682086        114.483        1.14483
    7         3        0.74586      0.0074586        122.812        1.22812
    7         3       0.806712     0.00806712        130.518        1.30518
    7         3       0.871668     0.00871668        138.643        1.38643
    7         3       0.935719     0.00935719        146.684        1.46684
    7         3        1.00146      0.0100146         154.65         1.5465
    7         3         1.0664       0.010664        162.552        1.62552
    7         3        1.13697      0.0113697        170.887        1.70887
    8         0      0.0314237    0.000314237         12.938        0.12938
    8         0      0.0511758    0.000511758        18.7717       0.187717
    8         0        0.07422      0.0007422        24.6649       0.246649
    8         0       0.100556     0.00100556        30.6432       0.306432
    8         0       0.130184     0.00130184        36.7263       0.367263
    8         0       0.163105     0.00163105         42.936        0.42936
    8         0       0.195995     0.00195995        48.7268       0.487268
    8         0       0.233529     0.00233529        54.7431       0.547431
    8         0       0.274828     0.00274828        60.9837       0.609837
    8         0       0.316022     0.00316022        66.9689       0.669689
    8         0       0.357091     0.00357091        72.7199       0.727199
    8         0       0.401233     0.00401233        78.7642       0.787642
    8         0       0.445751     0.00445751        84.6628       0.846628
    8         0        0.49398      0.0049398        90.8789       0.908789
    8         0       0.542117     0.00542117        96.9858       0.969858
    8         0       0.586817     0.00586817        102.577        1.02577
    8         0       0.638483     0.00638483        108.952        1.08952
    8         0       0.686634     0.00686634        114.844        1.14844
    8         0       0.734193     0.00734193        120.691        1.20691
    8         0        0.78557      0.0078557        126.916        1.26916
    8         0       0.833793     0.00833793        132.698        1.32698
    8         0       0.885647     0.00885647         138.87         1.3887
    8         1      0.0259769    0.000259769        12.8454       0.128454
    8         1      0.0573648    0.000573648        19.4915       0.194915
    8         1      0.0922402    0.000922402        26.4436       0.264436
    8         1       0.130603     0.00130603        33.6538       0.336538
    8         1       0.168966     0.00168966        40.4791       0.404791
    8         1       0.210816     0.00210816        47.5517       0.475517
    8         1       0.256155     0.00256155        54.8416       0.548416
    8         1       0.301492     0.00301492        61.8079       0.618079
    8         1       0.346832     0.00346832        68.5039       0.685039
    8         1       0.399255     0.00399255        75.9059       0.759059
    8         1       0.447988     0.00447988         82.602        0.82602
    8         1       0.499455     0.00499455        89.5815       0.895815
    8         1        0.55554      0.0055554        96.8509       0.968509
    8         1       0.611348     0.00611348        103.974        1.03974
    8         1       0.667225     0.00667225         110.98         1.1098
    8         1       0.723014     0.00723014        117.891        1.17891
    8         1       0.779063     0.00779063        124.726        1.24726
    8         1       0.837514     0.00837514        131.922        1.31922
    8         1       0.893775     0.00893775        138.644        1.38644
    8         1       0.953669     0.00953669        145.744        1.45744
    8         2      0.0264763    0.000264763        12.5461       0.125461
    8         2      0.0554647    0.000554647        19.7929       0.197929
    8         2      0.0880767    0.000880767        26.9045       0.269045
    8         2       0.124312     0.00124312        33.9139       0.339139
    8         2       0.164151     0.00164151        40.9129       0.409129
    8         2       0.208413     0.00208413        47.9861       0.479861
    8         2       0.253631     0.00253631        54.6426       0.546426
    8         2       0.301842     0.00301842        61.5062       0.615062
    8         2        0.35293      0.0035293        68.6161       0.686161
    8         2        0.40878      0.0040878        75.9385       0.759385
    8         2       0.460985     0.00460985        82.6035       0.826035
    8         2       0.516356     0.00516356        89.5955       0.895955
    8         2       0.575547     0.00575547        96.9262       0.969262
    8         2       0.631486     0.00631486        103.706        1.03706
    8         2        0.69109      0.0069109         110.86         1.1086
    8         2       0.750594     0.00750594        117.954        1.17954
    8         2       0.805734     0.00805734        124.561        1.24561
    8         2       0.865632     0.00865632        131.574        1.31574
    8         2       0.929504     0.00929504        138.996        1.38996
    8         2       0.989829     0.00989829        145.962        1.45962
    8         2        1.04986      0.0104986        152.917        1.52917
    8         3      0.0318434    0.000318434        15.7833       0.157833
    8         3       0.051665     0.00051665        20.6539       0.206539
    8         3      0.0754509    0.000754509        25.8332       0.258332
    8         3       0.101219     0.00101219        30.9229       0.309229
    8         3       0.128969     0.00128969        35.9885       0.359885
    8         3       0.156676     0.00156676        40.7457       0.407457
    8         3       0.188809     0.00188809        45.8989       0.458989
    8         3       0.221209     0.00221209        50.8243       0.508243
    8         3       0.254911     0.00254911        55.8526       0.558526
    8         3       0.289477     0.00289477        60.7253       0.607253
    8         3       0.326021     0.00326021        65.7476       0.657476
    8         3       0.364691     0.00364691        70.9016       0.709016
    8         3       0.403093     0.00403093          75.93         0.7593
    8         3       0.440801     0.00440801        80.8772       0.808772
    8         3        0.47925      0.0047925        85.7488       0.857488
    8         3       0.520011     0.00520011        90.8092       0.908092
    8         3       0.560789     0.00560789        95.8134       0.958134
    8         3       0.601045     0.00601045         100.77         1.0077
    8         3        0.64271      0.0064271        105.931        1.05931
    8         3       0.683395     0.00683395        110.812        1.10812
    9         0      0.0122219    0.000122219         13.854        0.13854
    9         0      0.0350182    0.000350182        19.9202       0.199202
    9         0      0.0606641    0.000606641        25.8474       0.258474
    9         0      0.0891596    0.000891596        31.7155       0.317155
    9         0       0.120505     0.00120505        37.5836       0.375836
    9         0         0.1576       0.001576        43.9743       0.439743
    9         0       0.191266     0.00191266        49.9422       0.499422
    9         0       0.224419     0.00224419        55.5985       0.555985
    9         0       0.264339     0.00264339         61.839        0.61839
    9         0       0.303371     0.00303371         67.842        0.67842
    9         0       0.342631     0.00342631        73.6225       0.736225
    9         0       0.387327     0.00387327        79.9973       0.799973
    9         0       0.428544     0.00428544        85.8597       0.858597
    9         0       0.472903     0.00472903         91.969        0.91969
    9         0       0.517669     0.00517669        97.9804       0.979804
    9         0       0.562259     0.00562259        103.911        1.03911
    9         0       0.606872     0.00606872        109.776        1.09776
    9         0       0.654199     0.00654199        115.925        1.15925
    9         0       0.698592     0.00698592        121.687        1.21687
    9         0       0.745109     0.00745109        127.746        1.27746
    9         0       0.792676     0.00792676        133.771        1.33771
    9         1       0.027726     0.00027726        12.7532       0.127532
    9         1      0.0520035    0.000520035        19.5125       0.195125
    9         1      0.0797491    0.000797491        26.4393       0.264393
    9         1       0.110963     0.00110963         33.494        0.33494
    9         1       0.145645     0.00145645        40.6637       0.406637
    9         1       0.185025     0.00185025         47.954        0.47954
    9         1       0.222011     0.00222011        54.7796       0.547796
    9         1       0.265337     0.00265337        61.8052       0.618052
    9         1       0.307167     0.00307167        68.5015       0.685015
    9         1       0.355867     0.00355867        75.9349       0.759349
    9         1       0.401774     0.00401774        82.5906       0.825906
    9         1       0.451221     0.00451221        89.5364       0.895364
    9         1       0.504278     0.00504278        96.7776       0.967776
    9         1        0.55746      0.0055746        103.851        1.03851
    9         1       0.610135     0.00610135        110.789        1.10789
    9         1       0.662571     0.00662571        117.616        1.17616
    9         1       0.719263     0.00719263          124.8          1.248
    9         1       0.775913     0.00775913        131.901        1.31901
    9         1       0.832425     0.00832425        138.934        1.38934
    9         1       0.889382     0.00889382        145.913        1.45913
    9         1        0.94568      0.0094568        152.849        1.52849
    9         2      0.0224403    0.000224403        11.4643       0.114643
    9         2      0.0475975    0.000475975        17.5928       0.175928
    9         2      0.0763486    0.000763486          23.66         0.2366
    9         2       0.108694     0.00108694        29.6479       0.296479
    9         2       0.144633     0.00144633        35.6422       0.356422
    9         2       0.183287     0.00183287        41.7181       0.417181
    9         2       0.224099     0.00224099        47.9306       0.479306
    9         2         0.2662       0.002662        53.8467       0.538467
    9         2        0.30781      0.0030781        59.5436       0.595436
    9         2       0.356577     0.00356577        65.9915       0.659915
    9         2       0.401846     0.00401846        71.8039       0.718039
    9         2       0.450385     0.00450385        77.9253       0.779253
    9         2       0.498398     0.00498398        83.9533       0.839533
    9         2       0.547294     0.00547294        89.9001       0.899001
    9         2       0.596091     0.00596091        95.7867       0.957867
    9         2        0.64484      0.0064484        101.625        1.01625
    9         2       0.697285     0.00697285        107.839        1.07839
    9         2       0.745937     0.00745937        113.608        1.13608
    9         2       0.797433     0.00797433        119.764        1.19764
    9         2       0.850019     0.00850019        125.902        1.25902
    9         2       0.899192     0.00899192        131.619        1.31619
    9         2       0.951883     0.00951883        137.735        1.37735
    9         3      0.0262451    0.000262451        8.63216      0.0863216
    9         3      0.0437676    0.000437676        13.6719       0.136719
    9         3      0.0671309    0.000671309        18.9754       0.189754
    9         3      0.0934147    0.000934147        23.9568       0.239568
    9         3       0.122619     0.00122619        28.8275       0.288275
    9         3       0.154651     0.00154651        33.7088       0.337088
    9         3       0.190587     0.00190587        38.6751       0.386751
    9         3       0.227859     0.00227859        43.7747       0.437747
    9         3       0.266328     0.00266328        48.6761       0.486761
    9         3        0.30655      0.0030655         53.788        0.53788
    9         3       0.347858     0.00347858        58.7839       0.587839
    9         3       0.389172     0.00389172        63.6886       0.636886
    9         3        0.43347      0.0043347        68.8596       0.688596
    9         3       0.476776     0.00476776        73.9357       0.739357
    9         3       0.520641     0.00520641        78.9645       0.789645
    9         3       0.565011     0.00565011        83.9545       0.839545
    9         3       0.609363     0.00609363        88.9096       0.889096
    9         3        0.65329      0.0065329        93.8397       0.938397
    9         3       0.696659     0.00696659        98.7496       0.987496
    9         3       0.743896     0.00743896        103.969        1.03969
    9         3       0.788168     0.00788168        108.851        1.08851
    9         3       0.832375     0.00832375        113.723        1.13723
   10         0      0.0252273    0.000252273         12.731        0.12731
   10         0      0.0469559    0.000469559        17.9864       0.179864
   10         0      0.0686845    0.000686845        22.6496       0.226496
   10         0      0.0952418    0.000952418        27.9519       0.279519
   10         0       0.121799     0.00121799         32.971        0.32971
   10         0       0.148356     0.00148356        37.7762       0.377762
   10         0       0.178271     0.00178271        42.8178       0.428178
   10         0       0.206662     0.00206662        47.6746       0.476746
   10         0       0.238723     0.00238723        52.7701       0.527701
   10         0       0.270733     0.00270733        57.7062       0.577062
   10         0       0.304883     0.00304883        62.8577       0.628577
   10         0       0.339263     0.00339263        67.8642       0.678642
   10         0       0.373652     0.00373652        72.7129       0.727129
   10         0       0.410407     0.00410407        77.7798       0.777798
   10         0       0.447175     0.00447175        82.7368       0.827368
   10         0       0.486571     0.00486571        87.9088       0.879088
   10         0       0.526004     0.00526004        92.9789       0.929789
   10         0       0.564901     0.00564901        97.9588       0.979588
   10         0       0.603755     0.00603755        102.858        1.02858
   10         0       0.645561     0.00645561        107.985        1.07985
   10         0       0.684886     0.00684886        112.744        1.12744
   10         0       0.726729     0.00726729        117.738        1.17738
   10         1      0.0278759    0.000278759        15.9074       0.159074
   10         1      0.0493087    0.000493087        20.7039       0.207039
   10         1      0.0734206    0.000734206        25.5584       0.255584
   10         1       0.102891     0.00102891        30.9961       0.309961
   10         1       0.129682     0.00129682        35.6061       0.356061
   10         1        0.16168      0.0016168         40.822        0.40822
   10         1        0.19489      0.0019489        45.7745       0.457745
   10         1       0.230279     0.00230279        50.9077       0.509077
   10         1       0.266278     0.00266278        55.8465       0.558465
   10         1       0.304447     0.00304447        60.9889       0.609889
   10         1        0.34202      0.0034202         65.974        0.65974
   10         1       0.380441     0.00380441        70.8118       0.708118
   10         1       0.421848     0.00421848        75.8575       0.758575
   10         1       0.463027     0.00463027         80.807        0.80807
   10         1       0.507109     0.00507109        85.9877       0.859877
   10         1       0.548224     0.00548224        90.7664       0.907664
   10         1       0.591362     0.00591362        95.7946       0.957946
   10         1       0.635498     0.00635498        100.761        1.00761
   10         1       0.682241     0.00682241         105.98         1.0598
   10         1       0.726223     0.00726223        110.847        1.10847
   10         1       0.773232     0.00773232        115.975        1.15975
   10         1       0.816579     0.00816579        120.768        1.20768
   10         1       0.863184     0.00863184         125.83         1.2583
   10         2     0.00936573    9.36573e-05        20.5778       0.205778
   10         2      0.0361994    0.000361994        25.5619       0.255619
   10         2       0.068996     0.00068996        30.9134       0.309134
   10         2       0.101793     0.00101793        35.7428       0.357428
   10         2       0.140552     0.00140552        40.9902       0.409902
   10         2       0.176325     0.00176325        45.8826       0.458826
   10         2       0.212275     0.00212275        50.8593       0.508593
   10         2       0.251927     0.00251927        55.9367       0.559367
   10         2       0.291277     0.00291277        60.8103       0.608103
   10         2       0.333408     0.00333408        65.8187       0.658187
   10         2       0.378112     0.00378112        70.9534       0.709534
   10         2       0.422975     0.00422975        75.9321       0.759321
   10         2       0.467238     0.00467238        80.8073       0.808073
   10         2        0.51416      0.0051416        85.8698       0.858698
   10         2       0.561785     0.00561785        90.8507       0.908507
   10         2       0.609269     0.00609269        95.7687       0.957687
   10         2       0.659362     0.00659362        100.905        1.00905
   10         2       0.706859     0.00706859        105.732        1.05732
   10         2       0.756517     0.00756517        110.796        1.10796
   10         2       0.805914     0.00805914        115.837        1.15837
   10         2        0.85618      0.0085618        120.862        1.20862
   10         2       0.906574     0.00906574        125.879        1.25879
   10         3      0.0310064    0.000310064        17.3954       0.173954
   10         3      0.0555742    0.000555742         22.929        0.22929
   10         3      0.0828717    0.000828717        27.9236       0.279236
   10         3       0.112899     0.00112899        32.8197       0.328197
   10         3       0.145656     0.00145656        37.7981       0.377981
   10         3       0.181516     0.00181516        42.9442       0.429442
   10         3       0.218514     0.00218514        47.9242       0.479242
   10         3       0.254832     0.00254832        52.7844       0.527844
   10         3       0.293404     0.00293404        57.9171       0.579171
   10         3       0.332816     0.00332816        62.9634       0.629634
   10         3       0.372384     0.00372384         67.941        0.67941
   10         3       0.411885     0.00411885        72.8317       0.728317
   10         3       0.451175     0.00451175         77.672        0.77672
   10         3       0.492838     0.00492838        82.8178       0.828178
   10         3       0.535063     0.00535063        87.9202       0.879202
   10         3       0.577421     0.00577421        92.9889       0.929889
   10         3       0.616808     0.00616808        97.6937       0.976937
   10         3       0.659235     0.00659235         102.71         1.0271
   10         3       0.701332     0.00701332        107.705        1.07705
   10         3       0.742867     0.00742867        112.682        1.12682
   10         3       0.788075     0.00788075        117.973        1.17973
   11         0      0.0319885    0.000319885        7.59913      0.0759913
   11         0      0.0450484    0.000450484        12.2219       0.122219
   11         0      0.0659442    0.000659442        17.9224       0.179224
   11         0        0.08684      0.0008684        22.6086       0.226086
   11         0        0.11296      0.0011296        27.7214       0.277214
   11         0       0.141691     0.00141691        32.7909       0.327909
   11         0       0.173197     0.00173197        37.9157       0.379157
   11         0        0.20432      0.0020432        42.7593       0.427593
   11         0        0.23951      0.0023951        47.7915       0.477915
   11         0       0.274828     0.00274828        52.6651       0.526651
   11         0       0.312538     0.00312538        57.7707       0.577707
   11         0       0.350418     0.00350418        62.7732       0.627732
   11         0       0.388204     0.00388204        67.6911       0.676911
   11         0       0.428074     0.00428074        72.8536       0.728536
   11         0       0.468366     0.00468366        77.9502       0.779502
   11         0        0.50637      0.0050637        82.6651       0.826651
   11         0       0.546953     0.00546953        87.6726       0.876726
   11         0       0.590271     0.00590271        92.9758       0.929758
   11         0       0.630814     0.00630814        97.9185       0.979185
   11         0       0.671221     0.00671221        102.838        1.02838
   11         0       0.711263     0.00711263        107.738        1.07738
   11         0       0.754182     0.00754182        112.947        1.12947
   11         1      0.0306652    0.000306652        16.4959       0.164959
   11         1      0.0507545    0.000507545        21.7404       0.217404
   11         1      0.0737136    0.000737136        26.7766       0.267766
   11         1      0.0995427    0.000995427        31.8145       0.318145
   11         1       0.128242     0.00128242        36.9615       0.369615
   11         1       0.156896     0.00156896        41.8013       0.418013
   11         1       0.188722     0.00188722        46.8688       0.468688
   11         1       0.221326     0.00221326        51.7404       0.517404
   11         1       0.256195     0.00256195        56.8684       0.568684
   11         1       0.291207     0.00291207        61.8445       0.618445
   11         1       0.326566     0.00326566        66.6975       0.666975
   11         1       0.364996     0.00364996        71.8084       0.718084
   11         1       0.403323     0.00403323         76.803        0.76803
   11         1       0.441443     0.00441443        81.7146       0.817146
   11         1       0.482239     0.00482239        86.9153       0.869153
   11         1       0.520534     0.00520534        91.6759       0.916759
   11         1       0.562038     0.00562038          96.74         0.9674
   11         1       0.603345     0.00603345        101.747        1.01747
   11         1       0.644352     0.00644352        106.706        1.06706
   11         1       0.688196     0.00688196        111.972        1.11972
   11         1       0.729591     0.00729591        116.849        1.16849
   11         1       0.770989     0.00770989        121.695        1.21695
   11         2      0.0293704    0.000293704        10.5535       0.105535
   11         2      0.0508958    0.000508958        14.7474       0.147474
   11         2      0.0748129    0.000748129        18.8814       0.188814
   11         2        0.09873      0.0009873        22.6796       0.226796
   11         2       0.127431     0.00127431        26.9527       0.269527
   11         2       0.153739     0.00153739        30.6831       0.306831
   11         2       0.185022     0.00185022         34.928        0.34928
   11         2       0.214209     0.00214209        38.7354       0.387354
   11         2       0.245706     0.00245706        42.7606       0.427606
   11         2       0.277259     0.00277259        46.7189       0.467189
   11         2       0.310912     0.00310912        50.9118       0.509118
   11         2       0.341956     0.00341956        54.7512       0.547512
   11         2       0.375876     0.00375876         58.842        0.58842
   11         2       0.409985     0.00409985        62.8998       0.628998
   11         2       0.444056     0.00444056        66.9274       0.669274
   11         2       0.478246     0.00478246        70.9088       0.709088
   11         2       0.512386     0.00512386        74.8558       0.748558
   11         2       0.546428     0.00546428        78.7883       0.787883
   11         2       0.582876     0.00582876        82.9842       0.829842
   11         2       0.616871     0.00616871        86.8829       0.868829
   11         2       0.650941     0.00650941        90.7692       0.907692
   11         3      0.0262091    0.000262091        14.9551       0.149551
   11         3      0.0449108    0.000449108        19.6344       0.196344
   11         3      0.0662843    0.000662843        24.5828       0.245828
   11         3      0.0903294    0.000903294        29.7426       0.297426
   11         3       0.114375     0.00114375         34.555        0.34555
   11         3       0.141091     0.00141091        39.5707       0.395707
   11         3       0.170544     0.00170544        44.7657       0.447657
   11         3       0.200519     0.00200519        49.6775       0.496775
   11         3       0.233162     0.00233162        54.7864       0.547864
   11         3       0.266715     0.00266715         59.661        0.59661
   11         3       0.301899     0.00301899        64.7477       0.647477
   11         3       0.336717     0.00336717        69.6484       0.696484
   11         3       0.374906     0.00374906        74.7366       0.747366
   11         3       0.413414     0.00413414        79.6919       0.796919
   11         3       0.454496     0.00454496        84.8731       0.848731
   11         3       0.495675     0.00495675        89.9421       0.899421
   11         3       0.536921     0.00536921        94.9203       0.949203
   11         3       0.577322     0.00577322        99.8214       0.998214
   11         3       0.620908     0.00620908        104.978        1.04978
   11         3       0.662197     0.00662197        109.756        1.09756
   11         3       0.706106     0.00706106        114.802        1.14802
   11         3       0.750162     0.00750162        119.804        1.19804
