 *tel    numcsi   CsIInChannel     errCsIInChannel           CsIE       errCsIE
    0         0            101            0.5        5.92969      0.0592969
    0         0            201            0.5        21.6122       0.216122
    0         0            291            0.5        37.6523       0.376523
    0         0            376            0.5        53.2348       0.532348
    0         0            461            0.5        69.1192       0.691192
    0         0            546            0.5        85.2521       0.852521
    0         0            631            0.5        101.619        1.01619
    0         0            711            0.5        117.237        1.17237
    0         0            791            0.5        133.065        1.33065
    0         0            871            0.5        149.112        1.49112
    0         0            951            0.5        165.381        1.65381
    0         0           1031            0.5        181.883        1.81883
    0         0           1106            0.5        197.569        1.97569
    0         0           1181            0.5         213.47         2.1347
    0         0           1256            0.5        229.593        2.29593
    0         0           1331            0.5        245.943        2.45943
    0         0           1401            0.5        261.415        2.61415
    0         0           1471            0.5        277.094        2.77094
    0         0           1541            0.5        292.988        2.92988
    0         0           1611            0.5        309.101        3.09101
    0         0           1681            0.5        325.438        3.25438
    0         1             85            0.5        4.58925      0.0458925
    0         1            170            0.5        19.4553       0.194553
    0         1            250            0.5        34.4152       0.344152
    0         1            330            0.5        49.5353       0.495353
    0         1            410            0.5        64.8332       0.648332
    0         1            485            0.5        79.3263       0.793263
    0         1            565            0.5        94.9494       0.949494
    0         1            640            0.5        109.757        1.09757
    0         1            715            0.5        124.728        1.24728
    0         1            790            0.5        139.873        1.39873
    0         1            860            0.5        154.174        1.54174
    0         1            935            0.5        169.683        1.69683
    0         1           1005            0.5        184.339        1.84339
    0         1           1075            0.5        199.177        1.99177
    0         1           1145            0.5        214.203        2.14203
    0         1           1215            0.5        229.427        2.29427
    0         1           1285            0.5        244.854        2.44854
    0         1           1350            0.5        259.367        2.59367
    0         1           1415            0.5        274.066        2.74066
    0         1           1480            0.5        288.957        2.88957
    0         1           1545            0.5        304.047        3.04047
    0         2             97            0.5        4.57922      0.0457922
    0         2            177            0.5        18.1262       0.181262
    0         2            257            0.5        32.5379       0.325379
    0         2            332            0.5        46.1632       0.461632
    0         2            412            0.5        60.8386       0.608386
    0         2            487            0.5        74.7289       0.747289
    0         2            562            0.5        88.7541       0.887541
    0         2            637            0.5        102.925        1.02925
    0         2            707            0.5        116.292        1.16292
    0         2            782            0.5        130.778        1.30778
    0         2            852            0.5        144.461        1.44461
    0         2            922            0.5        158.311        1.58311
    0         2            992            0.5        172.338        1.72338
    0         2           1062            0.5         186.55         1.8655
    0         2           1132            0.5        200.957        2.00957
    0         2           1197            0.5        214.515        2.14515
    0         2           1262            0.5        228.256        2.28256
    0         2           1327            0.5        242.184        2.42184
    0         2           1392            0.5        256.309        2.56309
    0         2           1457            0.5        270.635        2.70635
    0         2           1517            0.5        284.043        2.84043
    0         2           1582            0.5        298.778        2.98778
    0         3             49            0.5         4.5534       0.045534
    0         3            134            0.5        19.3088       0.193088
    0         3            214            0.5        34.3473       0.343473
    0         3            294            0.5        49.6996       0.496996
    0         3            369            0.5        64.3484       0.643484
    0         3            444            0.5        79.2077       0.792077
    0         3            519            0.5        94.2624       0.942624
    0         3            594            0.5        109.508        1.09508
    0         3            669            0.5        124.946        1.24946
    0         3            739            0.5        139.533        1.39533
    0         3            809            0.5        154.297        1.54297
    0         3            879            0.5        169.243        1.69243
    0         3            949            0.5        184.378        1.84378
    0         3           1019            0.5        199.707        1.99707
    0         3           1084            0.5        214.119        2.14119
    0         3           1154            0.5         229.84         2.2984
    0         3           1219            0.5        244.628        2.44628
    0         3           1284            0.5        259.605        2.59605
    0         3           1349            0.5        274.774        2.74774
    0         3           1409            0.5        288.953        2.88953
    0         3           1474            0.5        304.511        3.04511
    0         3           1534            0.5        319.057        3.19057
    1         0            114            0.5        5.83409      0.0583409
    1         0            209            0.5        20.5504       0.205504
    1         0            294            0.5        35.4447       0.354447
    1         0            379            0.5        50.6944       0.506944
    1         0            459            0.5        65.2531       0.652531
    1         0            544            0.5        80.8795       0.808795
    1         0            624            0.5        95.7168       0.957168
    1         0            704            0.5        110.675        1.10675
    1         0            784            0.5        125.755        1.25755
    1         0            864            0.5        140.959        1.40959
    1         0            939            0.5        155.327        1.55327
    1         0           1019            0.5        170.779        1.70779
    1         0           1094            0.5        185.386        1.85386
    1         0           1169            0.5        200.113        2.00113
    1         0           1249            0.5        215.956        2.15956
    1         0           1324            0.5        230.938        2.30938
    1         0           1394            0.5        245.037        2.45037
    1         0           1469            0.5        260.269        2.60269
    1         0           1544            0.5         275.63         2.7563
    1         0           1614            0.5         290.09         2.9009
    1         0           1689            0.5        305.715        3.05715
    1         1             95            0.5        4.19091      0.0419091
    1         1            185            0.5        19.4041       0.194041
    1         1            270            0.5        34.5866       0.345866
    1         1            355            0.5        49.8022       0.498022
    1         1            435            0.5        64.2099       0.642099
    1         1            520            0.5        79.6252       0.796252
    1         1            600            0.5        94.2509       0.942509
    1         1            685            0.5        109.934        1.09934
    1         1            765            0.5        124.844        1.24844
    1         1            845            0.5        139.917        1.39917
    1         1            920            0.5        154.206        1.54206
    1         1           1000            0.5        169.628        1.69628
    1         1           1075            0.5        184.268        1.84268
    1         1           1150            0.5        199.092        1.99092
    1         1           1225            0.5        214.109        2.14109
    1         1           1300            0.5        229.329        2.29329
    1         1           1375            0.5         244.76         2.4476
    1         1           1445            0.5        259.362        2.59362
    1         1           1515            0.5        274.161        2.74161
    1         1           1585            0.5        289.167        2.89167
    1         1           1655            0.5        304.387        3.04387
    1         2             82            0.5        4.33299      0.0433299
    1         2            167            0.5        18.6768       0.186768
    1         2            242            0.5        32.2521       0.322521
    1         2            322            0.5         46.897        0.46897
    1         2            397            0.5        60.8004       0.608004
    1         2            472            0.5        74.8642       0.748642
    1         2            542            0.5        88.1379       0.881379
    1         2            617            0.5        102.525        1.02525
    1         2            687            0.5        116.116        1.16116
    1         2            762            0.5        130.863        1.30863
    1         2            832            0.5         144.81         1.4481
    1         2            902            0.5        158.942        1.58942
    1         2            967            0.5        172.241        1.72241
    1         2           1037            0.5        186.759        1.86759
    1         2           1102            0.5        200.429        2.00429
    1         2           1167            0.5        214.289        2.14289
    1         2           1232            0.5        228.347        2.28347
    1         2           1297            0.5        242.609        2.42609
    1         2           1357            0.5        255.963        2.55963
    1         2           1422            0.5        270.637        2.70637
    1         2           1482            0.5        284.383        2.84383
    1         2           1542            0.5        298.328        2.98328
    1         3            113            0.5         5.9834       0.059834
    1         3            198            0.5        20.8771       0.208771
    1         3            278            0.5        35.7479       0.357479
    1         3            358            0.5         50.838        0.50838
    1         3            433            0.5        65.2187       0.652187
    1         3            513            0.5        80.7942       0.807942
    1         3            588            0.5        95.6188       0.956188
    1         3            663            0.5        110.666        1.10666
    1         3            738            0.5        125.944        1.25944
    1         3            808            0.5        140.423        1.40423
    1         3            878            0.5        155.122        1.55122
    1         3            948            0.5        170.052        1.70052
    1         3           1018            0.5        185.221        1.85221
    1         3           1088            0.5        200.639        2.00639
    1         3           1153            0.5        215.188        2.15188
    1         3           1218            0.5        229.967        2.29967
    1         3           1283            0.5        244.985        2.44985
    1         3           1348            0.5        260.252        2.60252
    1         3           1413            0.5        275.772        2.75772
    1         3           1473            0.5        290.333        2.90333
    1         3           1533            0.5        305.126        3.05126
    2         0             83            0.5        5.97569      0.0597569
    2         0            168            0.5        19.7018       0.197018
    2         0            243            0.5        33.3312       0.333312
    2         0            318            0.5        47.1319       0.471319
    2         0            398            0.5          61.98         0.6198
    2         0            473            0.5        75.9992       0.759992
    2         0            543            0.5        89.1687       0.891687
    2         0            618            0.5        103.372        1.03372
    2         0            693            0.5        117.675        1.17675
    2         0            763            0.5        131.118        1.31118
    2         0            838            0.5        145.625        1.45625
    2         0            908            0.5        159.262        1.59262
    2         0            983            0.5        173.982        1.73982
    2         0           1053            0.5        187.823        1.87823
    2         0           1123            0.5        201.764        2.01764
    2         0           1193            0.5        215.806        2.15806
    2         0           1263            0.5        229.951        2.29951
    2         0           1328            0.5        243.178        2.43178
    2         0           1398            0.5        257.525        2.57525
    2         0           1468            0.5        271.975        2.71975
    2         0           1533            0.5        285.489        2.85489
    2         0           1598            0.5        299.096        2.99096
    2         1            107            0.5        5.23093      0.0523093
    2         1            202            0.5        21.8675       0.218675
    2         1            282            0.5        37.7953       0.377953
    2         1            357            0.5        53.2704       0.532704
    2         1            432            0.5        69.1587       0.691587
    2         1            507            0.5        85.3967       0.853967
    2         1            582            0.5         101.96         1.0196
    2         1            652            0.5        117.703        1.17703
    2         1            722            0.5        133.719        1.33719
    2         1            787            0.5        148.839        1.48839
    2         1            857            0.5        165.389        1.65389
    2         1            922            0.5         181.01         1.8101
    2         1            987            0.5        196.878        1.96878
    2         1           1052            0.5        212.996        2.12996
    2         1           1117            0.5        229.371        2.29371
    2         1           1177            0.5        244.717        2.44717
    2         1           1242            0.5        261.599        2.61599
    2         1           1302            0.5        277.421        2.77421
    2         1           1362            0.5        293.479        2.93479
    2         1           1422            0.5        309.776        3.09776
    2         1           1477            0.5        324.931        3.24931
    2         2             81            0.5        4.86683      0.0486683
    2         2            166            0.5        19.2526       0.192526
    2         2            251            0.5        34.6182       0.346182
    2         2            331            0.5        49.2651       0.492651
    2         2            411            0.5        64.1211       0.641211
    2         2            491            0.5        79.1742       0.791742
    2         2            571            0.5        94.4202       0.944202
    2         2            651            0.5        109.859        1.09859
    2         2            726            0.5        124.512        1.24512
    2         2            801            0.5         139.34         1.3934
    2         2            876            0.5        154.348        1.54348
    2         2            951            0.5        169.539        1.69539
    2         2           1026            0.5        184.917        1.84917
    2         2           1096            0.5        199.443        1.99443
    2         2           1166            0.5        214.138        2.14138
    2         2           1236            0.5        229.006        2.29006
    2         2           1306            0.5        244.051        2.44051
    2         2           1376            0.5        259.277        2.59277
    2         2           1446            0.5        274.685        2.74685
    2         2           1511            0.5        289.161        2.89161
    2         3            109            0.5        5.77755      0.0577755
    2         3            194            0.5        19.9242       0.199242
    2         3            264            0.5        33.2765       0.332765
    2         3            339            0.5        47.8923       0.478923
    2         3            409            0.5        61.7222       0.617222
    2         3            479            0.5        75.6938       0.756938
    2         3            549            0.5        89.7956       0.897956
    2         3            614            0.5        103.004        1.03004
    2         3            684            0.5        117.351        1.17351
    2         3            754            0.5        131.828        1.31828
    2         3            819            0.5        145.391        1.45391
    2         3            884            0.5        159.068        1.59068
    2         3            954            0.5        173.932        1.73932
    2         3           1019            0.5        187.858        1.87858
    2         3           1084            0.5        201.906        2.01906
    2         3           1144            0.5        214.984        2.14984
    2         3           1209            0.5        229.272        2.29272
    2         3           1274            0.5        243.687        2.43687
    2         3           1334            0.5        257.108        2.57108
    2         3           1399            0.5        271.771        2.71771
    2         3           1459            0.5        285.423        2.85423
    2         3           1519            0.5         299.19         2.9919
    3         0             86            0.5        5.52321      0.0552321
    3         0            161            0.5        17.2357       0.172357
    3         0            231            0.5        29.4554       0.294554
    3         0            301            0.5        41.9175       0.419175
    3         0            366            0.5        53.6348       0.536348
    3         0            431            0.5        65.4522       0.654522
    3         0            496            0.5        77.3569       0.773569
    3         0            561            0.5        89.3452       0.893452
    3         0            626            0.5        101.416        1.01416
    3         0            691            0.5         113.57         1.1357
    3         0            756            0.5        125.809        1.25809
    3         0            816            0.5        137.183        1.37183
    3         0            881            0.5        149.591        1.49591
    3         0            941            0.5        161.122        1.61122
    3         0           1006            0.5        173.703        1.73703
    3         0           1066            0.5        185.397        1.85397
    3         0           1126            0.5        197.172        1.97172
    3         0           1186            0.5        209.026        2.09026
    3         0           1251            0.5         221.96         2.2196
    3         0           1311            0.5        233.985        2.33985
    3         0           1366            0.5        245.082        2.45082
    3         0           1426            0.5        257.269        2.57269
    3         1            114            0.5        5.99357      0.0599357
    3         1            178            0.5        16.7788       0.167788
    3         1            242            0.5        27.7777       0.277777
    3         1            306            0.5         38.912        0.38912
    3         1            366            0.5         49.544        0.49544
    3         1            426            0.5        60.3812       0.603812
    3         1            486            0.5        71.4054       0.714054
    3         1            546            0.5        82.5964       0.825964
    3         1            606            0.5        93.9375       0.939375
    3         1            662            0.5        104.646        1.04646
    3         1            718            0.5        115.463        1.15463
    3         1            774            0.5        126.382        1.26382
    3         1            830            0.5        137.398        1.37398
    3         1            886            0.5        148.505        1.48505
    3         1            942            0.5        159.698        1.59698
    3         1            998            0.5        170.974        1.70974
    3         1           1050            0.5        181.518        1.81518
    3         1           1106            0.5        192.946        1.92946
    3         1           1158            0.5        203.624        2.03624
    3         1           1210            0.5        214.366        2.14366
    3         1           1262            0.5         225.17         2.2517
    3         2            100            0.5        5.84991      0.0584991
    3         2            154            0.5        18.6096       0.186096
    3         2            205            0.5         31.427        0.31427
    3         2            256            0.5          44.43         0.4443
    3         2            307            0.5        57.6885       0.576885
    3         2            355            0.5        70.3955       0.703955
    3         2            403            0.5        83.3212       0.833212
    3         2            451            0.5        96.4644       0.964644
    3         2            499            0.5        109.825        1.09825
    3         2            544            0.5        122.549        1.22549
    3         2            589            0.5        135.465        1.35465
    3         2            634            0.5        148.578        1.48578
    3         2            679            0.5        161.886        1.61886
    3         2            721            0.5        174.487        1.74487
    3         2            763            0.5        187.264        1.87264
    3         2            805            0.5        200.218        2.00218
    3         2            847            0.5        213.352        2.13352
    3         2            889            0.5        226.669        2.26669
    3         2            928            0.5          239.2          2.392
    3         2            970            0.5        252.878        2.52878
    3         2           1009            0.5        265.749        2.65749
    3         3             86            0.5        5.30768      0.0530768
    3         3            171            0.5        18.6744       0.186744
    3         3            246            0.5        31.7134       0.317134
    3         3            321            0.5        44.9071       0.449071
    3         3            391            0.5        57.3584       0.573584
    3         3            466            0.5        70.8388       0.708388
    3         3            536            0.5         83.554        0.83554
    3         3            606            0.5        96.4029       0.964029
    3         3            676            0.5         109.39         1.0939
    3         3            746            0.5        122.518        1.22518
    3         3            816            0.5        135.791        1.35791
    3         3            881            0.5         148.25         1.4825
    3         3            951            0.5        161.811        1.61811
    3         3           1016            0.5        174.542        1.74542
    3         3           1081            0.5        187.406        1.87406
    3         3           1146            0.5        200.406        2.00406
    3         3           1211            0.5        213.544        2.13544
    3         3           1276            0.5        226.821        2.26821
    3         3           1336            0.5        239.202        2.39202
    3         3           1401            0.5        252.754        2.52754
    3         3           1461            0.5        265.391        2.65391
    4         0            119            0.5        4.63538      0.0463538
    4         0            215            0.5        17.3544       0.173544
    4         0            305            0.5         30.594        0.30594
    4         0            395            0.5        43.9677       0.439677
    4         0            479            0.5        56.5421       0.565421
    4         0            563            0.5        69.1904       0.691904
    4         0            653            0.5        82.8277       0.828277
    4         0            737            0.5        95.6415       0.956415
    4         0            821            0.5        108.543        1.08543
    4         0            905            0.5        121.537        1.21537
    4         0            989            0.5        134.627        1.34627
    4         0           1073            0.5        147.817        1.47817
    4         0           1151            0.5        160.155        1.60155
    4         0           1235            0.5        173.542        1.73542
    4         0           1313            0.5        186.068        1.86068
    4         0           1397            0.5         199.66         1.9966
    4         0           1475            0.5        212.379        2.12379
    4         0           1553            0.5        225.192        2.25192
    4         0           1631            0.5        238.101        2.38101
    4         0           1709            0.5        251.108        2.51108
    4         0           1787            0.5        264.212        2.64212
    4         1             84            0.5        4.45678      0.0445678
    4         1            192            0.5        17.9842       0.179842
    4         1            282            0.5        30.5898       0.305898
    4         1            372            0.5        43.5337       0.435337
    4         1            462            0.5        56.6783       0.566783
    4         1            552            0.5        69.9336       0.699336
    4         1            636            0.5        82.3707       0.823707
    4         1            726            0.5         95.748        0.95748
    4         1            810            0.5        108.272        1.08272
    4         1            900            0.5        121.727        1.21727
    4         1            984            0.5        134.315        1.34315
    4         1           1074            0.5        147.834        1.47834
    4         1           1158            0.5        160.476        1.60476
    4         1           1242            0.5        173.143        1.73143
    4         1           1332            0.5        186.743        1.86743
    4         1           1416            0.5        199.459        1.99459
    4         1           1500            0.5        212.198        2.12198
    4         1           1590            0.5        225.871        2.25871
    4         1           1674            0.5        238.655        2.38655
    4         1           1758            0.5        251.462        2.51462
    4         1           1842            0.5        264.289        2.64289
    4         2            113            0.5        4.92599      0.0492599
    4         2            193            0.5        15.8654       0.158654
    4         2            263            0.5        26.2702       0.262702
    4         2            338            0.5        37.8661       0.378661
    4         2            408            0.5        48.8827       0.488827
    4         2            473            0.5        59.2596       0.592596
    4         2            543            0.5        70.5669       0.705669
    4         2            613            0.5         81.998        0.81998
    4         2            678            0.5        92.7181       0.927181
    4         2            743            0.5        103.537        1.03537
    4         2            808            0.5        114.455        1.14455
    4         2            873            0.5        125.472        1.25472
    4         2            938            0.5         136.59         1.3659
    4         2           1003            0.5         147.81         1.4781
    4         2           1063            0.5        158.256        1.58256
    4         2           1128            0.5        169.675        1.69675
    4         2           1188            0.5         180.31         1.8031
    4         2           1253            0.5        191.934        1.91934
    4         2           1313            0.5         202.76         2.0276
    4         2           1373            0.5        213.681        2.13681
    4         2           1433            0.5        224.697        2.24697
    4         2           1493            0.5         235.81         2.3581
    4         3            113            0.5        5.72474      0.0572474
    4         3            203            0.5         17.881        0.17881
    4         3            283            0.5        29.8964       0.298964
    4         3            358            0.5        41.3982       0.413982
    4         3            438            0.5        53.8704       0.538704
    4         3            513            0.5        65.7063       0.657063
    4         3            588            0.5        77.6624       0.776624
    4         3            663            0.5        89.7305       0.897305
    4         3            738            0.5        101.905        1.01905
    4         3            808            0.5        113.362        1.13362
    4         3            883            0.5        125.735        1.25735
    4         3            953            0.5        137.374        1.37374
    4         3           1028            0.5        149.942        1.49942
    4         3           1098            0.5         161.76         1.6176
    4         3           1168            0.5        173.663        1.73663
    4         3           1238            0.5        185.652        1.85652
    4         3           1308            0.5        197.725        1.97725
    4         3           1378            0.5        209.881        2.09881
    4         3           1443            0.5        221.244        2.21244
    4         3           1513            0.5        233.561        2.33561
    4         3           1583            0.5        245.962        2.45962
    5         0            102            0.5        5.32738      0.0532738
    5         0            198            0.5        18.3642       0.183642
    5         0            288            0.5        31.7098       0.317098
    5         0            372            0.5        44.2845       0.442845
    5         0            462            0.5        57.8669       0.578669
    5         0            546            0.5        70.6323       0.706323
    5         0            630            0.5        83.4831       0.834831
    5         0            714            0.5        96.4233       0.964233
    5         0            798            0.5        109.457        1.09457
    5         0            882            0.5        122.589        1.22589
    5         0            966            0.5        135.822        1.35822
    5         0           1044            0.5        148.205        1.48205
    5         0           1128            0.5        161.642        1.61642
    5         0           1206            0.5         174.22         1.7422
    5         0           1290            0.5        187.874        1.87874
    5         0           1368            0.5        200.654        2.00654
    5         0           1446            0.5        213.535        2.13535
    5         0           1524            0.5        226.519        2.26519
    5         0           1602            0.5        239.605        2.39605
    5         0           1680            0.5        252.797        2.52797
    5         0           1752            0.5        265.068        2.65068
    5         1            100            0.5        3.86498      0.0386498
    5         1            219            0.5         17.925        0.17925
    5         1            331            0.5        31.6556       0.316556
    5         1            443            0.5        45.4456       0.454456
    5         1            555            0.5        59.4472       0.594472
    5         1            667            0.5        73.7023       0.737023
    5         1            772            0.5        87.3184       0.873184
    5         1            877            0.5        101.192        1.01192
    5         1            982            0.5        115.333        1.15333
    5         1           1087            0.5        129.752        1.29752
    5         1           1185            0.5        143.469        1.43469
    5         1           1283            0.5        157.442        1.57442
    5         1           1381            0.5         171.68         1.7168
    5         1           1472            0.5        185.143        1.85143
    5         1           1570            0.5        199.909        1.99909
    5         1           1661            0.5        213.876        2.13876
    5         1           1745            0.5        226.992        2.26992
    5         1           1836            0.5        241.449        2.41449
    5         1           1920            0.5         255.03         2.5503
    5         1           2004            0.5         268.84         2.6884
    5         1           2088            0.5        282.887        2.82887
    5         2             91            0.5        4.82442      0.0482442
    5         2            199            0.5        16.5823       0.165823
    5         2            295            0.5        28.2711       0.282711
    5         2            397            0.5        40.9301       0.409301
    5         2            493            0.5        52.9823       0.529823
    5         2            583            0.5        64.4066       0.644066
    5         2            679            0.5        76.7344       0.767344
    5         2            769            0.5        88.4349       0.884349
    5         2            859            0.5        100.283        1.00283
    5         2            949            0.5        112.286        1.12286
    5         2           1039            0.5        124.453        1.24453
    5         2           1129            0.5         136.79         1.3679
    5         2           1213            0.5        148.465        1.48465
    5         2           1297            0.5        160.297        1.60297
    5         2           1381            0.5        172.293        1.72293
    5         2           1465            0.5        184.459        1.84459
    5         2           1549            0.5        196.797        1.96797
    5         2           1627            0.5        208.411        2.08411
    5         2           1705            0.5        220.182        2.20182
    5         2           1783            0.5        232.113        2.32113
    5         2           1861            0.5        244.208        2.44208
    5         3            126            0.5        4.79249      0.0479249
    5         3            279            0.5        15.9217       0.159217
    5         3            414            0.5        26.6676       0.266676
    5         3            549            0.5        37.5399       0.375399
    5         3            684            0.5         48.418        0.48418
    5         3            819            0.5        59.3498       0.593498
    5         3            954            0.5        70.3506       0.703506
    5         3           1089            0.5        81.4332       0.814332
    5         3           1224            0.5        92.6075       0.926075
    5         3           1359            0.5        103.881        1.03881
    5         3           1485            0.5        114.498        1.14498
    5         3           1620            0.5        125.979        1.25979
    5         3           1746            0.5        136.798        1.36798
    5         3           1872            0.5         147.72         1.4772
    5         3           1998            0.5        158.744        1.58744
    5         3           2124            0.5        169.877        1.69877
    5         3           2241            0.5        180.312        1.80312
    5         3           2367            0.5        191.657        1.91657
    5         3           2484            0.5         202.29         2.0229
    5         3           2610            0.5        213.853        2.13853
    5         3           2727            0.5        224.693        2.24693
    6         0             80            0.5        4.88994      0.0488994
    6         0            165            0.5        16.4878       0.164878
    6         0            245            0.5        28.6122       0.286122
    6         0            325            0.5        40.9823       0.409823
    6         0            400            0.5        52.7124       0.527124
    6         0            475            0.5         64.546        0.64546
    6         0            550            0.5        76.4691       0.764691
    6         0            625            0.5        88.4747       0.884747
    6         0            700            0.5        100.557        1.00557
    6         0            775            0.5        112.712        1.12712
    6         0            850            0.5        124.937        1.24937
    6         0            920            0.5        136.408        1.36408
    6         0            995            0.5        148.761        1.48761
    6         0           1065            0.5        160.345        1.60345
    6         0           1140            0.5        172.815        1.72815
    6         0           1210            0.5        184.507        1.84507
    6         0           1280            0.5        196.247        1.96247
    6         0           1355            0.5        208.878        2.08878
    6         0           1425            0.5        220.714        2.20714
    6         0           1495            0.5        232.595        2.32595
    6         0           1565            0.5        244.519        2.44519
    6         0           1635            0.5        256.487        2.56487
    6         1             86            0.5        5.46863      0.0546863
    6         1            181            0.5         17.576        0.17576
    6         1            266            0.5         29.811        0.29811
    6         1            346            0.5        41.5263       0.415263
    6         1            426            0.5        53.3926       0.533926
    6         1            506            0.5        65.3783       0.653783
    6         1            586            0.5        77.4773       0.774773
    6         1            666            0.5        89.6901       0.896901
    6         1            741            0.5        101.244        1.01244
    6         1            821            0.5        113.682        1.13682
    6         1            896            0.5        125.452        1.25452
    6         1            971            0.5         137.33         1.3733
    6         1           1046            0.5        149.318        1.49318
    6         1           1121            0.5        161.416        1.61416
    6         1           1196            0.5        173.628        1.73628
    6         1           1271            0.5        185.955        1.85955
    6         1           1341            0.5        197.564        1.97564
    6         1           1411            0.5        209.276        2.09276
    6         1           1486            0.5        221.939        2.21939
    6         1           1556            0.5        233.865        2.33865
    6         1           1626            0.5        245.899        2.45899
    6         1           1691            0.5        257.169        2.57169
    6         2             91            0.5        4.62025      0.0462025
    6         2            171            0.5        15.4786       0.154786
    6         2            251            0.5        26.7941       0.267941
    6         2            326            0.5        37.5489       0.375489
    6         2            401            0.5        48.4504       0.484504
    6         2            476            0.5        59.5688       0.595688
    6         2            551            0.5        70.9155       0.709155
    6         2            621            0.5        81.7129       0.817129
    6         2            691            0.5        92.7086       0.927086
    6         2            761            0.5        103.899        1.03899
    6         2            826            0.5        114.461        1.14461
    6         2            891            0.5        125.185        1.25185
    6         2            961            0.5        136.912        1.36912
    6         2           1026            0.5        147.965        1.47965
    6         2           1086            0.5        158.303        1.58303
    6         2           1151            0.5        169.651        1.69651
    6         2           1211            0.5         180.26         1.8026
    6         2           1276            0.5        191.897        1.91897
    6         2           1336            0.5         202.77         2.0277
    6         2           1396            0.5         213.77         2.1377
    6         2           1456            0.5        224.895        2.24895
    6         3             97            0.5        4.93888      0.0493888
    6         3            172            0.5        15.2936       0.152936
    6         3            247            0.5        26.5904       0.265904
    6         3            317            0.5        37.4414       0.374414
    6         3            387            0.5        48.3711       0.483711
    6         3            457            0.5        59.3791       0.593791
    6         3            527            0.5        70.4536       0.704536
    6         3            597            0.5        81.5925       0.815925
    6         3            667            0.5        92.7982       0.927982
    6         3            732            0.5        103.266        1.03266
    6         3            802            0.5        114.609        1.14609
    6         3            867            0.5        125.212        1.25212
    6         3            937            0.5        136.708        1.36708
    6         3           1002            0.5        147.459        1.47459
    6         3           1067            0.5        158.284        1.58284
    6         3           1132            0.5        169.188        1.69188
    6         3           1197            0.5        180.172        1.80172
    6         3           1262            0.5        191.237        1.91237
    6         3           1327            0.5        202.387        2.02387
    6         3           1392            0.5        213.623        2.13623
    6         3           1457            0.5        224.948        2.24948
    6         3           1517            0.5        235.481        2.35481
    7         0            102            0.5         3.4479       0.034479
    7         0            192            0.5        15.9691       0.159691
    7         0            272            0.5        27.6889       0.276889
    7         0            352            0.5         39.568        0.39568
    7         0            432            0.5        51.5718       0.515718
    7         0            512            0.5        63.7227       0.637227
    7         0            587            0.5        75.2511       0.752511
    7         0            667            0.5        87.7006       0.877006
    7         0            742            0.5        99.5208       0.995208
    7         0            817            0.5        111.492        1.11492
    7         0            892            0.5         123.62         1.2362
    7         0            967            0.5        135.913        1.35913
    7         0           1037            0.5        147.542        1.47542
    7         0           1107            0.5        159.322        1.59322
    7         0           1177            0.5        171.263        1.71263
    7         0           1247            0.5         183.37         1.8337
    7         0           1317            0.5        195.645        1.95645
    7         0           1382            0.5        207.199        2.07199
    7         0           1452            0.5        219.817        2.19817
    7         0           1517            0.5        231.698        2.31698
    7         0           1582            0.5        243.743        2.43743
    7         1            100            0.5         4.9546       0.049546
    7         1            185            0.5        15.4284       0.154284
    7         1            270            0.5        26.9133       0.269133
    7         1            345            0.5        37.4536       0.374536
    7         1            425            0.5        48.8836       0.488836
    7         1            500            0.5         59.754        0.59754
    7         1            575            0.5        70.7501       0.707501
    7         1            650            0.5        81.8612       0.818612
    7         1            720            0.5         92.331        0.92331
    7         1            795            0.5        103.653        1.03653
    7         1            865            0.5        114.318        1.14318
    7         1            940            0.5        125.849        1.25849
    7         1           1010            0.5         136.71         1.3671
    7         1           1080            0.5        147.669        1.47669
    7         1           1150            0.5        158.722        1.58722
    7         1           1220            0.5        169.876        1.69876
    7         1           1285            0.5        180.323        1.80323
    7         1           1355            0.5         191.67         1.9167
    7         1           1420            0.5        202.298        2.02298
    7         1           1490            0.5        213.844        2.13844
    7         1           1555            0.5        224.659        2.24659
    7         1           1620            0.5        235.565        2.35565
    7         2            117            0.5        4.69648      0.0469648
    7         2            197            0.5         14.749        0.14749
    7         2            267            0.5        24.3397       0.243397
    7         2            342            0.5        34.9544       0.349544
    7         2            412            0.5        44.9259       0.449259
    7         2            482            0.5        54.9916       0.549916
    7         2            547            0.5        64.4131       0.644131
    7         2            617            0.5        74.6331       0.746331
    7         2            687            0.5         84.925        0.84925
    7         2            752            0.5        94.5423       0.945423
    7         2            822            0.5        104.961        1.04961
    7         2            887            0.5        114.691        1.14691
    7         2            952            0.5        124.471        1.24471
    7         2           1017            0.5        134.299        1.34299
    7         2           1087            0.5        144.937        1.44937
    7         2           1152            0.5         154.86         1.5486
    7         2           1217            0.5        164.827        1.64827
    7         2           1282            0.5        174.835        1.74835
    7         2           1347            0.5        184.884        1.84884
    7         2           1412            0.5        194.972        1.94972
    7         2           1472            0.5        204.315        2.04315
    7         2           1537            0.5        214.473        2.14473
    7         3             89            0.5        3.79541      0.0379541
    7         3            169            0.5        14.8855       0.148855
    7         3            244            0.5        25.9292       0.259292
    7         3            314            0.5        36.4845       0.364845
    7         3            389            0.5        47.8847       0.478847
    7         3            459            0.5        58.6398       0.586398
    7         3            529            0.5         69.496        0.69496
    7         3            599            0.5        80.4494       0.804494
    7         3            669            0.5        91.5004       0.915004
    7         3            739            0.5        102.651        1.02651
    7         3            809            0.5        113.903        1.13903
    7         3            874            0.5        124.446        1.24446
    7         3            944            0.5        135.906        1.35906
    7         3           1009            0.5        146.651        1.46651
    7         3           1074            0.5        157.495        1.57495
    7         3           1139            0.5        168.445        1.68445
    7         3           1204            0.5        179.504        1.79504
    7         3           1269            0.5        190.674        1.90674
    7         3           1334            0.5        201.959        2.01959
    7         3           1394            0.5        212.481        2.12481
    7         3           1459            0.5        223.996        2.23996
    8         0            110            0.5        4.71088      0.0471088
    8         0            195            0.5        14.7983       0.147983
    8         0            270            0.5         24.476        0.24476
    8         0            345            0.5        34.4849       0.344849
    8         0            420            0.5        44.5826       0.445826
    8         0            495            0.5        54.7925       0.547925
    8         0            565            0.5        64.4056       0.644056
    8         0            640            0.5        74.7802       0.747802
    8         0            710            0.5        84.5227       0.845227
    8         0            780            0.5        94.3139       0.943139
    8         0            855            0.5         104.85         1.0485
    8         0            925            0.5         114.72         1.1472
    8         0            995            0.5        124.619        1.24619
    8         0           1065            0.5        134.543        1.34543
    8         0           1135            0.5        144.487        1.44487
    8         0           1205            0.5        154.446        1.54446
    8         0           1275            0.5        164.418        1.64418
    8         0           1345            0.5        174.399        1.74399
    8         0           1415            0.5        184.387        1.84387
    8         0           1485            0.5        194.377        1.94377
    8         0           1555            0.5        204.368        2.04368
    8         0           1625            0.5        214.357        2.14357
    8         1            134            0.5        4.31687      0.0431687
    8         1            214            0.5        14.6789       0.146789
    8         1            294            0.5        24.6601       0.246601
    8         1            374            0.5        34.7567       0.347567
    8         1            454            0.5        44.9696       0.449696
    8         1            529            0.5         54.716        0.54716
    8         1            604            0.5        64.6199       0.646199
    8         1            679            0.5        74.6707       0.746707
    8         1            754            0.5        84.8605       0.848605
    8         1            824            0.5         94.491        0.94491
    8         1            899            0.5        104.934        1.04934
    8         1            969            0.5        114.796        1.14796
    8         1           1039            0.5        124.767        1.24767
    8         1           1109            0.5        134.848        1.34848
    8         1           1174            0.5        144.306        1.44306
    8         1           1244            0.5        154.597        1.54597
    8         1           1314            0.5        164.998        1.64998
    8         1           1379            0.5        174.754        1.74754
    8         1           1444            0.5        184.607        1.84607
    8         1           1509            0.5        194.557        1.94557
    8         1           1574            0.5        204.603        2.04603
    8         1           1639            0.5        214.749        2.14749
    8         2            116            0.5        4.52197      0.0452197
    8         2            188            0.5        13.5718       0.135718
    8         2            256            0.5        22.8874       0.228874
    8         2            320            0.5        31.9425       0.319425
    8         2            384            0.5        40.9738       0.409738
    8         2            444            0.5        49.4715       0.494715
    8         2            508            0.5        58.5728       0.585728
    8         2            572            0.5        67.7195       0.677195
    8         2            636            0.5        76.9187       0.769187
    8         2            696            0.5        85.5968       0.855968
    8         2            760            0.5        94.9163       0.949163
    8         2            820            0.5        103.717        1.03717
    8         2            880            0.5        112.581        1.12581
    8         2            940            0.5        121.514        1.21514
    8         2           1000            0.5        130.518        1.30518
    8         2           1060            0.5        139.595        1.39595
    8         2           1120            0.5        148.749        1.48749
    8         2           1180            0.5        157.978        1.57978
    8         2           1236            0.5        166.666        1.66666
    8         2           1292            0.5        175.424        1.75424
    8         3            121            0.5        4.61001      0.0461001
    8         3            185            0.5        14.4241       0.144241
    8         3            249            0.5         24.616        0.24616
    8         3            313            0.5        34.9481       0.349481
    8         3            373            0.5        44.6051       0.446051
    8         3            437            0.5        54.9391       0.549391
    8         3            497            0.5        64.6652       0.646652
    8         3            557            0.5        74.4348       0.744348
    8         3            621            0.5        84.9115       0.849115
    8         3            681            0.5        94.7923       0.947923
    8         3            741            0.5        104.737        1.04737
    8         3            801            0.5         114.75         1.1475
    8         3            861            0.5        124.838        1.24838
    8         3            917            0.5        134.325        1.34325
    8         3            977            0.5        144.572        1.44572
    8         3           1037            0.5        154.907        1.54907
    8         3           1093            0.5        164.638        1.64638
    8         3           1149            0.5        174.453        1.74453
    8         3           1205            0.5        184.357        1.84357
    8         3           1261            0.5        194.352        1.94352
    8         3           1317            0.5        204.439        2.04439
    9         0            120            0.5        3.95871      0.0395871
    9         0            200            0.5        14.6176       0.146176
    9         0            280            0.5        25.7442       0.257442
    9         0            355            0.5        36.3764       0.363764
    9         0            435            0.5        47.7818       0.477818
    9         0            510            0.5        58.5789       0.585789
    9         0            585            0.5        69.4756       0.694756
    9         0            660            0.5         80.474        0.80474
    9         0            735            0.5        91.5783       0.915783
    9         0            810            0.5        102.793        1.02793
    9         0            880            0.5        113.365        1.13365
    9         0            955            0.5        124.811        1.24811
    9         0           1025            0.5        135.608        1.35608
    9         0           1095            0.5        146.523        1.46523
    9         0           1165            0.5        157.556        1.57556
    9         0           1235            0.5        168.717        1.68717
    9         0           1300            0.5        179.196        1.79196
    9         0           1370            0.5         190.61         1.9061
    9         0           1435            0.5        201.333        2.01333
    9         0           1500            0.5        212.179        2.12179
    9         0           1565            0.5        223.152        2.23152
    9         0           1630            0.5        234.253        2.34253
    9         1            107            0.5        4.31485      0.0431485
    9         1            187            0.5        15.5088       0.155088
    9         1            262            0.5        26.4095       0.264095
    9         1            337            0.5         37.401        0.37401
    9         1            412            0.5        48.3912       0.483912
    9         1            487            0.5        59.4235       0.594235
    9         1            562            0.5        70.5036       0.705036
    9         1            637            0.5        81.6387       0.816387
    9         1            712            0.5        92.8369       0.928369
    9         1            782            0.5        103.352        1.03352
    9         1            857            0.5        114.695        1.14695
    9         1            927            0.5        125.358        1.25358
    9         1           1002            0.5        136.873        1.36873
    9         1           1072            0.5        147.711        1.47711
    9         1           1142            0.5        158.639        1.58639
    9         1           1212            0.5        169.665        1.69665
    9         1           1282            0.5        180.793        1.80793
    9         1           1347            0.5        191.221        1.91221
    9         1           1417            0.5        202.557        2.02557
    9         1           1482            0.5        213.186        2.13186
    9         1           1552            0.5        224.748        2.24748
    9         2            135            0.5        4.96846      0.0496846
    9         2            210            0.5        14.6308       0.146308
    9         2            285            0.5        24.7291       0.247291
    9         2            355            0.5        34.3529       0.343529
    9         2            430            0.5        44.6948       0.446948
    9         2            500            0.5        54.4231       0.544231
    9         2            575            0.5        64.9257       0.649257
    9         2            645            0.5        74.8019       0.748019
    9         2            715            0.5        84.7513       0.847513
    9         2            785            0.5        94.7767       0.947767
    9         2            855            0.5        104.881        1.04881
    9         2            920            0.5        114.339        1.14339
    9         2            990            0.5        124.607        1.24607
    9         2           1060            0.5        134.967        1.34967
    9         2           1125            0.5        144.672        1.44672
    9         2           1190            0.5         154.46         1.5446
    9         2           1255            0.5        164.338        1.64338
    9         2           1320            0.5        174.306        1.74306
    9         2           1385            0.5        184.369        1.84369
    9         2           1450            0.5        194.529        1.94529
    9         2           1515            0.5        204.787        2.04787
    9         2           1575            0.5        214.349        2.14349
    9         3            121            0.5        4.45306      0.0445306
    9         3            196            0.5        14.8411       0.148411
    9         3            266            0.5        24.8287       0.248287
    9         3            336            0.5        34.9494       0.349494
    9         3            401            0.5        44.3331       0.443331
    9         3            471            0.5        54.4847       0.544847
    9         3            541            0.5        64.6897       0.646897
    9         3            611            0.5        74.9536       0.749536
    9         3            676            0.5        84.5429       0.845429
    9         3            746            0.5        94.9384       0.949384
    9         3            811            0.5        104.661        1.04661
    9         3            876            0.5        114.454        1.14454
    9         3            941            0.5        124.324        1.24324
    9         3           1006            0.5        134.274        1.34274
    9         3           1071            0.5         144.31         1.4431
    9         3           1136            0.5        154.433        1.54433
    9         3           1201            0.5         164.65         1.6465
    9         3           1266            0.5        174.963        1.74963
    9         3           1326            0.5        184.572        1.84572
    9         3           1386            0.5        194.269        1.94269
    9         3           1451            0.5        204.876        2.04876
    9         3           1511            0.5        214.765        2.14765
   10         0            115            0.5        3.97221      0.0397221
   10         0            200            0.5         13.536        0.13536
   10         0            285            0.5        23.9058       0.239058
   10         0            365            0.5        33.8657       0.338657
   10         0            445            0.5        43.7629       0.437629
   10         0            525            0.5        53.6704       0.536704
   10         0            605            0.5        63.6086       0.636086
   10         0            685            0.5        73.5921       0.735921
   10         0            765            0.5        83.6331       0.836331
   10         0            845            0.5        93.7404       0.937404
   10         0            925            0.5        103.921        1.03921
   10         0           1000            0.5        113.538        1.13538
   10         0           1080            0.5        123.877        1.23877
   10         0           1155            0.5        133.649        1.33649
   10         0           1230            0.5        143.502        1.43502
   10         0           1305            0.5        153.438        1.53438
   10         0           1380            0.5        163.458        1.63458
   10         0           1455            0.5        173.565        1.73565
   10         0           1530            0.5        183.762        1.83762
   10         0           1600            0.5        193.361        1.93361
   10         0           1675            0.5        203.733        2.03733
   10         1            122            0.5        3.98213      0.0398213
   10         1            197            0.5        13.3934       0.133934
   10         1            277            0.5         23.739        0.23739
   10         1            352            0.5        33.5867       0.335867
   10         1            427            0.5        43.3713       0.433713
   10         1            507            0.5        53.8147       0.538147
   10         1            582            0.5        63.6229       0.636229
   10         1            657            0.5         73.456        0.73456
   10         1            737            0.5        83.9812       0.839812
   10         1            812            0.5        93.8904       0.938904
   10         1            887            0.5        103.847        1.03847
   10         1            962            0.5        113.858        1.13858
   10         1           1037            0.5        123.929        1.23929
   10         1           1107            0.5        133.387        1.33387
   10         1           1182            0.5         143.59         1.4359
   10         1           1257            0.5        153.867        1.53867
   10         1           1327            0.5        163.532        1.63532
   10         1           1402            0.5        173.968        1.73968
   10         1           1472            0.5        183.789        1.83789
   10         1           1542            0.5        193.689        1.93689
   10         2            133            0.5         3.5955       0.035955
   10         2            218            0.5        12.9999       0.129999
   10         2            293            0.5        21.8166       0.218166
   10         2            368            0.5        30.8042       0.308042
   10         2            443            0.5        39.6871       0.396871
   10         2            518            0.5         48.586        0.48586
   10         2            593            0.5        57.5155       0.575155
   10         2            668            0.5        66.4892       0.664892
   10         2            743            0.5        75.5148       0.755148
   10         2            818            0.5         84.598        0.84598
   10         2            893            0.5        93.7416       0.937416
   10         2            968            0.5        102.948        1.02948
   10         2           1038            0.5        111.597        1.11597
   10         2           1113            0.5        120.927        1.20927
   10         2           1183            0.5        129.693        1.29693
   10         2           1253            0.5        138.516        1.38516
   10         2           1323            0.5        147.397        1.47397
   10         2           1398            0.5        156.972        1.56972
   10         2           1468            0.5         165.97         1.6597
   10         2           1533            0.5        174.374        1.74374
   10         2           1603            0.5        183.481        1.83481
   10         2           1673            0.5        192.642        1.92642
   10         3            113            0.5        3.92213      0.0392213
   10         3            177            0.5        12.7908       0.127908
   10         3            241            0.5        21.9216       0.219216
   10         3            301            0.5        30.6237       0.306237
   10         3            365            0.5        39.7782       0.397782
   10         3            429            0.5         48.931        0.48931
   10         3            489            0.5        57.5235       0.575235
   10         3            553            0.5        66.7171       0.667171
   10         3            617            0.5        75.9519       0.759519
   10         3            677            0.5        84.6568       0.846568
   10         3            737            0.5        93.4145       0.934145
   10         3            801            0.5        102.821        1.02821
   10         3            861            0.5        111.706        1.11706
   10         3            921            0.5        120.661        1.20661
   10         3            981            0.5         129.69         1.2969
   10         3           1041            0.5        138.796        1.38796
   10         3           1101            0.5        147.985        1.47985
   10         3           1157            0.5        156.635        1.56635
   10         3           1217            0.5        165.991        1.65991
   10         3           1273            0.5        174.804        1.74804
   10         3           1329            0.5        183.699        1.83699
   11         0            146            0.5        5.44937      0.0544937
   11         0            221            0.5        14.9617       0.149617
   11         0            286            0.5         23.841        0.23841
   11         0            351            0.5        32.9656       0.329656
   11         0            411            0.5        41.4135       0.414135
   11         0            476            0.5        50.6363       0.506363
   11         0            541            0.5        59.9257       0.599257
   11         0            601            0.5        68.5511       0.685511
   11         0            666            0.5        77.9412       0.779412
   11         0            726            0.5        86.6444       0.866444
   11         0            786            0.5        95.3751       0.953751
   11         0            851            0.5        104.858        1.04858
   11         0            911            0.5        113.629        1.13629
   11         0            971            0.5        122.412        1.22412
   11         0           1036            0.5        131.936        1.31936
   11         0           1096            0.5        140.731        1.40731
   11         0           1156            0.5        149.528        1.49528
   11         0           1216            0.5         158.32         1.5832
   11         0           1281            0.5         167.84         1.6784
   11         0           1341            0.5        176.619        1.76619
   11         0           1401            0.5        185.387        1.85387
   11         0           1466            0.5        194.872        1.94872
   11         1            120            0.5        4.42519      0.0442519
   11         1            184            0.5        13.9255       0.139255
   11         1            244            0.5        22.8723       0.228723
   11         1            304            0.5        31.8168       0.318168
   11         1            364            0.5        40.6615       0.406615
   11         1            424            0.5        49.5509       0.495509
   11         1            484            0.5        58.5185       0.585185
   11         1            544            0.5        67.5805       0.675805
   11         1            604            0.5        76.7441       0.767441
   11         1            660            0.5        85.3927       0.853927
   11         1            720            0.5        94.7637       0.947637
   11         1            776            0.5        103.609        1.03609
   11         1            832            0.5        112.552        1.12552
   11         1            888            0.5        121.594        1.21594
   11         1            944            0.5        130.735        1.30735
   11         1           1000            0.5        139.977        1.39977
   11         1           1052            0.5        148.651        1.48651
   11         1           1104            0.5        157.413        1.57413
   11         1           1160            0.5        166.952        1.66952
   11         1           1212            0.5        175.905        1.75905
   11         1           1264            0.5        184.951        1.84951
   11         2            142            0.5        3.78424      0.0378424
   11         2            202            0.5         10.872        0.10872
   11         2            258            0.5        17.5794       0.175794
   11         2            318            0.5        24.9361       0.249361
   11         2            374            0.5        31.8442       0.318442
   11         2            430            0.5        38.6798       0.386798
   11         2            490            0.5        45.9909       0.459909
   11         2            546            0.5        52.8059       0.528059
   11         2            602            0.5        59.6162       0.596162
   11         2            662            0.5        66.9117       0.669117
   11         2            718            0.5         73.723        0.73723
   11         2            774            0.5        80.5401       0.805401
   11         2            834            0.5        87.8536       0.878536
   11         2            890            0.5        94.6914       0.946914
   11         2            946            0.5        101.544        1.01544
   11         2           1006            0.5        108.903        1.08903
   11         2           1062            0.5        115.792        1.15792
   11         2           1118            0.5        122.703        1.22703
   11         2           1174            0.5        129.637        1.29637
   11         2           1230            0.5        136.595        1.36595
   11         2           1286            0.5        143.582        1.43582
   11         2           1342            0.5        150.597        1.50597
   11         2           1398            0.5        157.641        1.57641
   11         3            113            0.5        3.51949      0.0351949
   11         3            173            0.5        11.4682       0.114682
   11         3            233            0.5        19.6162       0.196162
   11         3            293            0.5        27.9415       0.279415
   11         3            349            0.5          35.64         0.3564
   11         3            409            0.5        43.8318       0.438318
   11         3            469            0.5        51.9967       0.519967
   11         3            525            0.5        59.6014       0.596014
   11         3            585            0.5        67.7409       0.677409
   11         3            645            0.5        75.8792       0.758792
   11         3            701            0.5        83.4809       0.834809
   11         3            761            0.5        91.6379       0.916379
   11         3            821            0.5         99.813        0.99813
   11         3            877            0.5        107.464        1.07464
   11         3            937            0.5         115.69         1.1569
   11         3            997            0.5        123.947        1.23947
   11         3           1053            0.5        131.688        1.31688
   11         3           1109            0.5        139.462        1.39462
   11         3           1169            0.5        147.835        1.47835
   11         3           1225            0.5        155.689        1.55689
   11         3           1281            0.5        163.588        1.63588
   11         3           1337            0.5         171.53         1.7153
