      *tel    numcsi         Z         A     -dE/dx (MeV/um)               Leff
         0         0         4         9            0.339996             3.10284
         0         0         4         9            0.271702               3.719
         0         0         4         9            0.228968             4.20967
         0         0         4         9            0.199281             4.55887
         0         0         4         9            0.177323             4.80052
         0         0         4         9            0.160442             4.98236
         0         0         4         9            0.148663             5.13307
         0         0         4         9            0.138121             5.24858
         0         0         4         9            0.128989             5.36209
         0         0         4         9            0.121039             5.44507
         0         0         4         9            0.114055             5.53388
         0         0         4         9            0.107881             5.61847
         0         0         4         9            0.102386             5.69985
         0         0         4         9           0.0974674             5.77831
         0         0         4         9           0.0930393             5.85394
         0         0         4         9           0.0890325             5.92707
         0         0         4         9           0.0853898             5.99733
         0         0         4         9           0.0820636             6.06462
         0         0         4         9           0.0790145             6.12954
         0         0         4         9            0.076209             6.19053
         0         1         4         9            0.328435             3.91676
         0         1         4         9            0.250093             4.15468
         0         1         4         9            0.205091             4.35424
         0         1         4         9            0.175452             4.54124
         0         1         4         9            0.155557             4.75023
         0         1         4         9            0.140666             4.92003
         0         1         4         9            0.128446              5.0942
         0         1         4         9            0.118237             5.24238
         0         1         4         9            0.109609             5.38598
         0         1         4         9            0.102233             5.51976
         0         1         4         9             0.09586             5.64414
         0         1         4         9           0.0903001             5.75941
         0         1         4         9            0.085408             5.86597
         0         1         4         9           0.0810702             5.96469
         0         1         4         9           0.0771976             6.05533
         0         1         4         9           0.0737188             6.13841
         0         1         4         9           0.0705763             6.21545
         0         1         4         9           0.0677232             6.28499
         0         1         4         9           0.0651211             6.34899
         0         1         4         9           0.0627378             6.40668
         0         2         4         9            0.325277             3.95541
         0         2         4         9            0.252233             4.28837
         0         2         4         9            0.208871             4.47808
         0         2         4         9            0.179776             4.64328
         0         2         4         9            0.159107              4.8138
         0         2         4         9            0.144821             4.97005
         0         2         4         9            0.132706             5.12913
         0         2         4         9            0.122473             5.26066
         0         2         4         9             0.11377             5.39198
         0         2         4         9            0.106293             5.51605
         0         2         4         9           0.0998049             5.63413
         0         2         4         9           0.0941252              5.7458
         0         2         4         9           0.0891125             5.85213
         0         2         4         9           0.0846564              5.9517
         0         2         4         9           0.0806689             6.04627
         0         2         4         9             0.07708             6.13483
         0         2         4         9           0.0738324             6.21892
         0         2         4         9           0.0708792             6.29744
         0         2         4         9            0.068182             6.37119
         0         2         4         9           0.0657086              6.4403
         0         3         4         9            0.322058             3.74443
         0         3         4         9            0.255606             4.17506
         0         3         4         9            0.214439             4.36381
         0         3         4         9             0.18611             4.51514
         0         3         4         9            0.165234             4.65656
         0         3         4         9            0.151015             4.81865
         0         3         4         9            0.138901             4.94663
         0         3         4         9            0.128666             5.07915
         0         3         4         9            0.119889             5.19263
         0         3         4         9            0.112289             5.30354
         0         3         4         9            0.105652             5.40924
         0         3         4         9           0.0998121             5.50942
         0         3         4         9            0.094635             5.60454
         0         3         4         9            0.090015             5.69431
         0         3         4         9           0.0858671             5.77851
         0         3         4         9           0.0821225             5.85841
         0         3         4         9           0.0787252             5.93376
         0         3         4         9           0.0756287             6.00443
         0         3         4         9           0.0727946             6.07116
         0         3         4         9           0.0701908             6.13376
         1         0         4         9            0.350428             3.11548
         1         0         4         9            0.259837              3.8741
         1         0         4         9            0.210322             4.46105
         1         0         4         9            0.178498             4.85088
         1         0         4         9            0.157052             5.13001
         1         0         4         9             0.14171             5.31806
         1         0         4         9             0.12908             5.48562
         1         0         4         9            0.118569              5.6108
         1         0         4         9            0.109721             5.73582
         1         0         4         9            0.102182             5.85385
         1         0         4         9            0.095689             5.96669
         1         0         4         9           0.0900395             6.07426
         1         0         4         9           0.0850801             6.17712
         1         0         4         9           0.0806915             6.27514
         1         0         4         9           0.0767807             6.36785
         1         0         4         9           0.0732733             6.45631
         1         0         4         9           0.0701096             6.53874
         1         0         4         9            0.067241             6.61622
         1         0         4         9           0.0646278             6.68895
         1         0         4         9           0.0622369             6.75682
         1         1         4         9             0.31641             4.47494
         1         1         4         9            0.241164             4.65709
         1         1         4         9            0.197833             4.81816
         1         1         4         9             0.16932             4.97331
         1         1         4         9            0.150686             5.15538
         1         1         4         9            0.136045             5.30548
         1         1         4         9            0.124082             5.44594
         1         1         4         9            0.114137             5.58025
         1         1         4         9            0.105756             5.70724
         1         1         4         9           0.0986037             5.82689
         1         1         4         9            0.092433             5.94024
         1         1         4         9           0.0870558             6.04691
         1         1         4         9           0.0823287             6.14803
         1         1         4         9           0.0781404             6.24259
         1         1         4         9           0.0744035              6.3319
         1         1         4         9           0.0710483             6.41497
         1         1         4         9           0.0680188             6.49291
         1         1         4         9           0.0652696             6.56544
         1         1         4         9           0.0627629             6.63299
         1         1         4         9           0.0604681             6.69569
         1         2         4         9            0.316269             4.22493
         1         2         4         9            0.249857             4.39226
         1         2         4         9            0.209044             4.54245
         1         2         4         9            0.181113             4.68675
         1         2         4         9            0.160704             4.83194
         1         2         4         9              0.1469             4.98841
         1         2         4         9            0.135002             5.12951
         1         2         4         9            0.124889             5.24629
         1         2         4         9            0.116247             5.36551
         1         2         4         9            0.108788             5.47879
         1         2         4         9             0.10229             5.58578
         1         2         4         9            0.096584             5.68745
         1         2         4         9           0.0915333             5.78347
         1         2         4         9           0.0870323             5.87409
         1         2         4         9           0.0829962             5.95936
         1         2         4         9           0.0793561             6.04034
         1         2         4         9           0.0760566             6.11604
         1         2         4         9           0.0730518             6.18716
         1         2         4         9           0.0703036             6.25422
         1         2         4         9           0.0677802             6.31633
         1         3         4         9            0.345158             3.40194
         1         3         4         9            0.265153             3.95367
         1         3         4         9            0.218575             4.23802
         1         3         4         9            0.187579             4.45279
         1         3         4         9             0.16525             4.64012
         1         3         4         9            0.150223             4.83743
         1         3         4         9            0.137603             4.99361
         1         3         4         9            0.126999             5.15151
         1         3         4         9            0.117975             5.29005
         1         3         4         9            0.110214             5.41861
         1         3         4         9            0.103474             5.53747
         1         3         4         9           0.0975714             5.64806
         1         3         4         9           0.0923608             5.75128
         1         3         4         9           0.0877281             5.84699
         1         3         4         9           0.0835824             5.93474
         1         3         4         9           0.0798505             6.01624
         1         3         4         9           0.0764736             6.09183
         1         3         4         9            0.073403             6.16094
         1         3         4         9           0.0705985             6.22515
         1         3         4         9           0.0680268             6.28411
         2         0         4         9            0.362082             2.99326
         2         0         4         9            0.275102             3.78864
         2         0         4         9            0.225652             4.32848
         2         0         4         9            0.193043             4.62626
         2         0         4         9            0.169775             4.80247
         2         0         4         9            0.153709              4.9705
         2         0         4         9            0.140709             5.08102
         2         0         4         9            0.129855             5.21396
         2         0         4         9            0.120599             5.31642
         2         0         4         9            0.112634             5.43161
         2         0         4         9            0.105717             5.54547
         2         0         4         9            0.099661             5.65692
         2         0         4         9           0.0943157             5.76653
         2         0         4         9           0.0895641             5.87325
         2         0         4         9           0.0853131             5.97591
         2         0         4         9           0.0814873             6.07514
         2         0         4         9           0.0780262             6.17077
         2         0         4         9           0.0748796             6.26207
         2         0         4         9           0.0720064              6.3485
         2         0         4         9           0.0693721              6.4308
         2         1         4         9            0.382978             2.74593
         2         1         4         9             0.28471             3.26045
         2         1         4         9            0.231319             3.67439
         2         1         4         9            0.196734             3.99201
         2         1         4         9            0.172318             4.23644
         2         1         4         9            0.155328             4.46229
         2         1         4         9            0.142013             4.61687
         2         1         4         9            0.130901             4.77508
         2         1         4         9            0.121431             4.89659
         2         1         4         9            0.113297             5.01245
         2         1         4         9            0.106248             5.11926
         2         1         4         9            0.100085              5.2182
         2         1         4         9           0.0946539             5.30988
         2         1         4         9           0.0898326             5.39551
         2         1         4         9           0.0855242             5.47452
         2         1         4         9           0.0816511             5.54823
         2         1         4         9           0.0781504             5.61697
         2         1         4         9           0.0749707             5.68039
         2         1         4         9           0.0720695             5.73847
         2         1         4         9           0.0694115             5.79281
         2         2         4         9            0.351931             3.97767
         2         2         4         9            0.285653             4.15436
         2         2         4         9             0.24311             4.32006
         2         2         4         9            0.212972             4.47888
         2         2         4         9            0.190379             4.63378
         2         2         4         9            0.172748             4.78645
         2         2         4         9            0.158941             4.95242
         2         2         4         9            0.148701              5.1037
         2         2         4         9            0.139382             5.24554
         2         2         4         9            0.131185              5.3945
         2         2         4         9             0.12393             5.51398
         2         2         4         9            0.117466             5.63751
         2         2         4         9            0.111681             5.75499
         2         2         4         9            0.106475             5.86698
         2         2         4         9            0.101768             5.97221
         2         2         4         9           0.0974931             6.07257
         2         2         4         9           0.0935932             6.16736
         2         2         4         9           0.0900218             6.25632
         2         2         4         9           0.0867392             6.34125
         2         2         4         9           0.0837119             6.42121
         2         3         4         9            0.409436             2.68367
         2         3         4         9            0.303955             3.29752
         2         3         4         9            0.247688             3.80181
         2         3         4         9            0.211037             4.16429
         2         3         4         9            0.185046             4.41263
         2         3         4         9            0.165497             4.59348
         2         3         4         9            0.151994             4.77426
         2         3         4         9            0.140359             4.89598
         2         3         4         9            0.130491             5.03011
         2         3         4         9            0.121956             5.13209
         2         3         4         9            0.114517             5.24051
         2         3         4         9            0.107985             5.34526
         2         3         4         9            0.102208             5.44612
         2         3         4         9           0.0970659             5.54412
         2         3         4         9           0.0924596             5.63884
         2         3         4         9           0.0883102             5.73048
         2         3         4         9           0.0845533             5.81797
         2         3         4         9           0.0811355             5.90154
         2         3         4         9            0.078013             5.98236
         2         3         4         9           0.0751489             6.05889
         3         0         4         9            0.349624             2.96878
         3         0         4         9            0.277074             3.59263
         3         0         4         9             0.23246              4.1194
         3         0         4         9            0.201729             4.50991
         3         0         4         9            0.179134             4.78761
         3         0         4         9            0.161693             5.00267
         3         0         4         9            0.149711             5.19183
         3         0         4         9            0.138966             5.33321
         3         0         4         9            0.129707             5.46218
         3         0         4         9             0.12165             5.58817
         3         0         4         9            0.114578             5.70386
         3         0         4         9             0.10833             5.81545
         3         0         4         9            0.102775             5.92233
         3         0         4         9           0.0978059             6.02455
         3         0         4         9           0.0933349             6.12333
         3         0         4         9           0.0892916             6.21829
         3         0         4         9           0.0856177             6.31008
         3         0         4         9           0.0822647             6.39664
         3         0         4         9           0.0791922             6.47984
         3         0         4         9           0.0763665             6.55927
         3         1         4         9            0.322753             3.62543
         3         1         4         9            0.263914             3.82916
         3         1         4         9            0.225389             4.02837
         3         1         4         9            0.197922              4.2253
         3         1         4         9            0.177238             4.42038
         3         1         4         9             0.16105             4.61852
         3         1         4         9             0.14979             4.82703
         3         1         4         9            0.139548             5.00927
         3         1         4         9             0.13067             5.17605
         3         1         4         9            0.122891             5.35219
         3         1         4         9            0.116023             5.50843
         3         1         4         9            0.109927             5.65344
         3         1         4         9             0.10448             5.78876
         3         1         4         9           0.0995885             5.91372
         3         1         4         9            0.095172             6.02909
         3         1         4         9           0.0911648             6.13515
         3         1         4         9           0.0875132             6.23317
         3         1         4         9           0.0841718             6.32206
         3         1         4         9           0.0811026             6.40367
         3         1         4         9           0.0782738             6.47762
         3         2         4         9            0.328543             2.60942
         3         2         4         9            0.266227             2.81265
         3         2         4         9            0.226142             3.00571
         3         2         4         9            0.197864             3.18979
         3         2         4         9            0.176724             3.36698
         3         2         4         9            0.160362             3.53854
         3         2         4         9            0.148887             3.71413
         3         2         4         9            0.138554             3.86484
         3         2         4         9            0.129583             3.99448
         3         2         4         9            0.121749             4.12628
         3         2         4         9            0.114848              4.2412
         3         2         4         9            0.108733             4.34586
         3         2         4         9             0.10328             4.44099
         3         2         4         9           0.0983898              4.5261
         3         2         4         9           0.0939801             4.60251
         3         2         4         9           0.0899839             4.67095
         3         2         4         9           0.0863462             4.73257
         3         2         4         9           0.0830207             4.78662
         3         2         4         9           0.0799687             4.83472
         3         2         4         9           0.0771579             4.87693
         3         3         4         9            0.376085             2.93443
         3         3         4         9            0.294011              3.5519
         3         3         4         9            0.245241             4.01532
         3         3         4         9             0.21202             4.36298
         3         3         4         9            0.187769             4.64192
         3         3         4         9            0.169223             4.88079
         3         3         4         9            0.155693             5.12889
         3         3         4         9            0.144534             5.33304
         3         3         4         9            0.134985             5.53157
         3         3         4         9            0.126594             5.71376
         3         3         4         9            0.119229             5.88778
         3         3         4         9            0.112717             6.05101
         3         3         4         9            0.106923             6.20432
         3         3         4         9            0.101738             6.34827
         3         3         4         9           0.0970717              6.4834
         3         3         4         9           0.0928512             6.60907
         3         3         4         9           0.0890159             6.72652
         3         3         4         9           0.0855155             6.83459
         3         3         4         9            0.082308             6.93563
         3         3         4         9           0.0793581              7.0287
         4         0         4         9            0.414864             3.07807
         4         0         4         9            0.305673               3.871
         4         0         4         9            0.248367             4.56008
         4         0         4         9            0.211244               5.084
         4         0         4         9            0.185008             5.46716
         4         0         4         9            0.165319             5.76967
         4         0         4         9            0.151758             6.05857
         4         0         4         9            0.140075             6.29114
         4         0         4         9            0.130166             6.49526
         4         0         4         9            0.121607             6.70749
         4         0         4         9            0.114153             6.90024
         4         0         4         9            0.107612             7.08321
         4         0         4         9            0.101832             7.25838
         4         0         4         9           0.0966889             7.42369
         4         0         4         9           0.0920841             7.58213
         4         0         4         9           0.0879379             7.73115
         4         0         4         9           0.0841852             7.87264
         4         0         4         9           0.0807724             8.00445
         4         0         4         9           0.0776554             8.12926
         4         0         4         9           0.0747972             8.24596
         4         1         4         9            0.397479             3.46983
         4         1         4         9            0.305904             4.03398
         4         1         4         9            0.253595             4.59129
         4         1         4         9            0.218395             5.11335
         4         1         4         9            0.192888             5.56771
         4         1         4         9            0.173463             5.93932
         4         1         4         9              0.1586             6.26894
         4         1         4         9            0.147555             6.52217
         4         1         4         9            0.137736             6.72556
         4         1         4         9            0.129129             6.88556
         4         1         4         9             0.12158              7.0466
         4         1         4         9            0.114904             7.18001
         4         1         4         9            0.108965             7.30394
         4         1         4         9            0.103651             7.41787
         4         1         4         9           0.0988708             7.52533
         4         1         4         9           0.0945486             7.62647
         4         1         4         9            0.090622             7.72273
         4         1         4         9           0.0870395             7.81381
         4         1         4         9           0.0837578             7.90061
         4         1         4         9           0.0807402             7.98387
         4         2         4         9            0.419379             3.37907
         4         2         4         9            0.316645              3.8843
         4         2         4         9            0.260764             4.33252
         4         2         4         9            0.223657             4.72747
         4         2         4         9            0.196979             5.06752
         4         2         4         9            0.176769             5.35785
         4         2         4         9              0.1609             5.61716
         4         2         4         9            0.149821             5.86985
         4         2         4         9            0.139708             6.07311
         4         2         4         9             0.13093             6.23406
         4         2         4         9            0.123225             6.41458
         4         2         4         9            0.116412             6.56659
         4         2         4         9            0.110356             6.70853
         4         2         4         9            0.104939             6.84087
         4         2         4         9            0.100069             6.96579
         4         2         4         9           0.0956672             7.08365
         4         2         4         9           0.0916704             7.19467
         4         2         4         9           0.0880253             7.30047
         4         2         4         9           0.0846876             7.39936
         4         2         4         9           0.0816198             7.49388
         4         3         4         9            0.413211             3.20969
         4         3         4         9             0.30772             3.77997
         4         3         4         9            0.251322             4.27155
         4         3         4         9            0.214434             4.67821
         4         3         4         9            0.188197             5.01106
         4         3         4         9            0.168494             5.28342
         4         3         4         9             0.15447             5.55554
         4         3         4         9            0.142777             5.76413
         4         3         4         9            0.132876             5.95232
         4         3         4         9            0.124262             6.14395
         4         3         4         9            0.116741             6.31206
         4         3         4         9            0.110129             6.47146
         4         3         4         9            0.104273             6.62224
         4         3         4         9           0.0990556             6.76594
         4         3         4         9           0.0943777             6.90249
         4         3         4         9           0.0901606             7.03303
         4         3         4         9           0.0863398             7.15674
         4         3         4         9            0.082862             7.27439
         4         3         4         9           0.0796828             7.38583
         4         3         4         9           0.0767655              7.4915
         5         0         4         9            0.349311             3.69174
         5         0         4         9            0.276753             4.38232
         5         0         4         9            0.232151             4.90133
         5         0         4         9             0.20144             5.28097
         5         0         4         9            0.178863             5.57569
         5         0         4         9            0.161457             5.82365
         5         0         4         9            0.149484             6.07768
         5         0         4         9            0.138752             6.27925
         5         0         4         9            0.129498             6.48898
         5         0         4         9            0.121446             6.66047
         5         0         4         9            0.114381             6.83584
         5         0         4         9            0.108141             7.00405
         5         0         4         9            0.102592             7.16452
         5         0         4         9           0.0976293             7.31744
         5         0         4         9           0.0931644              7.4635
         5         0         4         9           0.0891269             7.60254
         5         0         4         9           0.0854584             7.73406
         5         0         4         9           0.0821105             7.85845
         5         0         4         9           0.0790429             7.97651
         5         0         4         9           0.0762218             8.08771
         5         1         4         9             0.39703             4.49833
         5         1         4         9            0.311536             5.03004
         5         1         4         9            0.261051              5.5392
         5         1         4         9            0.226383             6.02677
         5         1         4         9            0.200903             6.48976
         5         1         4         9            0.181302             6.92572
         5         1         4         9            0.165659             7.33257
         5         1         4         9             0.15439             7.75136
         5         1         4         9            0.144391             8.09913
         5         1         4         9            0.135782             8.41529
         5         1         4         9            0.128106             8.71162
         5         1         4         9            0.121291             8.96804
         5         1         4         9            0.115197             9.19727
         5         1         4         9            0.109723             9.40019
         5         1         4         9            0.104779             9.57929
         5         1         4         9            0.100296               9.737
         5         1         4         9            0.096212             9.87588
         5         1         4         9           0.0924767             9.99709
         5         1         4         9           0.0890476             10.1029
         5         1         4         9           0.0858886             10.1935
         5         2         4         9            0.380519             3.72731
         5         2         4         9            0.301541             4.56678
         5         2         4         9            0.253587             5.28406
         5         2         4         9            0.220409             5.82318
         5         2         4         9            0.195919             6.20889
         5         2         4         9            0.177014             6.50387
         5         2         4         9            0.161877              6.7495
         5         2         4         9            0.151325             6.99646
         5         2         4         9            0.141532             7.19638
         5         2         4         9            0.133058             7.38898
         5         2         4         9            0.125545             7.58202
         5         2         4         9            0.118869             7.76567
         5         2         4         9            0.112904             7.94225
         5         2         4         9            0.107546             8.11592
         5         2         4         9             0.10271              8.2842
         5         2         4         9           0.0983238             8.44792
         5         2         4         9           0.0943285             8.60532
         5         2         4         9           0.0906745             8.75867
         5         2         4         9             0.08732             8.90607
         5         2         4         9           0.0842299             9.04738
         5         3         4         9            0.378576             5.35467
         5         3         4         9            0.302189             6.81958
         5         3         4         9             0.25516             8.07218
         5         3         4         9            0.222366             8.98933
         5         3         4         9             0.19803             9.64424
         5         3         4         9            0.179171             10.1526
         5         3         4         9            0.163999             10.5843
         5         3         4         9            0.153276             11.0743
         5         3         4         9             0.14347             11.4243
         5         3         4         9            0.135027             11.8316
         5         3         4         9            0.127493             12.1936
         5         3         4         9            0.120793             12.5441
         5         3         4         9            0.114796             12.8816
         5         3         4         9            0.109401             13.2063
         5         3         4         9            0.104525             13.5182
         5         3         4         9            0.100097             13.8139
         5         3         4         9           0.0960611              14.096
         5         3         4         9           0.0923661             14.3657
         5         3         4         9           0.0889713             14.6178
         5         3         4         9           0.0858418             14.8606
         6         0         4         9            0.361136             2.96407
         6         0         4         9            0.279895             3.63292
         6         0         4         9            0.232053             4.22043
         6         0         4         9            0.199847               4.699
         6         0         4         9            0.176522             5.08603
         6         0         4         9            0.159124              5.4254
         6         0         4         9              0.1467             5.71841
         6         0         4         9            0.135857             5.98263
         6         0         4         9            0.126494              6.2185
         6         0         4         9            0.118391             6.43773
         6         0         4         9            0.111317              6.6422
         6         0         4         9            0.105092             6.83399
         6         0         4         9           0.0995778              7.0135
         6         0         4         9           0.0946596             7.18156
         6         0         4         9           0.0902467             7.33898
         6         0         4         9           0.0862654             7.48625
         6         0         4         9           0.0826555             7.62255
         6         0         4         9           0.0793671             7.75045
         6         0         4         9           0.0763591             7.86784
         6         0         4         9           0.0735971             7.97684
         6         1         4         9            0.361836             3.41509
         6         1         4         9            0.278708             4.22275
         6         1         4         9            0.230296             4.83703
         6         1         4         9            0.197916             5.25904
         6         1         4         9            0.174568              5.5594
         6         1         4         9            0.157611             5.82658
         6         1         4         9            0.144934             6.04003
         6         1         4         9            0.134096             6.23205
         6         1         4         9            0.124757             6.42146
         6         1         4         9            0.116686             6.59548
         6         1         4         9            0.109653              6.7599
         6         1         4         9            0.103474             6.91702
         6         1         4         9           0.0980065             7.06553
         6         1         4         9           0.0931349             7.20718
         6         1         4         9           0.0887679               7.341
         6         1         4         9           0.0848311             7.46618
         6         1         4         9           0.0812639             7.58444
         6         1         4         9           0.0780166             7.69488
         6         1         4         9           0.0750479             7.79783
         6         1         4         9            0.072323             7.89355
         6         2         4         9            0.354356              3.7358
         6         2         4         9             0.28824             3.86495
         6         2         4         9            0.245668             4.22217
         6         2         4         9            0.215424              4.6337
         6         2         4         9            0.192704             5.05451
         6         2         4         9            0.174936             5.47309
         6         2         4         9            0.160675             5.88026
         6         2         4         9             0.15059             6.28595
         6         2         4         9            0.141163             6.62843
         6         2         4         9            0.132951             6.96976
         6         2         4         9             0.12565             7.25519
         6         2         4         9             0.11914             7.51425
         6         2         4         9            0.113307             7.74421
         6         2         4         9            0.108053             7.94612
         6         2         4         9            0.103298             8.12186
         6         2         4         9           0.0989778             8.27352
         6         2         4         9           0.0950343             8.40426
         6         2         4         9           0.0914209             8.51525
         6         2         4         9           0.0880983              8.6098
         6         2         4         9           0.0850329             8.68838
         6         3         4         9            0.358602             3.02492
         6         3         4         9            0.286188             3.64491
         6         3         4         9            0.241219             4.26605
         6         3         4         9             0.20996             4.82253
         6         3         4         9            0.186833             5.26867
         6         3         4         9            0.168972             5.61117
         6         3         4         9            0.155851             5.91103
         6         3         4         9            0.144987             6.10568
         6         3         4         9            0.135648              6.3065
         6         3         4         9            0.127406             6.45328
         6         3         4         9            0.120153             6.59444
         6         3         4         9            0.113721             6.72625
         6         3         4         9            0.107984             6.85068
         6         3         4         9            0.102837             6.96899
         6         3         4         9           0.0981977             7.08119
         6         3         4         9           0.0939935             7.18893
         6         3         4         9           0.0901668             7.29222
         6         3         4         9           0.0866693             7.39078
         6         3         4         9           0.0834603             7.48419
         6         3         4         9           0.0805054             7.57406
         7         0         4         9            0.383387             3.39102
         7         0         4         9            0.301819             4.27178
         7         0         4         9            0.252939             4.71112
         7         0         4         9            0.219347             5.03272
         7         0         4         9            0.194666             5.30344
         7         0         4         9            0.175675             5.55135
         7         0         4         9            0.160626              5.7945
         7         0         4         9            0.150025             6.03634
         7         0         4         9            0.140252             6.25343
         7         0         4         9            0.131746             6.43345
         7         0         4         9            0.124237             6.63985
         7         0         4         9            0.117571             6.81852
         7         0         4         9            0.111623             6.98657
         7         0         4         9            0.106286             7.14485
         7         0         4         9            0.101473             7.29468
         7         0         4         9           0.0971123             7.43452
         7         0         4         9           0.0931428             7.56596
         7         0         4         9           0.0895148             7.69029
         7         0         4         9           0.0861862             7.80564
         7         0         4         9           0.0831215              7.9144
         7         1         4         9            0.396258             3.43178
         7         1         4         9            0.309614             3.98985
         7         1         4         9             0.25879             4.52794
         7         1         4         9            0.224052             5.02837
         7         1         4         9            0.198608             5.46974
         7         1         4         9            0.179078             5.85077
         7         1         4         9            0.163473             6.17371
         7         1         4         9            0.152548             6.49059
         7         1         4         9            0.142548             6.72598
         7         1         4         9            0.133943             6.94164
         7         1         4         9            0.126306             7.14059
         7         1         4         9            0.119529             7.31672
         7         1         4         9             0.11348             7.47786
         7         1         4         9             0.10805             7.62649
         7         1         4         9            0.103152             7.76581
         7         1         4         9           0.0987137             7.89648
         7         1         4         9           0.0946735             8.01925
         7         1         4         9           0.0909805             8.13503
         7         1         4         9           0.0875923             8.24261
         7         1         4         9           0.0844725             8.34534
         7         2         4         9             0.41957             3.22011
         7         2         4         9            0.329587             3.73585
         7         2         4         9            0.277356             4.19668
         7         2         4         9             0.24128             4.60181
         7         2         4         9            0.214588             4.95755
         7         2         4         9            0.193951             5.27047
         7         2         4         9            0.177461             5.55151
         7         2         4         9             0.16387             5.81242
         7         2         4         9            0.154135             6.09408
         7         2         4         9            0.145094             6.30986
         7         2         4         9            0.137237             6.54941
         7         2         4         9            0.130141             6.74893
         7         2         4         9            0.123779             6.95023
         7         2         4         9            0.118033             7.13974
         7         2         4         9            0.112827             7.32026
         7         2         4         9             0.10809             7.49239
         7         2         4         9            0.103762             7.65622
         7         2         4         9           0.0997954             7.81239
         7         2         4         9            0.096146             7.96007
         7         2         4         9           0.0927777             8.10155
         7         3         4         9            0.381365             3.63086
         7         3         4         9            0.301097             4.66827
         7         3         4         9            0.252697             5.08157
         7         3         4         9            0.219341             5.33807
         7         3         4         9            0.194788             5.53877
         7         3         4         9             0.17587             5.70933
         7         3         4         9            0.160835             5.87484
         7         3         4         9            0.150276             6.05162
         7         3         4         9            0.140515             6.19662
         7         3         4         9            0.132027             6.31696
         7         3         4         9            0.124528             6.46008
         7         3         4         9            0.117867             6.58335
         7         3         4         9            0.111921             6.70147
         7         3         4         9            0.106584             6.81348
         7         3         4         9             0.10177             6.92176
         7         3         4         9           0.0974065             7.02442
         7         3         4         9           0.0934336              7.1231
         7         3         4         9           0.0898017             7.21782
         7         3         4         9           0.0864688              7.3093
         7         3         4         9           0.0833996              7.3954
         8         0         4         9            0.414987             3.37777
         8         0         4         9              0.3246             3.89979
         8         0         4         9            0.272293             4.36877
         8         0         4         9            0.236354             4.78703
         8         0         4         9            0.209882             5.15892
         8         0         4         9            0.189484             5.49489
         8         0         4         9            0.173232             5.80132
         8         0         4         9             0.16008             6.10147
         8         0         4         9            0.150609             6.38749
         8         0         4         9            0.141661             6.63889
         8         0         4         9            0.133835             6.87879
         8         0         4         9            0.126821             7.10803
         8         0         4         9            0.120537             7.31974
         8         0         4         9            0.114876             7.51965
         8         0         4         9            0.109755             7.70814
         8         0         4         9            0.105102             7.88534
         8         0         4         9            0.100857             8.05169
         8         0         4         9           0.0969704             8.20893
         8         0         4         9           0.0933978             8.35656
         8         0         4         9           0.0901035             8.49427
         8         1         4         9            0.368228             4.54007
         8         1         4         9              0.3035             4.85247
         8         1         4         9            0.261055             5.16594
         8         1         4         9            0.230368             5.48608
         8         1         4         9            0.207003             5.81502
         8         1         4         9            0.188557             6.14997
         8         1         4         9            0.173581             6.48788
         8         1         4         9            0.161142              6.8283
         8         1         4         9            0.152308             7.19601
         8         1         4         9            0.143756             7.50348
         8         1         4         9            0.136302             7.81886
         8         1         4         9            0.129539             8.14643
         8         1         4         9            0.123451             8.37806
         8         1         4         9            0.117931              8.6225
         8         1         4         9            0.112912             8.84438
         8         1         4         9            0.108329             9.04406
         8         1         4         9             0.10413             9.22292
         8         1         4         9             0.10027             9.38153
         8         1         4         9           0.0967101             9.52329
         8         1         4         9           0.0934163             9.64766
         8         2         4         9            0.399602             3.02253
         8         2         4         9            0.310588             3.74164
         8         2         4         9            0.258969             4.39391
         8         2         4         9            0.223855             4.91835
         8         2         4         9            0.198216             5.31608
         8         2         4         9             0.17858             5.63159
         8         2         4         9            0.162919             5.89061
         8         2         4         9            0.152007             6.15831
         8         2         4         9            0.141985             6.37861
         8         2         4         9            0.133351             6.59061
         8         2         4         9            0.125706             6.78808
         8         2         4         9            0.118924              6.9821
         8         2         4         9            0.112875             7.16982
         8         2         4         9            0.107449             7.35019
         8         2         4         9            0.102558             7.52439
         8         2         4         9           0.0981277             7.69311
         8         2         4         9           0.0940966              7.8553
         8         2         4         9           0.0904135              8.0103
         8         2         4         9           0.0870354             8.15852
         8         2         4         9           0.0839261             8.30094
         8         3         4         9            0.370262             3.43123
         8         3         4         9            0.310749             4.18623
         8         3         4         9             0.27044             4.56333
         8         3         4         9             0.24063             4.81139
         8         3         4         9            0.217542             5.00536
         8         3         4         9            0.199075             5.17402
         8         3         4         9            0.183932             5.32498
         8         3         4         9            0.171276             5.46199
         8         3         4         9            0.160546             5.60424
         8         3         4         9            0.152805             5.76005
         8         3         4         9            0.145114              5.8799
         8         3         4         9            0.138355              5.9898
         8         3         4         9            0.132152             6.09958
         8         3         4         9            0.126504             6.22959
         8         3         4         9            0.121337             6.33733
         8         3         4         9            0.116596             6.44062
         8         3         4         9            0.112234             6.54016
         8         3         4         9            0.108208             6.63813
         8         3         4         9            0.104481             6.73103
         8         3         4         9            0.101023             6.82218
         9         0         4         9            0.418657             3.25962
         9         0         4         9            0.329675             4.33316
         9         0         4         9            0.277769             4.86422
         9         0         4         9            0.241835             5.19845
         9         0         4         9            0.215204             5.44711
         9         0         4         9            0.194591             5.65924
         9         0         4         9            0.178105             5.84727
         9         0         4         9             0.16452             6.02041
         9         0         4         9            0.154683             6.22478
         9         0         4         9             0.14567              6.3713
         9         0         4         9            0.137811             6.53972
         9         0         4         9            0.130713             6.69434
         9         0         4         9            0.124345              6.8218
         9         0         4         9            0.118591             6.95748
         9         0         4         9            0.113376             7.08941
         9         0         4         9            0.108628              7.2157
         9         0         4         9             0.10429             7.33829
         9         0         4         9            0.100312             7.45691
         9         0         4         9           0.0966514             7.57031
         9         0         4         9           0.0932721             7.68213
         9         1         4         9            0.369172             3.59995
         9         1         4         9            0.298357             4.63754
         9         1         4         9            0.253572             5.13695
         9         1         4         9            0.221938             5.44423
         9         1         4         9            0.198258             5.66967
         9         1         4         9            0.179793             5.85158
         9         1         4         9            0.164881             6.01458
         9         1         4         9            0.154182             6.20019
         9         1         4         9            0.144514              6.3397
         9         1         4         9            0.136167             6.47228
         9         1         4         9            0.128691             6.61503
         9         1         4         9            0.122032             6.71847
         9         1         4         9            0.116058             6.83266
         9         1         4         9            0.110676             6.94224
         9         1         4         9            0.105803             7.04849
         9         1         4         9            0.101373             7.14955
         9         1         4         9           0.0973294             7.24783
         9         1         4         9           0.0936236              7.3426
         9         1         4         9           0.0902157             7.43464
         9         1         4         9           0.0870711             7.52264
         9         2         4         9            0.354627             3.93077
         9         2         4         9            0.290267              5.0459
         9         2         4         9            0.248352             5.57152
         9         2         4         9            0.218348             5.89216
         9         2         4         9            0.195685             6.12504
         9         2         4         9            0.177892             6.31115
         9         2         4         9            0.163427             6.47618
         9         2         4         9            0.153208             6.66838
         9         2         4         9            0.143727             6.81158
         9         2         4         9            0.135538             6.94188
         9         2         4         9            0.128197             7.06312
         9         2         4         9            0.121648             7.18067
         9         2         4         9            0.115765             7.29243
         9         2         4         9            0.110458             7.39897
         9         2         4         9            0.105648             7.50071
         9         2         4         9            0.101271             7.59825
         9         2         4         9            0.097272             7.69122
         9         2         4         9           0.0936038             7.78183
         9         2         4         9           0.0902277             7.86818
         9         2         4         9           0.0871102             7.95189
         9         3         4         9            0.413475             3.08381
         9         3         4         9            0.331889             4.08763
         9         3         4         9            0.282492             4.67006
         9         3         4         9            0.247634              5.0524
         9         3         4         9            0.221443             5.33698
         9         3         4         9            0.200961             5.57133
         9         3         4         9            0.184457             5.77394
         9         3         4         9            0.170857             5.95778
         9         3         4         9            0.159621             6.13887
         9         3         4         9            0.151337             6.31826
         9         3         4         9            0.143292             6.47468
         9         3         4         9             0.13623             6.62309
         9         3         4         9            0.129788             6.78126
         9         3         4         9            0.123961             6.89038
         9         3         4         9            0.118654             7.01626
         9         3         4         9            0.113808             7.13802
         9         3         4         9            0.109368             7.25419
         9         3         4         9            0.105284             7.36512
         9         3         4         9            0.101518             7.47173
         9         3         4         9           0.0980342             7.57458
        10         0         4         9            0.457164             3.27639
        10         0         4         9            0.356679             3.96856
        10         0         4         9            0.300494             4.63431
        10         0         4         9            0.261908             5.19981
        10         0         4         9            0.233264             5.64405
        10         0         4         9            0.211038             5.98852
        10         0         4         9            0.193237             6.26433
        10         0         4         9             0.17862             6.49996
        10         0         4         9            0.166366             6.71661
        10         0         4         9            0.156914             6.95995
        10         0         4         9            0.148828             7.15038
        10         0         4         9            0.141395             7.35022
        10         0         4         9            0.134737             7.51767
        10         0         4         9            0.128659             7.71934
        10         0         4         9            0.123135             7.90107
        10         0         4         9            0.118084             8.07875
        10         0         4         9            0.113455             8.25251
        10         0         4         9            0.109198             8.42157
        10         0         4         9            0.105271             8.58698
        10         0         4         9            0.101639             8.74886
        10         1         4         9            0.413035             3.50858
        10         1         4         9             0.33101             4.72493
        10         1         4         9            0.281462             5.34218
        10         1         4         9            0.246559             5.71797
        10         1         4         9            0.220371             5.98322
        10         1         4         9            0.199913             6.19406
        10         1         4         9            0.183442             6.37378
        10         1         4         9            0.169883             6.53672
        10         1         4         9            0.158859             6.71575
        10         1         4         9            0.150477              6.8658
        10         1         4         9            0.142469             7.00887
        10         1         4         9            0.135407              7.1291
        10         1         4         9            0.128979             7.25657
        10         1         4         9            0.123167             7.37687
        10         1         4         9            0.117876             7.49123
        10         1         4         9            0.113047              7.6019
        10         1         4         9            0.108623             7.70976
        10         1         4         9            0.104557             7.81326
        10         1         4         9            0.100807             7.91447
        10         1         4         9           0.0973403             8.01046
        10         2         4         9            0.428448             4.17104
        10         2         4         9            0.339079             4.68811
        10         2         4         9            0.286983             5.05417
        10         2         4         9             0.25068             5.37876
        10         2         4         9            0.223598             5.69238
        10         2         4         9            0.202528             6.00438
        10         2         4         9            0.185617             6.31243
        10         2         4         9             0.17172             6.61659
        10         2         4         9            0.160167             6.93333
        10         2         4         9            0.151798             7.25786
        10         2         4         9            0.143636             7.52981
        10         2         4         9             0.13649             7.80066
        10         2         4         9            0.129976             8.08221
        10         2         4         9            0.124089              8.3322
        10         2         4         9            0.118731             8.56973
        10         2         4         9            0.113843             8.79245
        10         2         4         9            0.109366             9.00062
        10         2         4         9            0.105252             9.19612
        10         2         4         9             0.10146             9.37793
        10         2         4         9            0.097955             9.54846
        10         3         4         9            0.374085             4.42682
        10         3         4         9            0.310563              4.6552
        10         3         4         9            0.268484             4.87239
        10         3         4         9            0.237773             5.08274
        10         3         4         9            0.214215             5.28882
        10         3         4         9             0.19551             5.48989
        10         3         4         9            0.180257             5.68978
        10         3         4         9            0.167564             5.88163
        10         3         4         9            0.157562             6.11523
        10         3         4         9            0.149366             6.30005
        10         3         4         9             0.14173             6.49089
        10         3         4         9            0.134928             6.66907
        10         3         4         9            0.128727             6.85113
        10         3         4         9              0.1231              7.0217
        10         3         4         9            0.117964             7.18685
        10         3         4         9            0.113264             7.34589
        10         3         4         9            0.108948             7.49818
        10         3         4         9            0.104971             7.64461
        10         3         4         9            0.101298             7.78527
        10         3         4         9           0.0978936              7.9192
        11         0         4         9            0.387232             3.33424
        11         0         4         9            0.317967              3.8041
        11         0         4         9            0.273356             4.20058
        11         0         4         9            0.241179             4.54535
        11         0         4         9            0.216684             4.85604
        11         0         4         9            0.197345             5.14172
        11         0         4         9            0.181646             5.41163
        11         0         4         9            0.168637             5.66612
        11         0         4         9            0.158199             5.93491
        11         0         4         9            0.149967              6.1825
        11         0         4         9            0.142184              6.4163
        11         0         4         9            0.135287             6.63409
        11         0         4         9            0.128999             6.83424
        11         0         4         9              0.1233               7.029
        11         0         4         9            0.118103              7.2124
        11         0         4         9            0.113352             7.38655
        11         0         4         9            0.108992             7.54876
        11         0         4         9            0.104978             7.70145
        11         0         4         9            0.101272              7.8436
        11         0         4         9           0.0978413             7.97693
        11         1         4         9            0.281466             5.49125
        11         1         4         9             0.25032             5.54798
        11         1         4         9            0.226223             5.61942
        11         1         4         9            0.206957              5.7057
        11         1         4         9            0.191162             5.80541
        11         1         4         9            0.177948             5.91781
        11         1         4         9            0.166712             6.04635
        11         1         4         9            0.157756             6.22753
        11         1         4         9            0.150377             6.37246
        11         1         4         9            0.143303             6.51372
        11         1         4         9            0.137015             6.67944
        11         1         4         9            0.131209             6.84859
        11         1         4         9            0.125902             6.98577
        11         1         4         9            0.121023             7.12606
        11         1         4         9            0.116527             7.25658
        11         1         4         9            0.112373             7.37476
        11         1         4         9            0.108524              7.4787
        11         1         4         9            0.104949             7.56782
        11         1         4         9            0.101621             7.64187
        11         1         4         9           0.0985143             7.70239
        11         2         4         9            0.394156              4.1026
        11         2         4         9            0.330842             5.34985
        11         2         4         9            0.288617             5.94117
        11         2         4         9            0.257344             6.29537
        11         2         4         9            0.233023             6.55019
        11         2         4         9            0.213494             6.75201
        11         2         4         9            0.197432             6.92563
        11         2         4         9            0.183964              7.0832
        11         2         4         9            0.172491              7.2232
        11         2         4         9            0.162484             7.36231
        11         2         4         9            0.155223             7.53576
        11         2         4         9            0.148157             7.65107
        11         2         4         9            0.141731             7.79283
        11         2         4         9            0.135899             7.91251
        11         2         4         9            0.130496             8.03212
        11         2         4         9            0.125532             8.12103
        11         2         4         9            0.120945             8.22677
        11         2         4         9            0.116699             8.32864
        11         2         4         9            0.112759             8.42802
        11         2         4         9            0.109093             8.52445
        11         3         4         9            0.369869              4.2209
        11         3         4         9            0.311381             5.17485
        11         3         4         9            0.271528             5.51853
        11         3         4         9            0.241941             5.75328
        11         3         4         9            0.218958             5.95171
        11         3         4         9            0.200534             6.12881
        11         3         4         9            0.185399             6.30492
        11         3         4         9            0.172721             6.47082
        11         3         4         9            0.161852             6.63618
        11         3         4         9            0.154074             6.84562
        11         3         4         9            0.146417             6.99147
        11         3         4         9            0.139641             7.15489
        11         3         4         9            0.133444             7.30531
        11         3         4         9            0.127781             7.45619
        11         3         4         9            0.122602              7.6037
        11         3         4         9            0.117843             7.74752
        11         3         4         9            0.113462             7.88768
        11         3         4         9            0.109415             8.02403
        11         3         4         9            0.105667             8.15757
        11         3         4         9            0.102187             8.28775
