      *tel    numcsi         Z         A     -dE/dx (MeV/um)               Leff
         0         0         1         3           0.0180333             6.52639
         0         0         1         3            0.010194             5.60778
         0         0         1         3          0.00761818             5.46122
         0         0         1         3          0.00610612             5.35334
         0         0         1         3          0.00512636             5.26964
         0         0         1         3          0.00444049             5.19445
         0         0         1         3          0.00393308             5.12233
         0         0         1         3          0.00354212             5.05166
         0         0         1         3          0.00323135             4.98173
         0         0         1         3          0.00297818             4.91277
         0         0         1         3          0.00276785             4.84396
         0         0         1         3          0.00259021             4.77695
         0         0         1         3          0.00243811             4.71042
         0         0         1         3          0.00230638             4.64454
         0         0         1         3          0.00219113             4.57994
         0         0         1         3          0.00208942             4.51618
         0         0         1         3          0.00199898             4.45409
         0         0         1         3          0.00191802             4.39189
         0         0         1         3           0.0018451             4.33134
         0         0         1         3          0.00177909              4.2716
         0         1         1         3           0.0201201             5.79814
         0         1         1         3           0.0108184             5.32516
         0         1         1         3          0.00796414              5.2925
         0         1         1         3          0.00635502             5.22842
         0         1         1         3          0.00531841             5.17078
         0         1         1         3           0.0045961             5.11382
         0         1         1         3          0.00406365             5.05614
         0         1         1         3          0.00365448              4.9967
         0         1         1         3          0.00332994             4.93606
         0         1         1         3          0.00306602              4.8749
         0         1         1         3          0.00284705             4.81214
         0         1         1         3          0.00266233             4.74918
         0         1         1         3          0.00250433             4.68677
         0         1         1         3          0.00236759             4.62341
         0         1         1         3          0.00224805             4.56098
         0         1         1         3          0.00214263             4.49823
         0         1         1         3          0.00204894             4.43677
         0         1         1         3           0.0019651             4.37611
         0         1         1         3          0.00188963             4.31521
         0         1         1         3          0.00182133             4.25591
         0         2         1         3           0.0196104             5.94763
         0         2         1         3           0.0109396             5.51712
         0         2         1         3          0.00813126             5.50138
         0         2         1         3          0.00652788             5.44466
         0         2         1         3          0.00548231             5.39044
         0         2         1         3          0.00474822             5.33421
         0         2         1         3          0.00420426             5.27521
         0         2         1         3          0.00378467             5.21306
         0         2         1         3           0.0034509             5.14869
         0         2         1         3          0.00317885             5.08222
         0         2         1         3          0.00295269             5.01449
         0         2         1         3          0.00276164             4.94561
         0         2         1         3          0.00259801             4.87609
         0         2         1         3          0.00245623             4.80727
         0         2         1         3          0.00233217             4.73746
         0         2         1         3          0.00222267             4.66821
         0         2         1         3          0.00212527             4.59888
         0         2         1         3          0.00203807             4.53103
         0         2         1         3          0.00195952             4.46384
         0         2         1         3          0.00188838              4.3966
         0         3         1         3           0.0190879             5.81365
         0         3         1         3           0.0105289             5.28801
         0         3         1         3          0.00780594             5.20437
         0         3         1         3          0.00624245             5.10978
         0         3         1         3          0.00523234             5.03324
         0         3         1         3          0.00452684             4.96462
         0         3         1         3          0.00400587             4.89974
         0         3         1         3          0.00360499             4.83583
         0         3         1         3          0.00328667             4.77295
         0         3         1         3           0.0030276             4.71096
         0         3         1         3           0.0028125             4.64851
         0         3         1         3          0.00263094             4.58659
         0         3         1         3          0.00247557             4.52552
         0         3         1         3          0.00234106             4.46457
         0         3         1         3          0.00222342             4.40483
         0         3         1         3          0.00211964             4.34469
         0         3         1         3          0.00202738             4.28655
         0         3         1         3          0.00194481             4.22838
         0         3         1         3          0.00187046             4.17086
         0         3         1         3          0.00180316             4.11436
         1         0         1         3           0.0186203             6.61926
         1         0         1         3           0.0105954             5.68972
         1         0         1         3           0.0079228             5.57942
         1         0         1         3          0.00636852             5.49747
         1         0         1         3          0.00535415               5.441
         1         0         1         3          0.00464113             5.39288
         1         0         1         3          0.00411227             5.34821
         1         0         1         3          0.00370399             5.30435
         1         0         1         3            0.003379             5.26084
         1         0         1         3          0.00311397             5.21701
         1         0         1         3          0.00289357             5.17308
         1         0         1         3          0.00270729             5.12957
         1         0         1         3           0.0025477             5.08623
         1         0         1         3          0.00240939             5.04295
         1         0         1         3          0.00228834             4.99971
         1         0         1         3          0.00218147             4.95671
         1         0         1         3           0.0020864              4.9137
         1         0         1         3          0.00200127              4.8723
         1         0         1         3          0.00192457              4.8298
         1         0         1         3           0.0018551             4.78836
         1         1         1         3            0.019907             5.97391
         1         1         1         3           0.0109419             5.57319
         1         1         1         3          0.00810046             5.59057
         1         1         1         3          0.00648874             5.55567
         1         1         1         3          0.00544218             5.51686
         1         1         1         3           0.0047094             5.47219
         1         1         1         3          0.00416744             5.42253
         1         1         1         3          0.00374998              5.3684
         1         1         1         3          0.00341825             5.31027
         1         1         1         3           0.0031481             5.24893
         1         1         1         3          0.00292368             5.18559
         1         1         1         3           0.0027342             5.12094
         1         1         1         3          0.00257199             5.05527
         1         1         1         3          0.00243151             4.98894
         1         1         1         3          0.00230863             4.92174
         1         1         1         3           0.0022002             4.85522
         1         1         1         3          0.00210378             4.78781
         1         1         1         3          0.00201748               4.722
         1         1         1         3          0.00193976             4.65554
         1         1         1         3          0.00186938             4.58977
         1         2         1         3           0.0199365             5.98469
         1         2         1         3           0.0110555             5.50168
         1         2         1         3          0.00820215              5.4615
         1         2         1         3          0.00658293             5.39053
         1         2         1         3          0.00552707             5.32564
         1         2         1         3          0.00478592             5.26124
         1         2         1         3          0.00423683             5.19601
         1         2         1         3          0.00381337             5.12935
         1         2         1         3          0.00347657             5.06085
         1         2         1         3          0.00320208             4.99102
         1         2         1         3          0.00297392              4.9215
         1         2         1         3           0.0027812             4.85099
         1         2         1         3          0.00261614             4.78024
         1         2         1         3          0.00247315             4.71019
         1         2         1         3          0.00234802             4.63967
         1         2         1         3          0.00223759             4.57035
         1         2         1         3          0.00213937             4.50119
         1         2         1         3          0.00205143             4.43357
         1         2         1         3          0.00197221             4.36628
         1         2         1         3          0.00190048             4.29973
         1         3         1         3           0.0187558             5.79189
         1         3         1         3           0.0105734             5.36381
         1         3         1         3          0.00788569              5.3074
         1         3         1         3          0.00632862             5.21666
         1         3         1         3          0.00531562             5.13488
         1         3         1         3          0.00460498             5.05613
         1         3         1         3           0.0040786             4.97861
         1         3         1         3          0.00367265             4.90124
         1         3         1         3          0.00334977             4.82376
         1         3         1         3          0.00308663             4.74719
         1         3         1         3           0.0028679             4.66992
         1         3         1         3          0.00268311             4.59363
         1         3         1         3          0.00252485             4.51871
         1         3         1         3          0.00238774             4.44372
         1         3         1         3          0.00226777             4.37029
         1         3         1         3          0.00216188             4.29741
         1         3         1         3           0.0020677              4.2262
         1         3         1         3          0.00198337             4.15641
         1         3         1         3          0.00190742             4.08726
         1         3         1         3          0.00183864             4.01997
         2         0         1         3            0.018561             6.29207
         2         0         1         3           0.0107023             5.46971
         2         0         1         3          0.00803219              5.4312
         2         0         1         3          0.00647402             5.38382
         2         0         1         3          0.00545129              5.3452
         2         0         1         3          0.00472987             5.30742
         2         0         1         3          0.00419349             5.26953
         2         0         1         3           0.0037787             5.23111
         2         0         1         3          0.00344809             5.19161
         2         0         1         3          0.00317818             5.15164
         2         0         1         3          0.00295352             5.11251
         2         0         1         3          0.00276353             5.07311
         2         0         1         3          0.00260065             5.03414
         2         0         1         3          0.00245942             4.99588
         2         0         1         3          0.00233576              4.9573
         2         0         1         3          0.00222654             4.91974
         2         0         1         3          0.00212935             4.88189
         2         0         1         3          0.00204229             4.84584
         2         0         1         3          0.00196383             4.80947
         2         0         1         3          0.00189275             4.77302
         2         1         1         3           0.0181265             5.84481
         2         1         1         3           0.0101625             5.02915
         2         1         1         3          0.00757629             4.85201
         2         1         1         3          0.00606377             4.71939
         2         1         1         3          0.00508655             4.61572
         2         1         1         3           0.0044037             4.52521
         2         1         1         3          0.00389915             4.44197
         2         1         1         3          0.00351076             4.36328
         2         1         1         3          0.00320225             4.28794
         2         1         1         3          0.00295107             4.21612
         2         1         1         3          0.00274247             4.14632
         2         1         1         3          0.00256637             4.07929
         2         1         1         3          0.00241563             4.01384
         2         1         1         3          0.00228511             3.95078
         2         1         1         3          0.00217095             3.88887
         2         1         1         3          0.00207023             3.82896
         2         1         1         3          0.00198068             3.77087
         2         1         1         3          0.00190053             3.71358
         2         1         1         3          0.00182836             3.65844
         2         1         1         3          0.00176303             3.60407
         2         2         1         3            0.020134             5.99236
         2         2         1         3           0.0110343             5.51569
         2         2         1         3          0.00816103             5.47233
         2         2         1         3          0.00653769             5.39222
         2         2         1         3          0.00548302             5.32078
         2         2         1         3          0.00474441             5.25347
         2         2         1         3          0.00419811             5.18879
         2         2         1         3          0.00377728             5.12591
         2         2         1         3          0.00344288             5.06356
         2         2         1         3          0.00317054             5.00192
         2         2         1         3           0.0029443             4.94167
         2         2         1         3          0.00275328             4.88235
         2         2         1         3          0.00258976             4.82414
         2         2         1         3          0.00244814             4.76658
         2         2         1         3          0.00232426             4.70993
         2         2         1         3          0.00221495             4.65485
         2         2         1         3          0.00211775             4.59911
         2         2         1         3          0.00203074             4.54629
         2         2         1         3          0.00195239             4.49292
         2         2         1         3          0.00188144             4.44038
         2         3         1         3           0.0189119              6.1606
         2         3         1         3           0.0107845             5.21786
         2         3         1         3          0.00806727             5.12937
         2         3         1         3          0.00649346             5.05741
         2         3         1         3          0.00546275             5.00357
         2         3         1         3          0.00473687             4.95506
         2         3         1         3           0.0041978             4.90884
         2         3         1         3          0.00378129             4.86324
         2         3         1         3          0.00344953             4.81832
         2         3         1         3          0.00317884             4.77318
         2         3         1         3          0.00295363             4.72878
         2         3         1         3          0.00276324             4.68469
         2         3         1         3          0.00260008             4.64152
         2         3         1         3          0.00245864             4.59883
         2         3         1         3          0.00233482              4.5562
         2         3         1         3          0.00222549             4.51503
         2         3         1         3          0.00212821              4.4734
         2         3         1         3          0.00204108             4.43325
         2         3         1         3          0.00196258             4.39363
         2         3         1         3          0.00189147             4.35379
         3         0         1         3           0.0204273             6.53832
         3         0         1         3           0.0118055             5.73857
         3         0         1         3          0.00883441             5.61236
         3         0         1         3          0.00716868             5.54374
         3         0         1         3          0.00605504             5.49366
         3         0         1         3          0.00526198             5.45069
         3         0         1         3          0.00466878                5.41
         3         0         1         3          0.00420815              5.3706
         3         0         1         3          0.00383986             5.33114
         3         0         1         3           0.0035385             5.29211
         3         0         1         3          0.00328717             5.25285
         3         0         1         3          0.00307428             5.21469
         3         0         1         3          0.00289154             5.17523
         3         0         1         3          0.00273292             5.13627
         3         0         1         3          0.00259388             5.09828
         3         0         1         3          0.00247097              5.0613
         3         0         1         3          0.00236151             5.02304
         3         0         1         3           0.0022634             4.98685
         3         0         1         3          0.00217493             4.94934
         3         0         1         3          0.00209472             4.91305
         3         1         1         3           0.0217801             5.92861
         3         1         1         3           0.0128565             5.86064
         3         1         1         3          0.00962613             5.77261
         3         1         1         3          0.00788488             5.66433
         3         1         1         3          0.00669713             5.55097
         3         1         1         3          0.00583899             5.45319
         3         1         1         3          0.00519115             5.37027
         3         1         1         3          0.00468479             5.29891
         3         1         1         3          0.00427799             5.23671
         3         1         1         3          0.00394384             5.18159
         3         1         1         3          0.00366435             5.13164
         3         1         1         3            0.003427             5.08607
         3         1         1         3          0.00322284              5.0429
         3         1         1         3          0.00304531             5.00511
         3         1         1         3          0.00288947             4.96776
         3         1         1         3          0.00275151             4.93293
         3         1         1         3          0.00262851             4.90096
         3         1         1         3          0.00251813             4.87052
         3         1         1         3           0.0024185             4.83994
         3         1         1         3          0.00232811             4.81118
         3         2         1         3           0.0195081             4.28136
         3         2         1         3           0.0113922             3.97865
         3         2         1         3          0.00856721             3.92424
         3         2         1         3           0.0069457             3.84843
         3         2         1         3          0.00586635             3.77704
         3         2         1         3          0.00509869             3.71032
         3         2         1         3          0.00452485             3.64742
         3         2         1         3          0.00407941             3.58762
         3         2         1         3          0.00372333             3.53052
         3         2         1         3            0.003432             3.47555
         3         2         1         3          0.00318907             3.42208
         3         2         1         3          0.00298329             3.37117
         3         2         1         3          0.00280669             3.32158
         3         2         1         3           0.0026534             3.27416
         3         2         1         3          0.00251903             3.22757
         3         2         1         3          0.00240026              3.1821
         3         2         1         3           0.0022945             3.13816
         3         2         1         3          0.00219969             3.09507
         3         2         1         3           0.0021142             3.05304
         3         2         1         3          0.00203671             3.01268
         3         3         1         3           0.0202337             6.50808
         3         3         1         3           0.0115572             5.76418
         3         3         1         3          0.00863087             5.68974
         3         3         1         3          0.00697829             5.62529
         3         3         1         3           0.0058831             5.56473
         3         3         1         3          0.00510675             5.50455
         3         3         1         3           0.0045278             5.44424
         3         3         1         3          0.00407921             5.38396
         3         3         1         3          0.00372113             5.32386
         3         3         1         3           0.0034285             5.26479
         3         3         1         3          0.00318471             5.20532
         3         3         1         3          0.00297836             5.14806
         3         3         1         3           0.0028014             5.09094
         3         3         1         3          0.00264787             5.03584
         3         3         1         3          0.00251336             4.98118
         3         3         1         3          0.00239452             4.92719
         3         3         1         3          0.00228874             4.87471
         3         3         1         3          0.00219394             4.82266
         3         3         1         3          0.00210849             4.77107
         3         3         1         3          0.00203105             4.72276
         4         0         1         3            0.021271             7.71789
         4         0         1         3            0.011775             6.80981
         4         0         1         3          0.00871136             6.72762
         4         0         1         3          0.00701825             6.68101
         4         0         1         3          0.00590259             6.63908
         4         0         1         3          0.00511513             6.59578
         4         0         1         3          0.00452976             6.55023
         4         0         1         3          0.00407728             6.50274
         4         0         1         3          0.00371676             6.45418
         4         0         1         3          0.00342257             6.40431
         4         0         1         3          0.00317778             6.35415
         4         0         1         3           0.0029708             6.30394
         4         0         1         3          0.00279344             6.25415
         4         0         1         3          0.00263968             6.20526
         4         0         1         3          0.00250506             6.15605
         4         0         1         3          0.00238618             6.10717
         4         0         1         3          0.00228042             6.05945
         4         0         1         3          0.00218568             6.01171
         4         0         1         3          0.00210032             5.96487
         4         0         1         3          0.00202299             5.91933
         4         1         1         3           0.0209022             8.20272
         4         1         1         3           0.0118531             7.19166
         4         1         1         3          0.00882169             6.96134
         4         1         1         3          0.00713813             6.85315
         4         1         1         3          0.00601852             6.79391
         4         1         1         3          0.00522401              6.7564
         4         1         1         3          0.00463121             6.72919
         4         1         1         3          0.00417174             6.70749
         4         1         1         3          0.00380492             6.69007
         4         1         1         3          0.00350508             6.67348
         4         1         1         3          0.00325527             6.65795
         4         1         1         3          0.00304381             6.64558
         4         1         1         3          0.00286245             6.63104
         4         1         1         3          0.00270509             6.61764
         4         1         1         3          0.00256723              6.6059
         4         1         1         3          0.00244541             6.59353
         4         1         1         3          0.00233697             6.58115
         4         1         1         3           0.0022398             6.57103
         4         1         1         3          0.00215219             6.55867
         4         1         1         3          0.00207281             6.54759
         4         2         1         3           0.0221294              7.4176
         4         2         1         3            0.012713             6.75922
         4         2         1         3           0.0094564             6.49034
         4         2         1         3          0.00770377             6.34991
         4         2         1         3          0.00652102             6.25387
         4         2         1         3          0.00567288               6.177
         4         2         1         3          0.00503582             6.10942
         4         2         1         3          0.00453975             6.04698
         4         2         1         3          0.00414234             5.98713
         4         2         1         3          0.00381663             5.92902
         4         2         1         3           0.0035447             5.87239
         4         2         1         3           0.0033141             5.81664
         4         2         1         3          0.00311602             5.76223
         4         2         1         3          0.00294394             5.70679
         4         2         1         3          0.00279304             5.65357
         4         2         1         3          0.00265957             5.60133
         4         2         1         3          0.00254065             5.54926
         4         2         1         3          0.00243399             5.49682
         4         2         1         3          0.00233779             5.44658
         4         2         1         3          0.00225056             5.39617
         4         3         1         3            0.021125             7.63635
         4         3         1         3           0.0122191             6.73691
         4         3         1         3          0.00912516             6.53884
         4         3         1         3           0.0074257             6.42477
         4         3         1         3          0.00628038             6.34461
         4         3         1         3           0.0054616              6.2781
         4         3         1         3           0.0048477             6.21832
         4         3         1         3           0.0043702             6.16311
         4         3         1         3          0.00398798             6.11067
         4         3         1         3          0.00367491             6.06046
         4         3         1         3          0.00341365              6.0125
         4         3         1         3          0.00319219             5.96524
         4         3         1         3            0.003002             5.92026
         4         3         1         3          0.00283685             5.87694
         4         3         1         3          0.00269203             5.83399
         4         3         1         3          0.00256398             5.79233
         4         3         1         3          0.00244989             5.75191
         4         3         1         3          0.00234761             5.71288
         4         3         1         3          0.00225535             5.67431
         4         3         1         3          0.00217171              5.6363
         5         0         1         3           0.0206259             7.53254
         5         0         1         3           0.0117701             6.77033
         5         0         1         3          0.00877883             6.68807
         5         0         1         3          0.00710668             6.63322
         5         0         1         3          0.00599432             6.58715
         5         0         1         3          0.00520452             6.54228
         5         0         1         3          0.00461497             6.49636
         5         0         1         3          0.00415785             6.44949
         5         0         1         3          0.00379279             6.40194
         5         0         1         3          0.00349434             6.35222
         5         0         1         3          0.00324562             6.30218
         5         0         1         3          0.00303507             6.25418
         5         0         1         3          0.00285445             6.20332
         5         0         1         3          0.00269772             6.15369
         5         0         1         3          0.00256039             6.10482
         5         0         1         3          0.00243904             6.05606
         5         0         1         3            0.002331             6.00692
         5         0         1         3          0.00223419             5.95962
         5         0         1         3           0.0021469             5.91199
         5         0         1         3           0.0020678             5.86563
         5         1         1         3           0.0220218             8.52866
         5         1         1         3             0.01162             8.15724
         5         1         1         3          0.00849843             8.12722
         5         1         1         3          0.00679316             8.00093
         5         1         1         3          0.00568731             7.85393
         5         1         1         3          0.00491437             7.70204
         5         1         1         3          0.00434361             7.55072
         5         1         1         3          0.00390455             7.40216
         5         1         1         3          0.00355605             7.25713
         5         1         1         3          0.00327248             7.11553
         5         1         1         3          0.00303709             6.97949
         5         1         1         3          0.00283847             6.84562
         5         1         1         3          0.00266852             6.71711
         5         1         1         3          0.00252141              6.5922
         5         1         1         3          0.00239276             6.47018
         5         1         1         3           0.0022793             6.35278
         5         1         1         3          0.00217843             6.23735
         5         1         1         3          0.00208816             6.12627
         5         1         1         3          0.00200688             6.01895
         5         1         1         3          0.00193331             5.91319
         5         2         1         3           0.0211579             9.36289
         5         2         1         3            0.012149             8.23234
         5         2         1         3           0.0090577             8.07029
         5         2         1         3           0.0073589             7.96723
         5         2         1         3          0.00621785             7.87444
         5         2         1         3          0.00540392             7.77899
         5         2         1         3          0.00479455             7.67957
         5         2         1         3          0.00432108              7.5776
         5         2         1         3          0.00394239             7.47413
         5         2         1         3          0.00363242             7.37021
         5         2         1         3          0.00337387             7.26612
         5         2         1         3          0.00315481              7.1629
         5         2         1         3          0.00296674             7.06016
         5         2         1         3          0.00280349             6.95975
         5         2         1         3          0.00266038             6.86071
         5         2         1         3          0.00253386             6.76293
         5         2         1         3          0.00242116             6.66635
         5         2         1         3          0.00232014             6.57243
         5         2         1         3          0.00222904             6.48007
         5         2         1         3          0.00214645             6.38888
         5         3         1         3           0.0227743             14.1024
         5         3         1         3            0.012894             12.6294
         5         3         1         3          0.00954382             12.4513
         5         3         1         3          0.00776466             12.4093
         5         3         1         3          0.00656669             12.3435
         5         3         1         3          0.00570878             12.2592
         5         3         1         3          0.00506509             12.1613
         5         3         1         3          0.00456429             12.0551
         5         3         1         3          0.00416337             11.9436
         5         3         1         3          0.00383498             11.8283
         5         3         1         3          0.00356093             11.7118
         5         3         1         3          0.00332863             11.5949
         5         3         1         3          0.00312915             11.4791
         5         3         1         3          0.00295592              11.362
         5         3         1         3          0.00280403             11.2476
         5         3         1         3          0.00266973             11.1344
         5         3         1         3          0.00255009             11.0226
         5         3         1         3           0.0024428             10.9122
         5         3         1         3          0.00234604             10.8032
         5         3         1         3          0.00225832             10.6973
         6         0         1         3           0.0210932              7.4589
         6         0         1         3           0.0120284             6.60731
         6         0         1         3          0.00895678             6.46968
         6         0         1         3          0.00726294             6.38946
         6         0         1         3          0.00613027             6.33038
         6         0         1         3          0.00532433              6.2805
         6         0         1         3          0.00472196             6.23537
         6         0         1         3           0.0042545             6.19421
         6         0         1         3          0.00388094             6.15653
         6         0         1         3           0.0035754             6.11989
         6         0         1         3          0.00332067             6.08638
         6         0         1         3          0.00310496             6.05421
         6         0         1         3          0.00291985             6.02317
         6         0         1         3           0.0027592             5.99444
         6         0         1         3          0.00261842             5.96736
         6         0         1         3          0.00249399             5.94186
         6         0         1         3          0.00238319             5.91657
         6         0         1         3          0.00228389             5.89254
         6         0         1         3          0.00219435             5.86903
         6         0         1         3          0.00211319             5.84689
         6         1         1         3           0.0199965             7.99579
         6         1         1         3           0.0117537             6.96331
         6         1         1         3           0.0088404             6.82253
         6         1         1         3          0.00719206             6.73661
         6         1         1         3          0.00608477             6.66609
         6         1         1         3          0.00529369             6.60064
         6         1         1         3           0.0047006              6.5364
         6         1         1         3          0.00423927             6.47274
         6         1         1         3          0.00386992             6.41011
         6         1         1         3          0.00356738             6.34796
         6         1         1         3          0.00331484             6.28577
         6         1         1         3          0.00310077             6.22536
         6         1         1         3          0.00291691             6.16349
         6         1         1         3          0.00275723             6.10432
         6         1         1         3          0.00261721             6.04626
         6         1         1         3          0.00249337             5.98857
         6         1         1         3          0.00238305             5.93215
         6         1         1         3          0.00228414             5.87633
         6         1         1         3          0.00219491             5.82093
         6         1         1         3          0.00211401             5.76676
         6         2         1         3           0.0226749             7.40946
         6         2         1         3           0.0130694             7.10835
         6         2         1         3          0.00970391             6.99498
         6         2         1         3          0.00792983             6.89312
         6         2         1         3          0.00672277             6.75686
         6         2         1         3          0.00585348             6.62092
         6         2         1         3          0.00519885              6.4918
         6         2         1         3          0.00468818             6.37114
         6         2         1         3          0.00427853             6.25887
         6         2         1         3          0.00394245             6.15466
         6         2         1         3          0.00366163             6.05665
         6         2         1         3          0.00342335             5.96564
         6         2         1         3          0.00321854              5.8783
         6         2         1         3          0.00304055             5.79829
         6         2         1         3          0.00288439             5.72027
         6         2         1         3          0.00274622             5.64608
         6         2         1         3          0.00262307             5.57631
         6         2         1         3          0.00251261             5.51035
         6         2         1         3          0.00241293             5.44523
         6         2         1         3          0.00232252             5.38282
         6         3         1         3           0.0219153             7.34169
         6         3         1         3           0.0125747             6.64257
         6         3         1         3          0.00935582              6.4713
         6         3         1         3          0.00761591             6.39676
         6         3         1         3          0.00644298             6.35004
         6         3         1         3          0.00560319             6.30993
         6         3         1         3          0.00497303             6.27059
         6         3         1         3          0.00448265             6.23054
         6         3         1         3          0.00408999             6.18904
         6         3         1         3           0.0037683             6.14599
         6         3         1         3           0.0034998             6.10105
         6         3         1         3          0.00327218              6.0556
         6         3         1         3          0.00307669             6.00991
         6         3         1         3          0.00290691             5.96178
         6         3         1         3          0.00275802             5.91486
         6         3         1         3          0.00262636             5.86856
         6         3         1         3          0.00250907             5.82111
         6         3         1         3          0.00240388             5.77266
         6         3         1         3          0.00230902             5.72511
         6         3         1         3            0.002223             5.67812
         7         0         1         3           0.0230386             7.25113
         7         0         1         3           0.0127577             6.86803
         7         0         1         3          0.00939463             6.75694
         7         0         1         3          0.00761271             6.67224
         7         0         1         3          0.00642151             6.59094
         7         0         1         3          0.00557332             6.51069
         7         0         1         3          0.00493939             6.43014
         7         0         1         3          0.00444756             6.34935
         7         0         1         3          0.00405467               6.268
         7         0         1         3          0.00373338             6.18564
         7         0         1         3          0.00346562             6.10364
         7         0         1         3          0.00323892             6.02084
         7         0         1         3          0.00304442             5.94096
         7         0         1         3          0.00287567             5.85895
         7         0         1         3          0.00272779             5.77776
         7         0         1         3          0.00259712             5.69853
         7         0         1         3          0.00248077             5.62055
         7         0         1         3           0.0023765             5.54275
         7         0         1         3           0.0022825             5.46642
         7         0         1         3          0.00219731             5.39111
         7         1         1         3           0.0216785             8.22848
         7         1         1         3           0.0125362              7.4125
         7         1         1         3          0.00934905             7.13533
         7         1         1         3          0.00761856             6.98534
         7         1         1         3          0.00644967             6.88415
         7         1         1         3          0.00561168              6.8017
         7         1         1         3          0.00498226             6.72791
         7         1         1         3           0.0044921             6.65916
         7         1         1         3          0.00409941             6.59263
         7         1         1         3          0.00377755             6.52957
         7         1         1         3          0.00350881             6.46582
         7         1         1         3          0.00328091             6.40357
         7         1         1         3          0.00308514             6.34444
         7         1         1         3          0.00291507             6.28287
         7         1         1         3           0.0027659             6.22384
         7         1         1         3          0.00263397             6.16657
         7         1         1         3          0.00251642             6.10917
         7         1         1         3          0.00241099               6.053
         7         1         1         3          0.00231589             5.99686
         7         1         1         3          0.00222966             5.94292
         7         2         1         3           0.0228221             8.08258
         7         2         1         3           0.0133587             7.31972
         7         2         1         3          0.00991376             7.06076
         7         2         1         3          0.00815748             7.01831
         7         2         1         3          0.00693444             6.94896
         7         2         1         3          0.00604789             6.88947
         7         2         1         3          0.00537745             6.83673
         7         2         1         3          0.00485287             6.78806
         7         2         1         3          0.00443112              6.7436
         7         2         1         3          0.00408452             6.70148
         7         2         1         3          0.00379448              6.6634
         7         2         1         3          0.00354811             6.62683
         7         2         1         3          0.00333613             6.59169
         7         2         1         3          0.00315176             6.55874
         7         2         1         3          0.00298986              6.5285
         7         2         1         3          0.00284656             6.49923
         7         2         1         3          0.00271876             6.47103
         7         2         1         3          0.00260405             6.44487
         7         2         1         3          0.00250051             6.42073
         7         2         1         3          0.00240655             6.39585
         7         3         1         3           0.0244298             7.28176
         7         3         1         3           0.0134205             6.84008
         7         3         1         3          0.00980859             6.64132
         7         3         1         3          0.00798143              6.5826
         7         3         1         3          0.00674252             6.51059
         7         3         1         3          0.00585595             6.44693
         7         3         1         3          0.00519147             6.38713
         7         3         1         3          0.00467501             6.32883
         7         3         1         3           0.0042619             6.27099
         7         3         1         3          0.00392376             6.21252
         7         3         1         3          0.00364175             6.15441
         7         3         1         3          0.00340284             6.09584
         7         3         1         3          0.00319776             6.03552
         7         3         1         3          0.00301973             5.97699
         7         3         1         3           0.0028637             5.91648
         7         3         1         3          0.00272577             5.85579
         7         3         1         3          0.00260292             5.79596
         7         3         1         3           0.0024928             5.73599
         7         3         1         3          0.00239349             5.67606
         7         3         1         3          0.00230348             5.61652
         8         0         1         3           0.0225603             8.55056
         8         0         1         3           0.0132626             7.77083
         8         0         1         3          0.00986793             7.49229
         8         0         1         3           0.0081154             7.41905
         8         0         1         3          0.00689961             7.33479
         8         0         1         3          0.00601832             7.26834
         8         0         1         3          0.00535179             7.21499
         8         0         1         3          0.00483021             7.17071
         8         0         1         3          0.00441082             7.13456
         8         0         1         3          0.00406613             7.10443
         8         0         1         3          0.00377767             7.08001
         8         0         1         3          0.00353262             7.05914
         8         0         1         3          0.00332176              7.0429
         8         0         1         3          0.00313836             7.03048
         8         0         1         3          0.00297731             7.02038
         8         0         1         3          0.00283474             7.01407
         8         0         1         3           0.0027076             7.00841
         8         0         1         3          0.00259347             7.00603
         8         0         1         3          0.00249045             7.00649
         8         0         1         3          0.00239697             7.00756
         8         1         1         3           0.0240021              7.5698
         8         1         1         3           0.0136461             8.03498
         8         1         1         3           0.0100167             7.91394
         8         1         1         3          0.00822637             7.83709
         8         1         1         3          0.00697852             7.68789
         8         1         1         3          0.00607715             7.55597
         8         1         1         3          0.00539735             7.43976
         8         1         1         3          0.00486658             7.33426
         8         1         1         3          0.00444058             7.23757
         8         1         1         3          0.00409096             7.14737
         8         1         1         3          0.00379872             7.06045
         8         1         1         3          0.00355072             6.97813
         8         1         1         3          0.00333751             6.89881
         8         1         1         3           0.0031522             6.82055
         8         1         1         3          0.00298958             6.74751
         8         1         1         3          0.00284571             6.67434
         8         1         1         3          0.00271746             6.60261
         8         1         1         3           0.0026024             6.53247
         8         1         1         3          0.00249858             6.46593
         8         1         1         3           0.0024044             6.39892
         8         2         1         3           0.0249238             8.13399
         8         2         1         3           0.0147745             7.38234
         8         2         1         3           0.0109777             7.06252
         8         2         1         3          0.00903494             7.09096
         8         2         1         3          0.00773625             7.06623
         8         2         1         3          0.00677477             7.03743
         8         2         1         3          0.00603913             7.00343
         8         2         1         3          0.00545894             6.96484
         8         2         1         3          0.00498978             6.92145
         8         2         1         3           0.0046025             6.87474
         8         2         1         3           0.0042773             6.82564
         8         2         1         3          0.00400027              6.7749
         8         2         1         3          0.00376135             6.72219
         8         2         1         3          0.00355314              6.6687
         8         2         1         3          0.00336999             6.61446
         8         2         1         3          0.00320761             6.56008
         8         2         1         3          0.00306262             6.50621
         8         2         1         3          0.00293233              6.4501
         8         2         1         3          0.00281461             6.39704
         8         2         1         3          0.00270768             6.34208
         8         3         1         3           0.0244492             6.55539
         8         3         1         3           0.0139114             6.31367
         8         3         1         3           0.0102002             6.16271
         8         3         1         3          0.00838564             6.21641
         8         3         1         3          0.00712086             6.19519
         8         3         1         3           0.0062048             6.17023
         8         3         1         3          0.00551267             6.14105
         8         3         1         3          0.00497161             6.10723
         8         3         1         3          0.00453696             6.06978
         8         3         1         3          0.00418002             6.02865
         8         3         1         3           0.0038815             5.98455
         8         3         1         3          0.00362807             5.93855
         8         3         1         3          0.00341011             5.89089
         8         3         1         3           0.0032206             5.83981
         8         3         1         3          0.00305427             5.78977
         8         3         1         3          0.00290707             5.73597
         8         3         1         3          0.00277583             5.68333
         8         3         1         3          0.00265807             5.63031
         8         3         1         3           0.0025518             5.57629
         8         3         1         3          0.00245537              5.5212
         9         0         1         3           0.0236563             7.54613
         9         0         1         3           0.0130712             7.20895
         9         0         1         3          0.00960347             7.07517
         9         0         1         3          0.00779306             7.00796
         9         0         1         3          0.00657904             6.93723
         9         0         1         3          0.00571238             6.86871
         9         0         1         3          0.00506365             6.80017
         9         0         1         3          0.00455985             6.73085
         9         0         1         3           0.0041571             6.66004
         9         0         1         3          0.00382757             6.58814
         9         0         1         3          0.00355283              6.5145
         9         0         1         3          0.00332013             6.43982
         9         0         1         3          0.00312044             6.36516
         9         0         1         3          0.00294712             6.28897
         9         0         1         3          0.00279523             6.21436
         9         0         1         3          0.00266098             6.13871
         9         0         1         3          0.00254143             6.06347
         9         0         1         3          0.00243426             5.98878
         9         0         1         3          0.00233764             5.91374
         9         0         1         3          0.00225006             5.84077
         9         1         1         3           0.0235511             7.19016
         9         1         1         3           0.0132706             6.92171
         9         1         1         3          0.00977517             6.82572
         9         1         1         3          0.00797408             6.82693
         9         1         1         3          0.00674933             6.80105
         9         1         1         3          0.00586974             6.77155
         9         1         1         3          0.00520877             6.73805
         9         1         1         3            0.004694             6.69997
         9         1         1         3          0.00428161             6.65782
         9         1         1         3          0.00394364             6.61178
         9         1         1         3          0.00366148             6.56286
         9         1         1         3          0.00342225             6.51127
         9         1         1         3          0.00321674             6.45593
         9         1         1         3          0.00303824             6.40131
         9         1         1         3           0.0028817             6.34272
         9         1         1         3          0.00274325              6.2825
         9         1         1         3          0.00261991              6.2237
         9         1         1         3          0.00250929             6.16323
         9         1         1         3           0.0024095             6.10163
         9         1         1         3          0.00231903             6.03924
         9         2         1         3           0.0235161             7.80755
         9         2         1         3           0.0134178             7.45397
         9         2         1         3          0.00988924              7.2748
         9         2         1         3          0.00810334             7.24669
         9         2         1         3          0.00687108             7.18487
         9         2         1         3          0.00598238             7.12673
         9         2         1         3          0.00531272             7.06974
         9         2         1         3          0.00479016              7.0118
         9         2         1         3           0.0043709              6.9532
         9         2         1         3          0.00402692             6.89301
         9         2         1         3          0.00373946             6.83085
         9         2         1         3          0.00349556             6.76754
         9         2         1         3           0.0032859             6.70288
         9         2         1         3          0.00310369              6.6389
         9         2         1         3          0.00294382              6.5725
         9         2         1         3          0.00280238             6.50678
         9         2         1         3          0.00267632             6.44059
         9         2         1         3          0.00256322             6.37327
         9         2         1         3          0.00246117              6.3067
         9         2         1         3          0.00236862             6.24038
         9         3         1         3           0.0238046             7.24024
         9         3         1         3           0.0135749             7.03984
         9         3         1         3           0.0099803              6.9075
         9         3         1         3          0.00819459             6.92667
         9         3         1         3          0.00695196             6.89137
         9         3         1         3          0.00605443             6.85273
         9         3         1         3          0.00537751             6.81078
         9         3         1         3          0.00484898             6.76471
         9         3         1         3          0.00442475             6.71574
         9         3         1         3          0.00407658              6.6635
         9         3         1         3          0.00378554             6.60901
         9         3         1         3          0.00353855             6.55092
         9         3         1         3           0.0033262             6.49223
         9         3         1         3          0.00314163             6.43164
         9         3         1         3          0.00297966             6.36984
         9         3         1         3          0.00283636             6.30865
         9         3         1         3          0.00270862             6.24469
         9         3         1         3          0.00259401             6.18214
         9         3         1         3          0.00249059             6.11934
         9         3         1         3          0.00239678             6.05525
        10         0         1         3            0.025209              9.0571
        10         0         1         3            0.014155             8.23438
        10         0         1         3           0.0103435             7.98463
        10         0         1         3           0.0084827             8.08557
        10         0         1         3          0.00719995             8.07605
        10         0         1         3          0.00627123             8.05068
        10         0         1         3          0.00556982             8.01268
        10         0         1         3          0.00502172             7.96513
        10         0         1         3          0.00458157             7.91124
        10         0         1         3          0.00422022             7.85332
        10         0         1         3          0.00391811             7.79176
        10         0         1         3          0.00366166               7.728
        10         0         1         3          0.00344118             7.66267
        10         0         1         3           0.0032495             7.59648
        10         0         1         3          0.00308129             7.53163
        10         0         1         3          0.00293243             7.46444
        10         0         1         3          0.00279975             7.39916
        10         0         1         3           0.0026807             7.33444
        10         0         1         3          0.00257327             7.26815
        10         0         1         3          0.00247581             7.20424
        10         1         1         3           0.0266693             7.96504
        10         1         1         3           0.0146712             7.78268
        10         1         1         3           0.0106681             7.57156
        10         1         1         3          0.00871071             7.66524
        10         1         1         3          0.00739383             7.66272
        10         1         1         3          0.00643863             7.65066
        10         1         1         3          0.00571686             7.63224
        10         1         1         3          0.00515278              7.6075
        10         1         1         3          0.00469982             7.57716
        10         1         1         3          0.00432798              7.5421
        10         1         1         3          0.00401714             7.50234
        10         1         1         3          0.00375329             7.45848
        10         1         1         3          0.00352647             7.41175
        10         1         1         3          0.00332931              7.3617
        10         1         1         3           0.0031563             7.30945
        10         1         1         3           0.0030032             7.25563
        10         1         1         3          0.00286675             7.19962
        10         1         1         3          0.00274433             7.14146
        10         1         1         3          0.00263386              7.0843
        10         1         1         3          0.00253366             7.02469
        10         2         1         3           0.0264476             9.19143
        10         2         1         3           0.0148328             8.53747
        10         2         1         3           0.0108428             8.32145
        10         2         1         3          0.00886597             8.43357
        10         2         1         3          0.00754638              8.4267
        10         2         1         3           0.0065823             8.39261
        10         2         1         3          0.00585094             8.34603
        10         2         1         3           0.0052778             8.29284
        10         2         1         3           0.0048166             8.23579
        10         2         1         3          0.00443737             8.17784
        10         2         1         3          0.00411993              8.1192
        10         2         1         3           0.0038502             8.06101
        10         2         1         3          0.00361811              8.0033
        10         2         1         3          0.00341621             7.94614
        10         2         1         3          0.00323892             7.89087
        10         2         1         3          0.00308196             7.83864
        10         2         1         3          0.00294197             7.78342
        10         2         1         3          0.00281634             7.73218
        10         2         1         3          0.00270292             7.68128
        10         2         1         3              0.0026             7.63166
        10         3         1         3           0.0263526             7.24673
        10         3         1         3           0.0149112             7.03194
        10         3         1         3           0.0109275             6.88113
        10         3         1         3          0.00894069             6.98382
        10         3         1         3          0.00762008             6.99312
        10         3         1         3          0.00665187             6.98191
        10         3         1         3          0.00591599             6.95795
        10         3         1         3          0.00533854             6.92469
        10         3         1         3          0.00487339              6.8836
        10         3         1         3          0.00449061             6.83732
        10         3         1         3          0.00416999             6.78662
        10         3         1         3          0.00389742             6.73217
        10         3         1         3          0.00366279             6.67531
        10         3         1         3           0.0034586             6.61779
        10         3         1         3          0.00327924             6.55646
        10         3         1         3           0.0031204             6.49621
        10         3         1         3           0.0029787             6.43396
        10         3         1         3          0.00285151               6.372
        10         3         1         3          0.00273666             6.30863
        10         3         1         3          0.00263242             6.24693
        11         0         1         3           0.0231438             8.06079
        11         0         1         3            0.013868             7.37578
        11         0         1         3           0.0103313             7.09414
        11         0         1         3          0.00854998             7.10327
        11         0         1         3          0.00730075             7.04039
        11         0         1         3          0.00638572             6.98833
        11         0         1         3           0.0056887              6.9455
        11         0         1         3           0.0051405             6.91064
        11         0         1         3          0.00469807             6.88273
        11         0         1         3          0.00433338             6.86128
        11         0         1         3          0.00402748             6.84522
        11         0         1         3          0.00376709             6.83398
        11         0         1         3          0.00354271             6.82572
        11         0         1         3          0.00334725             6.82276
        11         0         1         3          0.00317543             6.82128
        11         0         1         3          0.00302314             6.82452
        11         0         1         3          0.00288723             6.82952
        11         0         1         3          0.00276514             6.83673
        11         0         1         3          0.00265484              6.8481
        11         0         1         3           0.0025547             6.85901
        11         1         1         3           0.0255192             6.72925
        11         1         1         3           0.0146701              6.7083
        11         1         1         3           0.0107997             6.67485
        11         1         1         3          0.00886056             6.78247
        11         1         1         3          0.00755627             6.75138
        11         1         1         3          0.00659999             6.68776
        11         1         1         3           0.0058726             6.61359
        11         1         1         3          0.00530139             6.53648
        11         1         1         3          0.00484099              6.4589
        11         1         1         3          0.00446193             6.38283
        11         1         1         3          0.00414429             6.30781
        11         1         1         3          0.00387416              6.2349
        11         1         1         3          0.00364154             6.16294
        11         1         1         3          0.00343906              6.0924
        11         1         1         3          0.00326115             6.02359
        11         1         1         3          0.00310356             5.95705
        11         1         1         3          0.00296296                5.89
        11         1         1         3          0.00283673             5.82599
        11         1         1         3          0.00272272             5.76183
        11         1         1         3          0.00261924              5.6992
        11         2         1         3           0.0283762              8.4444
        11         2         1         3           0.0165769             8.37863
        11         2         1         3           0.0122729             8.15535
        11         2         1         3          0.00996108             8.10924
        11         2         1         3           0.0086007             8.19697
        11         2         1         3          0.00755809             8.21147
        11         2         1         3          0.00675145             8.22067
        11         2         1         3          0.00611057             8.22426
        11         2         1         3          0.00558968              8.2228
        11         2         1         3          0.00515809             8.21571
        11         2         1         3          0.00479465              8.2042
        11         2         1         3          0.00448434             8.18838
        11         2         1         3          0.00421623             8.16687
        11         2         1         3          0.00398221             8.14504
        11         2         1         3           0.0037761             8.11835
        11         2         1         3          0.00359317             8.08846
        11         2         1         3          0.00342965             8.05604
        11         2         1         3          0.00328259             8.02077
        11         2         1         3           0.0031496             7.98384
        11         2         1         3          0.00302873             7.94643
        11         3         1         3           0.0286787             7.56131
        11         3         1         3           0.0160793             7.40186
        11         3         1         3           0.0117607             7.21874
        11         3         1         3          0.00956925             7.30071
        11         3         1         3          0.00817981             7.32507
        11         3         1         3          0.00715677             7.35028
        11         3         1         3          0.00637337             7.36594
        11         3         1         3          0.00575576             7.37268
        11         3         1         3          0.00525665             7.37149
        11         3         1         3          0.00484496             7.36306
        11         3         1         3          0.00449949             7.34857
        11         3         1         3          0.00420537             7.32819
        11         3         1         3          0.00395187             7.30346
        11         3         1         3          0.00373105             7.27506
        11         3         1         3          0.00353693             7.24286
        11         3         1         3          0.00336488             7.20806
        11         3         1         3          0.00321131             7.16817
        11         3         1         3          0.00307336             7.13019
        11         3         1         3          0.00294874             7.08625
        11         3         1         3           0.0028356             7.04386
