      *tel    numcsi         Z         A               AZ2/E               Leff
         0         0         1         1             0.11162          0.00935081
         0         0         1         1           0.0509569          0.00869667
         0         0         1         1           0.0330144          0.00817958
         0         0         1         1           0.0244169          0.00777205
         0         0         1         1           0.0193721          0.00744958
         0         0         1         1           0.0160549          0.00719066
         0         0         1         1           0.0137077          0.00697676
         0         0         1         1           0.0119593          0.00679237
         0         0         1         1           0.0106064          0.00662494
         0         0         1         1          0.00952854          0.00646493
         0         0         1         1          0.00864952          0.00630579
         0         0         1         1          0.00791899          0.00614395
         0         0         1         1          0.00730224          0.00597884
         0         0         1         1          0.00677462          0.00581289
         0         0         1         1          0.00631811           0.0056515
         0         0         1         1          0.00591924          0.00550308
         0         0         1         1          0.00556774          0.00537902
         0         0         1         1          0.00525565          0.00529372
         0         0         1         1          0.00497669          0.00526454
         0         0         1         1          0.00472585          0.00531185
         0         1         1         1            0.119139          0.00935471
         0         1         1         1           0.0525357          0.00883197
         0         1         1         1           0.0336975          0.00840331
         0         1         1         1           0.0248034          0.00804972
         0         1         1         1            0.019624          0.00775432
         0         1         1         1            0.016234          0.00750239
         0         1         1         1           0.0138427          0.00728132
         0         1         1         1           0.0120654          0.00708065
         0         1         1         1           0.0106926          0.00689205
         0         1         1         1          0.00960026          0.00670933
         0         1         1         1          0.00871042          0.00652842
         0         1         1         1          0.00797154          0.00634739
         0         1         1         1          0.00734822          0.00616646
         0         1         1         1          0.00681531          0.00598797
         0         1         1         1          0.00635446           0.0058164
         0         1         1         1            0.005952          0.00565835
         0         1         1         1          0.00559748          0.00552259
         0         1         1         1          0.00528281          0.00541999
         0         1         1         1          0.00500164          0.00536356
         0         1         1         1          0.00474889          0.00536847
         0         2         1         1            0.106777          0.00964977
         0         2         1         1           0.0492961          0.00915098
         0         2         1         1           0.0320453          0.00871824
         0         2         1         1           0.0237383          0.00834006
         0         2         1         1           0.0188515           0.0080062
         0         2         1         1           0.0156332          0.00770763
         0         2         1         1           0.0133535          0.00743656
         0         2         1         1           0.0116541           0.0071864
         0         2         1         1           0.0103383          0.00695183
         0         2         1         1          0.00928958          0.00672872
         0         2         1         1            0.008434          0.00651418
         0         2         1         1          0.00772272          0.00630655
         0         2         1         1          0.00712209          0.00610539
         0         2         1         1          0.00660814           0.0059115
         0         2         1         1          0.00616338           0.0057269
         0         2         1         1          0.00577471          0.00555482
         0         2         1         1          0.00543215          0.00539973
         0         2         1         1          0.00512796          0.00526735
         0         2         1         1          0.00485603          0.00516459
         0         2         1         1          0.00461149           0.0050996
         0         3         1         1            0.109144          0.00985786
         0         3         1         1           0.0507273          0.00917218
         0         3         1         1           0.0330422          0.00862445
         0         3         1         1           0.0245006          0.00818782
         0         3         1         1            0.019468          0.00783832
         0         3         1         1           0.0161505           0.0075548
         0         3         1         1           0.0137991            0.007319
         0         3         1         1           0.0120453          0.00711551
         0         3         1         1           0.0106871          0.00693177
         0         3         1         1          0.00960414          0.00675808
         0         3         1         1          0.00872046          0.00658761
         0         3         1         1          0.00798569          0.00641637
         0         3         1         1          0.00736513          0.00624325
         0         3         1         1          0.00683405          0.00606997
         0         3         1         1          0.00637442          0.00590114
         0         3         1         1          0.00597271           0.0057442
         0         3         1         1          0.00561863          0.00560945
         0         3         1         1          0.00530419          0.00551008
         0         3         1         1          0.00502307          0.00546209
         0         3         1         1          0.00477025          0.00548439
         1         0         1         1            0.115334           0.0096602
         1         0         1         1           0.0538959          0.00905702
         1         0         1         1           0.0351641           0.0085967
         1         0         1         1           0.0260947          0.00824999
         1         0         1         1           0.0207444          0.00799082
         1         0         1         1           0.0172148          0.00779629
         1         0         1         1           0.0147116          0.00764666
         1         0         1         1            0.012844          0.00752538
         1         0         1         1           0.0113972          0.00741905
         1         0         1         1           0.0102433          0.00731746
         1         0         1         1          0.00930157          0.00721356
         1         0         1         1          0.00851843          0.00710347
         1         0         1         1          0.00785692          0.00698648
         1         0         1         1          0.00729075          0.00686505
         1         0         1         1          0.00680069          0.00674483
         1         0         1         1          0.00637236          0.00663462
         1         0         1         1          0.00599479          0.00654638
         1         0         1         1          0.00565946          0.00649528
         1         0         1         1          0.00535965          0.00649962
         1         0         1         1          0.00509001          0.00658089
         1         1         1         1            0.109101          0.00926041
         1         1         1         1           0.0510878          0.00884283
         1         1         1         1           0.0333528          0.00847955
         1         1         1         1           0.0247581          0.00816068
         1         1         1         1           0.0196854          0.00787745
         1         1         1         1           0.0163379          0.00762212
         1         1         1         1           0.0139634          0.00738805
         1         1         1         1           0.0121915          0.00716967
         1         1         1         1           0.0108187          0.00696248
         1         1         1         1          0.00972378          0.00676305
         1         1         1         1           0.0088301          0.00656903
         1         1         1         1          0.00808687          0.00637914
         1         1         1         1          0.00745903          0.00619319
         1         1         1         1          0.00692166          0.00601204
         1         1         1         1          0.00645652          0.00583763
         1         1         1         1          0.00604995          0.00567299
         1         1         1         1          0.00569156          0.00552221
         1         1         1         1          0.00537325          0.00539045
         1         1         1         1          0.00508866          0.00528395
         1         1         1         1           0.0048327          0.00521004
         1         2         1         1            0.109076          0.00969236
         1         2         1         1           0.0498543          0.00910671
         1         2         1         1           0.0323113          0.00861639
         1         2         1         1           0.0239009          0.00820325
         1         2         1         1           0.0189645          0.00785116
         1         2         1         1           0.0157182          0.00754596
         1         2         1         1           0.0134208          0.00727553
         1         2         1         1           0.0117094          0.00702971
         1         2         1         1           0.0103851          0.00680037
         1         2         1         1          0.00932987          0.00658135
         1         2         1         1          0.00846933          0.00636852
         1         2         1         1          0.00775413          0.00615972
         1         2         1         1          0.00715031           0.0059548
         1         2         1         1          0.00663373          0.00575562
         1         2         1         1          0.00618677          0.00556603
         1         2         1         1          0.00579624          0.00539188
         1         2         1         1          0.00545208          0.00524102
         1         2         1         1           0.0051465          0.00512329
         1         2         1         1          0.00487336          0.00505054
         1         2         1         1          0.00462775          0.00503663
         1         3         1         1            0.103162          0.00944685
         1         3         1         1           0.0487725          0.00886196
         1         3         1         1           0.0319354          0.00836913
         1         3         1         1           0.0237399          0.00795177
         1         3         1         1           0.0188918            0.007595
         1         3         1         1            0.015688          0.00728568
         1         3         1         1           0.0134133          0.00701242
         1         3         1         1           0.0117147          0.00676555
         1         3         1         1            0.010398          0.00653711
         1         3         1         1          0.00934734          0.00632091
         1         3         1         1          0.00848953          0.00611246
         1         3         1         1          0.00777592          0.00590904
         1         3         1         1          0.00717299          0.00570963
         1         3         1         1          0.00665682          0.00551494
         1         3         1         1          0.00620996          0.00532745
         1         3         1         1          0.00581931          0.00515134
         1         3         1         1          0.00547491          0.00499252
         1         3         1         1          0.00516899          0.00485866
         1         3         1         1          0.00489545          0.00475914
         1         3         1         1          0.00464941          0.00470507
         2         0         1         1            0.112917           0.0091076
         2         0         1         1           0.0548873          0.00862681
         2         0         1         1           0.0362552          0.00825775
         2         0         1         1            0.027067          0.00797809
         2         0         1         1           0.0215944           0.0077679
         2         0         1         1           0.0179625          0.00760955
         2         0         1         1           0.0153764           0.0074878
         2         0         1         1           0.0134413          0.00738973
         2         0         1         1           0.0119388          0.00730479
         2         0         1         1           0.0107384          0.00722476
         2         0         1         1          0.00975735          0.00714378
         2         0         1         1          0.00894055          0.00705835
         2         0         1         1          0.00824994          0.00696729
         2         0         1         1          0.00765837           0.0068718
         2         0         1         1          0.00714597           0.0067754
         2         0         1         1          0.00669783          0.00668398
         2         0         1         1          0.00630258          0.00660577
         2         0         1         1          0.00595138          0.00655135
         2         0         1         1          0.00563725          0.00653365
         2         0         1         1          0.00535462          0.00656796
         2         1         1         1            0.110456          0.00875384
         2         1         1         1            0.049191          0.00803721
         2         1         1         1           0.0316411          0.00747477
         2         1         1         1           0.0233209          0.00703615
         2         1         1         1           0.0184653          0.00669423
         2         1         1         1           0.0152832          0.00642508
         2         1         1         1           0.0130367          0.00620801
         2         1         1         1           0.0113659          0.00602555
         2         1         1         1           0.0100748          0.00586345
         2         1         1         1          0.00904703          0.00571069
         2         1         1         1          0.00820957          0.00555947
         2         1         1         1          0.00751402          0.00540521
         2         1         1         1          0.00692712          0.00524656
         2         1         1         1          0.00642526          0.00508537
         2         1         1         1           0.0059912          0.00492675
         2         1         1         1          0.00561208            0.004779
         2         1         1         1          0.00527809          0.00465366
         2         1         1         1          0.00498162          0.00456549
         2         1         1         1          0.00471668          0.00453247
         2         1         1         1           0.0044785          0.00457581
         2         2         1         1            0.111319          0.00962888
         2         2         1         1            0.052212          0.00909237
         2         2         1         1           0.0341038          0.00865462
         2         2         1         1           0.0253217          0.00829714
         2         2         1         1           0.0201364          0.00800334
         2         2         1         1           0.0167138          0.00775858
         2         2         1         1           0.0142856          0.00755018
         2         2         1         1           0.0124735          0.00736736
         2         2         1         1           0.0110694          0.00720131
         2         2         1         1          0.00994936          0.00704516
         2         2         1         1          0.00903518          0.00689395
         2         2         1         1          0.00827486          0.00674469
         2         2         1         1          0.00763257          0.00659632
         2         2         1         1           0.0070828          0.00644971
         2         2         1         1          0.00660691          0.00630768
         2         2         1         1          0.00619095          0.00617498
         2         2         1         1          0.00582426          0.00605832
         2         2         1         1          0.00549858          0.00596631
         2         2         1         1          0.00520739          0.00590954
         2         2         1         1          0.00494549          0.00590053
         2         3         1         1            0.116132          0.00913932
         2         3         1         1           0.0538142          0.00854247
         2         3         1         1           0.0350214          0.00808622
         2         3         1         1           0.0259568          0.00774217
         2         3         1         1           0.0206198          0.00748492
         2         3         1         1           0.0171032          0.00729212
         2         3         1         1           0.0146113          0.00714441
         2         3         1         1           0.0127532          0.00702548
         2         3         1         1           0.0113144          0.00692204
         2         3         1         1           0.0101673           0.0068238
         2         3         1         1          0.00923137          0.00672352
         2         3         1         1          0.00845324          0.00661696
         2         3         1         1          0.00779609          0.00650291
         2         3         1         1          0.00723375           0.0063832
         2         3         1         1          0.00674707          0.00626266
         2         3         1         1          0.00632175          0.00614915
         2         3         1         1          0.00594687          0.00605355
         2         3         1         1          0.00561397          0.00598978
         2         3         1         1          0.00531636          0.00597475
         2         3         1         1          0.00504871          0.00602841
         3         0         1         1            0.119974          0.00939754
         3         0         1         1           0.0562825          0.00888424
         3         0         1         1           0.0367648          0.00848897
         3         0         1         1           0.0272983          0.00818775
         3         0         1         1           0.0217086          0.00795914
         3         0         1         1           0.0180189          0.00778431
         3         0         1         1           0.0154013          0.00764701
         3         0         1         1           0.0134477          0.00753357
         3         0         1         1            0.011934          0.00743291
         3         0         1         1           0.0107265          0.00733653
         3         0         1         1          0.00974097          0.00723852
         3         0         1         1          0.00892128          0.00713553
         3         0         1         1          0.00822883          0.00702682
         3         0         1         1          0.00763613          0.00691423
         3         0         1         1          0.00712308          0.00680217
         3         0         1         1          0.00667462          0.00669765
         3         0         1         1          0.00627929          0.00661025
         3         0         1         1          0.00592817          0.00655215
         3         0         1         1          0.00561424          0.00653809
         3         0         1         1          0.00533189          0.00658542
         3         1         1         1            0.127594          0.00975429
         3         1         1         1           0.0608569          0.00915215
         3         1         1         1           0.0399574          0.00869087
         3         1         1         1           0.0297431          0.00834349
         3         1         1         1           0.0236877          0.00808583
         3         1         1         1           0.0196809          0.00789649
         3         1         1         1           0.0168335          0.00775687
         3         1         1         1           0.0147059          0.00765113
         3         1         1         1           0.0130558          0.00756621
         3         1         1         1           0.0117386          0.00749185
         3         1         1         1           0.0106628          0.00742056
         3         1         1         1          0.00976768          0.00734762
         3         1         1         1          0.00901119          0.00727111
         3         1         1         1          0.00836346          0.00719189
         3         1         1         1           0.0078026          0.00711358
         3         1         1         1          0.00731224          0.00704261
         3         1         1         1          0.00687986          0.00698818
         3         1         1         1          0.00649577          0.00696225
         3         1         1         1          0.00615229          0.00697959
         3         1         1         1          0.00584332          0.00705775
         3         2         1         1            0.102492          0.00684413
         3         2         1         1           0.0518936          0.00645423
         3         2         1         1           0.0347422          0.00612927
         3         2         1         1           0.0261119          0.00585772
         3         2         1         1           0.0209161          0.00562922
         3         2         1         1           0.0174449          0.00543453
         3         2         1         1           0.0149619          0.00526555
         3         2         1         1           0.0130976          0.00511533
         3         2         1         1           0.0116464          0.00497807
         3         2         1         1           0.0104848           0.0048491
         3         2         1         1          0.00953382          0.00472491
         3         2         1         1          0.00874103          0.00460311
         3         2         1         1          0.00806996          0.00448247
         3         2         1         1          0.00749459          0.00436289
         3         2         1         1           0.0069958          0.00424543
         3         2         1         1          0.00655926          0.00413228
         3         2         1         1            0.006174          0.00402677
         3         2         1         1          0.00583149          0.00393339
         3         2         1         1          0.00552498          0.00385775
         3         2         1         1          0.00524909          0.00380662
         3         3         1         1            0.123798          0.00938272
         3         3         1         1           0.0549412          0.00887319
         3         3         1         1           0.0353047          0.00846804
         3         3         1         1           0.0260088          0.00814587
         3         3         1         1            0.020588          0.00788767
         3         3         1         1            0.017037           0.0076768
         3         3         1         1           0.0145308          0.00749899
         3         3         1         1           0.0126674          0.00734237
         3         3         1         1           0.0112276          0.00719744
         3         3         1         1           0.0100816          0.00705708
         3         3         1         1          0.00914798          0.00691655
         3         3         1         1          0.00837259          0.00677347
         3         3         1         1          0.00771838          0.00662788
         3         3         1         1          0.00715899          0.00648217
         3         3         1         1           0.0066752          0.00634111
         3         3         1         1          0.00625267          0.00621185
         3         3         1         1          0.00588044          0.00610394
         3         3         1         1          0.00555004          0.00602928
         3         3         1         1          0.00525479          0.00600217
         3         3         1         1          0.00498937          0.00603928
         4         0         1         1            0.131879          0.00880577
         4         0         1         1           0.0566071          0.00837894
         4         0         1         1           0.0360379          0.00804555
         4         0         1         1            0.026433          0.00778645
         4         0         1         1           0.0208705          0.00758457
         4         0         1         1           0.0172422          0.00742491
         4         0         1         1           0.0146885          0.00729456
         4         0         1         1           0.0127937          0.00718267
         4         0         1         1           0.0113319          0.00708046
         4         0         1         1           0.0101699          0.00698125
         4         0         1         1          0.00922406          0.00688042
         4         0         1         1          0.00843917          0.00677542
         4         0         1         1          0.00777738          0.00666579
         4         0         1         1          0.00721184          0.00655313
         4         0         1         1          0.00672297          0.00644114
         4         0         1         1          0.00629617          0.00633556
         4         0         1         1          0.00592032          0.00624424
         4         0         1         1          0.00558682          0.00617708
         4         0         1         1          0.00528889          0.00614607
         4         0         1         1          0.00502113          0.00616528
         4         1         1         1            0.129608          0.00909318
         4         1         1         1           0.0584063          0.00859805
         4         1         1         1            0.037697          0.00823692
         4         1         1         1           0.0278294          0.00798319
         4         1         1         1            0.022056          0.00781307
         4         1         1         1           0.0182665          0.00770554
         4         1         1         1           0.0155883          0.00764237
         4         1         1         1            0.013595          0.00760811
         4         1         1         1           0.0120536           0.0075901
         4         1         1         1           0.0108262          0.00757846
         4         1         1         1          0.00982567          0.00756611
         4         1         1         1          0.00899441          0.00754873
         4         1         1         1          0.00829284           0.0075248
         4         1         1         1          0.00769279          0.00749558
         4         1         1         1          0.00717372          0.00746511
         4         1         1         1          0.00672027          0.00744023
         4         1         1         1          0.00632073          0.00743054
         4         1         1         1          0.00596604          0.00744845
         4         1         1         1          0.00564904          0.00750914
         4         1         1         1          0.00536403          0.00763057
         4         2         1         1            0.121678           0.0100964
         4         2         1         1           0.0537996          0.00939835
         4         2         1         1           0.0345345           0.0088464
         4         2         1         1           0.0254287          0.00841241
         4         2         1         1           0.0201229          0.00807123
         4         2         1         1            0.016649          0.00780061
         4         2         1         1           0.0141979          0.00758127
         4         2         1         1            0.012376          0.00739687
         4         2         1         1           0.0109684            0.007234
         4         2         1         1          0.00984834           0.0070822
         4         2         1         1          0.00893583          0.00693395
         4         2         1         1          0.00817808          0.00678465
         4         2         1         1           0.0075388          0.00663268
         4         2         1         1          0.00699222          0.00647933
         4         2         1         1          0.00651953          0.00632884
         4         2         1         1          0.00610671          0.00618839
         4         2         1         1          0.00574306           0.0060681
         4         2         1         1          0.00542028          0.00598104
         4         2         1         1          0.00513185          0.00594321
         4         2         1         1          0.00487257          0.00597355
         4         3         1         1            0.119677          0.00956913
         4         3         1         1           0.0539281          0.00892323
         4         3         1         1           0.0348061          0.00843439
         4         3         1         1           0.0256951          0.00807106
         4         3         1         1           0.0203644           0.0078051
         4         3         1         1           0.0168655          0.00761168
         4         3         1         1           0.0143926          0.00746937
         4         3         1         1           0.0125522           0.0073601
         4         3         1         1            0.011129          0.00726916
         4         3         1         1          0.00999577           0.0071852
         4         3         1         1          0.00907196          0.00710024
         4         3         1         1          0.00830447          0.00700966
         4         3         1         1           0.0076567          0.00691221
         4         3         1         1          0.00710268          0.00680999
         4         3         1         1          0.00662342           0.0067085
         4         3         1         1          0.00620475          0.00661655
         4         3         1         1          0.00583587          0.00654636
         4         3         1         1          0.00550838           0.0065135
         4         3         1         1           0.0052157           0.0065369
         4         3         1         1          0.00495255          0.00663885
         5         0         1         1            0.115923          0.00935704
         5         0         1         1           0.0524164          0.00887097
         5         0         1         1           0.0338644          0.00849082
         5         0         1         1           0.0250118          0.00819469
         5         0         1         1           0.0198284          0.00796311
         5         0         1         1           0.0164246          0.00777904
         5         0         1         1           0.0140182          0.00762792
         5         0         1         1           0.0122268          0.00749762
         5         0         1         1           0.0108414          0.00737843
         5         0         1         1            0.009738          0.00726313
         5         0         1         1          0.00883844          0.00714691
         5         0         1         1          0.00809103          0.00702743
         5         0         1         1          0.00746017          0.00690476
         5         0         1         1          0.00692057          0.00678146
         5         0         1         1          0.00645376          0.00666251
         5         0         1         1          0.00604595          0.00655532
         5         0         1         1          0.00568662          0.00646979
         5         0         1         1           0.0053676          0.00641821
         5         0         1         1          0.00508247          0.00641536
         5         0         1         1          0.00482611          0.00647845
         5         1         1         1            0.119265           0.0111487
         5         1         1         1           0.0500804           0.0105689
         5         1         1         1           0.0316946           0.0100398
         5         1         1         1           0.0231834          0.00955631
         5         1         1         1           0.0182757          0.00911355
         5         1         1         1           0.0150828          0.00870726
         5         1         1         1           0.0128396           0.0083336
         5         1         1         1           0.0111773          0.00798922
         5         1         1         1          0.00989606          0.00767124
         5         1         1         1          0.00887836          0.00737726
         5         1         1         1          0.00805045          0.00710534
         5         1         1         1          0.00736378          0.00685402
         5         1         1         1          0.00678504          0.00662233
         5         1         1         1          0.00629064          0.00640975
         5         1         1         1           0.0058634          0.00621625
         5         1         1         1           0.0054905          0.00604227
         5         1         1         1           0.0051622          0.00588871
         5         1         1         1          0.00487094          0.00575697
         5         1         1         1           0.0046108          0.00564891
         5         1         1         1          0.00437703          0.00556686
         5         2         1         1             0.11633           0.0111791
         5         2         1         1           0.0489402           0.0105997
         5         2         1         1           0.0309886           0.0100713
         5         2         1         1           0.0226722          0.00958847
         5         2         1         1           0.0178751          0.00914641
         5         2         1         1           0.0147535          0.00874073
         5         2         1         1           0.0125601          0.00836754
         5         2         1         1           0.0109344           0.0080234
         5         2         1         1          0.00968137          0.00770534
         5         2         1         1          0.00868599           0.0074109
         5         2         1         1           0.0078762          0.00713806
         5         2         1         1          0.00720452          0.00688528
         5         2         1         1          0.00663841          0.00665152
         5         2         1         1          0.00615478          0.00643619
         5         2         1         1          0.00573683          0.00623917
         5         2         1         1          0.00537204          0.00606084
         5         2         1         1          0.00505086          0.00590202
         5         2         1         1          0.00476593          0.00576405
         5         2         1         1          0.00451142           0.0056487
         5         2         1         1          0.00428272          0.00555825
         5         3         1         1            0.132352           0.0151696
         5         3         1         1           0.0538512           0.0145965
         5         3         1         1           0.0338023            0.014079
         5         3         1         1           0.0246318           0.0136201
         5         3         1         1           0.0193754           0.0132212
         5         3         1         1           0.0159678           0.0128821
         5         3         1         1           0.0135796            0.012601
         5         3         1         1           0.0118128           0.0123748
         5         3         1         1           0.0104528           0.0121985
         5         3         1         1          0.00937363           0.0120659
         5         3         1         1          0.00849644           0.0119689
         5         3         1         1          0.00776938           0.0118982
         5         3         1         1          0.00715694           0.0118426
         5         3         1         1            0.006634           0.0117897
         5         3         1         1          0.00618228           0.0117252
         5         3         1         1          0.00578815           0.0116335
         5         3         1         1          0.00544127           0.0114974
         5         3         1         1          0.00513361            0.011298
         5         3         1         1          0.00485888           0.0110151
         5         3         1         1          0.00461206           0.0106267
         6         0         1         1            0.134678          0.00890126
         6         0         1         1           0.0590863          0.00840863
         6         0         1         1           0.0378449           0.0080467
         6         0         1         1           0.0278374          0.00778895
         6         0         1         1           0.0220157          0.00761165
         6         0         1         1           0.0182078          0.00749396
         6         0         1         1           0.0155229          0.00741786
         6         0         1         1           0.0135281          0.00736818
         6         0         1         1           0.0119876          0.00733256
         6         0         1         1           0.0107621          0.00730154
         6         0         1         1          0.00976392          0.00726844
         6         0         1         1          0.00893518          0.00722947
         6         0         1         1          0.00823612          0.00718365
         6         0         1         1           0.0076385          0.00713285
         6         0         1         1          0.00712175          0.00708179
         6         0         1         1          0.00667048          0.00703802
         6         0         1         1          0.00627299          0.00701194
         6         0         1         1          0.00592021          0.00701679
         6         0         1         1            0.005605          0.00706865
         6         0         1         1          0.00532166          0.00718643
         6         1         1         1            0.118141          0.00931142
         6         1         1         1           0.0528952          0.00887807
         6         1         1         1            0.034076          0.00851761
         6         1         1         1           0.0251338          0.00821625
         6         1         1         1           0.0199093          0.00796172
         6         1         1         1            0.016483           0.0077432
         6         1         1         1           0.0140628           0.0075514
         6         1         1         1           0.0122624          0.00737849
         6         1         1         1           0.0108706          0.00721816
         6         1         1         1          0.00976257          0.00706558
         6         1         1         1          0.00885952           0.0069174
         6         1         1         1          0.00810939          0.00677179
         6         1         1         1          0.00747638          0.00662838
         6         1         1         1          0.00693503          0.00648832
         6         1         1         1          0.00646679          0.00635424
         6         1         1         1          0.00605777          0.00623027
         6         1         1         1          0.00569742          0.00612201
         6         1         1         1          0.00537753          0.00603657
         6         1         1         1          0.00509166          0.00598256
         6         1         1         1          0.00483464          0.00597007
         6         2         1         1            0.120331          0.00914925
         6         2         1         1           0.0529607          0.00857639
         6         2         1         1           0.0339519          0.00810137
         6         2         1         1           0.0249844          0.00770694
         6         2         1         1           0.0197642          0.00737765
         6         2         1         1           0.0163484           0.0070998
         6         2         1         1           0.0139393          0.00686147
         6         2         1         1            0.012149          0.00665253
         6         2         1         1           0.0107663          0.00646461
         6         2         1         1          0.00966613          0.00629111
         6         2         1         1          0.00876996          0.00612721
         6         2         1         1          0.00802587          0.00596986
         6         2         1         1          0.00739817           0.0058178
         6         2         1         1          0.00686153          0.00567152
         6         2         1         1          0.00639748          0.00553331
         6         2         1         1          0.00599222           0.0054072
         6         2         1         1          0.00563524          0.00529903
         6         2         1         1          0.00531841          0.00521638
         6         2         1         1           0.0050353          0.00516864
         6         2         1         1          0.00478082          0.00516694
         6         3         1         1            0.128513          0.00891835
         6         3         1         1           0.0563852          0.00847227
         6         3         1         1           0.0361154          0.00811456
         6         3         1         1           0.0265655          0.00782732
         6         3         1         1           0.0210099          0.00759459
         6         3         1         1           0.0173761          0.00740236
         6         3         1         1           0.0148139          0.00723859
         6         3         1         1           0.0129102          0.00709313
         6         3         1         1           0.0114401          0.00695784
         6         3         1         1           0.0102705          0.00682648
         6         3         1         1          0.00931796          0.00669477
         6         3         1         1          0.00852708          0.00656038
         6         3         1         1          0.00785995          0.00642292
         6         3         1         1          0.00728963          0.00628396
         6         3         1         1          0.00679648          0.00614699
         6         3         1         1          0.00636583          0.00601747
         6         3         1         1           0.0059865          0.00590279
         6         3         1         1          0.00564983           0.0058123
         6         3         1         1          0.00534902          0.00575729
         6         3         1         1          0.00507861          0.00575099
         7         0         1         1            0.112408          0.00940792
         7         0         1         1            0.048813          0.00882247
         7         0         1         1           0.0311754          0.00831925
         7         0         1         1           0.0229007          0.00788448
         7         0         1         1           0.0180973          0.00750579
         7         0         1         1           0.0149595           0.0071722
         7         0         1         1            0.012749          0.00687414
         7         0         1         1           0.0111077          0.00660343
         7         0         1         1           0.0098408           0.0063533
         7         0         1         1           0.0088333          0.00611835
         7         0         1         1          0.00801294          0.00589463
         7         0         1         1          0.00733201          0.00567953
         7         0         1         1          0.00675774          0.00547187
         7         0         1         1          0.00626689          0.00527188
         7         0         1         1          0.00584252          0.00508117
         7         0         1         1          0.00547198          0.00490274
         7         0         1         1          0.00514564          0.00474101
         7         0         1         1          0.00485603           0.0046018
         7         0         1         1          0.00459728           0.0044923
         7         0         1         1          0.00436472          0.00442113
         7         1         1         1            0.122598          0.00976965
         7         1         1         1           0.0534718          0.00913306
         7         1         1         1           0.0341926          0.00863084
         7         1         1         1           0.0251314          0.00823645
         7         1         1         1           0.0198667          0.00792615
         7         1         1         1           0.0164257          0.00767907
         7         1         1         1           0.0140007          0.00747718
         7         1         1         1           0.0121997          0.00730527
         7         1         1         1           0.0108092          0.00715099
         7         1         1         1          0.00970319          0.00700481
         7         1         1         1          0.00880254          0.00686006
         7         1         1         1          0.00805489           0.0067129
         7         1         1         1           0.0074243          0.00656234
         7         1         1         1          0.00688527          0.00641021
         7         1         1         1          0.00641922           0.0062612
         7         1         1         1          0.00601226          0.00612283
         7         1         1         1          0.00565382          0.00600547
         7         1         1         1          0.00533572          0.00592231
         7         1         1         1           0.0050515           0.0058894
         7         1         1         1          0.00479603          0.00592562
         7         2         1         1            0.134482          0.00932921
         7         2         1         1           0.0605261          0.00884853
         7         2         1         1           0.0390508          0.00849163
         7         2         1         1           0.0288238           0.0082336
         7         2         1         1           0.0228418          0.00805222
         7         2         1         1            0.018916          0.00792797
         7         2         1         1           0.0161418            0.007844
         7         2         1         1           0.0140772          0.00778618
         7         2         1         1           0.0124809          0.00774303
         7         2         1         1           0.0112097           0.0077058
         7         2         1         1           0.0101735           0.0076684
         7         2         1         1           0.0093127          0.00762743
         7         2         1         1          0.00858619           0.0075822
         7         2         1         1          0.00796483          0.00753469
         7         2         1         1          0.00742733          0.00748958
         7         2         1         1           0.0069578          0.00745423
         7         2         1         1          0.00654409          0.00743871
         7         2         1         1          0.00617683          0.00745574
         7         2         1         1           0.0058486          0.00752077
         7         2         1         1          0.00555349          0.00765192
         7         3         1         1            0.142368          0.00963047
         7         3         1         1           0.0622626          0.00895464
         7         3         1         1           0.0398438          0.00845246
         7         3         1         1           0.0292955          0.00808991
         7         3         1         1           0.0231632          0.00783652
         7         3         1         1           0.0191538          0.00766537
         7         3         1         1           0.0163276          0.00755308
         7         3         1         1           0.0142282          0.00747983
         7         3         1         1           0.0126072          0.00742933
         7         3         1         1           0.0113177          0.00738885
         7         3         1         1           0.0102676          0.00734919
         7         3         1         1          0.00939578          0.00730472
         7         3         1         1          0.00866043          0.00725335
         7         3         1         1          0.00803183          0.00719652
         7         3         1         1           0.0074883          0.00713924
         7         3         1         1          0.00701367          0.00709005
         7         3         1         1          0.00659563          0.00706105
         7         3         1         1          0.00622461          0.00706788
         7         3         1         1          0.00589312          0.00712972
         7         3         1         1          0.00559514          0.00726932
         8         0         1         1             0.14544          0.00814278
         8         0         1         1            0.065051          0.00799269
         8         0         1         1           0.0418947          0.00788166
         8         0         1         1           0.0308964          0.00780224
         8         0         1         1            0.024472           0.0077479
         8         0         1         1           0.0202594          0.00771302
         8         0         1         1           0.0172841          0.00769289
         8         0         1         1           0.0150708          0.00768371
         8         0         1         1             0.01336          0.00768259
         8         0         1         1            0.011998          0.00768755
         8         0         1         1            0.010888          0.00769752
         8         0         1         1          0.00996603          0.00771233
         8         0         1         1          0.00918799          0.00773274
         8         0         1         1          0.00852264          0.00776041
         8         0         1         1          0.00794714           0.0077979
         8         0         1         1          0.00744445          0.00784869
         8         0         1         1          0.00700157          0.00791717
         8         0         1         1          0.00660843          0.00800864
         8         0         1         1          0.00625709           0.0081293
         8         0         1         1          0.00594122          0.00828627
         8         1         1         1            0.130749          0.00920927
         8         1         1         1           0.0553809          0.00881631
         8         1         1         1           0.0351305          0.00846269
         8         1         1         1           0.0257243          0.00814323
         8         1         1         1           0.0202913          0.00785321
         8         1         1         1            0.016753          0.00758844
         8         1         1         1           0.0142655           0.0073452
         8         1         1         1           0.0124212          0.00712024
         8         1         1         1           0.0109991          0.00691084
         8         1         1         1          0.00986926          0.00671472
         8         1         1         1          0.00894989          0.00653012
         8         1         1         1          0.00818721          0.00635576
         8         1         1         1          0.00754431          0.00619085
         8         1         1         1          0.00699502          0.00603508
         8         1         1         1           0.0065203          0.00588864
         8         1         1         1          0.00610591          0.00575221
         8         1         1         1          0.00574105          0.00562693
         8         1         1         1          0.00541733          0.00551447
         8         1         1         1          0.00512817          0.00541695
         8         1         1         1          0.00486832            0.005337
         8         2         1         1            0.147165          0.00878541
         8         2         1         1           0.0619865          0.00857717
         8         2         1         1           0.0392619          0.00836025
         8         2         1         1           0.0287295          0.00813855
         8         2         1         1           0.0226527          0.00791556
         8         2         1         1           0.0186978          0.00769434
         8         2         1         1           0.0159186          0.00747754
         8         2         1         1           0.0138586          0.00726736
         8         2         1         1           0.0122708          0.00706561
         8         2         1         1           0.0110093          0.00687367
         8         2         1         1          0.00998309          0.00669248
         8         2         1         1          0.00913185          0.00652259
         8         2         1         1          0.00841437          0.00636409
         8         2         1         1          0.00780143          0.00621667
         8         2         1         1          0.00727172          0.00607961
         8         2         1         1          0.00680937          0.00595174
         8         2         1         1          0.00640229          0.00583149
         8         2         1         1          0.00604115          0.00571687
         8         2         1         1          0.00571857          0.00560544
         8         2         1         1           0.0054287          0.00549436
         8         3         1         1            0.138387          0.00820672
         8         3         1         1            0.061624          0.00807427
         8         3         1         1           0.0396373          0.00793357
         8         3         1         1           0.0292141          0.00778682
         8         3         1         1           0.0231313          0.00763605
         8         3         1         1           0.0191451          0.00748318
         8         3         1         1           0.0163308          0.00732995
         8         3         1         1           0.0142378          0.00717795
         8         3         1         1           0.0126204          0.00702864
         8         3         1         1            0.011333           0.0068833
         8         3         1         1           0.0102839          0.00674308
         8         3         1         1          0.00941259          0.00660897
         8         3         1         1          0.00867739          0.00648181
         8         3         1         1          0.00804872          0.00636229
         8         3         1         1          0.00750499          0.00625095
         8         3         1         1          0.00703007          0.00614817
         8         3         1         1          0.00661169          0.00605419
         8         3         1         1           0.0062403          0.00596909
         8         3         1         1          0.00590842          0.00589281
         8         3         1         1          0.00561006          0.00582513
         9         0         1         1            0.130924          0.00942286
         9         0         1         1           0.0570627          0.00863841
         9         0         1         1           0.0364815          0.00802754
         9         0         1         1           0.0268113          0.00755456
         9         0         1         1           0.0211935          0.00718766
         9         0         1         1           0.0175221          0.00689893
         9         0         1         1           0.0149349          0.00666433
         9         0         1         1           0.0130134          0.00646373
         9         0         1         1             0.01153           0.0062809
         9         0         1         1           0.0103501          0.00610348
         9         0         1         1          0.00938935          0.00592301
         9         0         1         1          0.00859179          0.00573493
         9         0         1         1          0.00791911          0.00553856
         9         0         1         1          0.00734412          0.00533711
         9         0         1         1          0.00684697          0.00513769
         9         0         1         1          0.00641287          0.00495129
         9         0         1         1          0.00603053          0.00479282
         9         0         1         1          0.00569121          0.00468104
         9         0         1         1          0.00538804          0.00463864
         9         0         1         1          0.00511554          0.00469217
         9         1         1         1            0.127378          0.00792729
         9         1         1         1           0.0564197          0.00770322
         9         1         1         1           0.0362346          0.00751355
         9         1         1         1           0.0266869          0.00735293
         9         1         1         1           0.0211214          0.00721656
         9         1         1         1           0.0174767          0.00710015
         9         1         1         1           0.0149048          0.00699993
         9         1         1         1           0.0129927          0.00691268
         9         1         1         1           0.0115154           0.0068357
         9         1         1         1           0.0103398          0.00676683
         9         1         1         1          0.00938199          0.00670442
         9         1         1         1          0.00858657          0.00664737
         9         1         1         1          0.00791549          0.00659508
         9         1         1         1           0.0073417          0.00654752
         9         1         1         1          0.00684548          0.00650516
         9         1         1         1          0.00641208          0.00646901
         9         1         1         1           0.0060303          0.00644061
         9         1         1         1          0.00569143          0.00642201
         9         1         1         1          0.00538861          0.00641583
         9         1         1         1          0.00511639          0.00642518
         9         2         1         1             0.12812          0.00889703
         9         2         1         1           0.0550615          0.00851578
         9         2         1         1           0.0350658          0.00817975
         9         2         1         1           0.0257241          0.00788161
         9         2         1         1           0.0203127           0.0076148
         9         2         1         1           0.0167823          0.00737352
         9         2         1         1           0.0142974          0.00715274
         9         2         1         1           0.0124534          0.00694821
         9         2         1         1           0.0110308          0.00675642
         9         2         1         1          0.00989983          0.00657465
         9         2         1         1          0.00897923          0.00640095
         9         2         1         1          0.00821527          0.00623411
         9         2         1         1          0.00757112          0.00607371
         9         2         1         1          0.00702064           0.0059201
         9         2         1         1          0.00654479          0.00577437
         9         2         1         1          0.00612934          0.00563841
         9         2         1         1          0.00576349          0.00551486
         9         2         1         1          0.00543885          0.00540713
         9         2         1         1          0.00514884           0.0053194
         9         2         1         1          0.00488819           0.0052566
         9         3         1         1            0.136278          0.00906587
         9         3         1         1           0.0601274          0.00889659
         9         3         1         1           0.0385732          0.00871162
         9         3         1         1           0.0283945          0.00851528
         9         3         1         1           0.0224661          0.00831152
         9         3         1         1           0.0185857          0.00810391
         9         3         1         1           0.0158483          0.00789565
         9         3         1         1           0.0138137          0.00768954
         9         3         1         1           0.0122421          0.00748804
         9         3         1         1           0.0109916          0.00729318
         9         3         1         1          0.00997289          0.00710667
         9         3         1         1          0.00912698          0.00692979
         9         3         1         1          0.00841336          0.00676347
         9         3         1         1          0.00780323          0.00660825
         9         3         1         1          0.00727562          0.00646432
         9         3         1         1          0.00681483          0.00633144
         9         3         1         1          0.00640894          0.00620904
         9         3         1         1          0.00604867          0.00609615
         9         3         1         1          0.00572676          0.00599143
         9         3         1         1          0.00543737          0.00589314
        10         0         1         1            0.142529          0.00856256
        10         0         1         1           0.0578008          0.00845885
        10         0         1         1            0.036251          0.00831732
        10         0         1         1            0.026406          0.00814763
        10         0         1         1           0.0207664          0.00795837
        10         0         1         1           0.0171117          0.00775711
        10         0         1         1           0.0145509          0.00755037
        10         0         1         1           0.0126568          0.00734365
        10         0         1         1            0.011199           0.0071414
        10         0         1         1           0.0100424          0.00694703
        10         0         1         1          0.00910227          0.00676293
        10         0         1         1          0.00832311          0.00659044
        10         0         1         1          0.00766683          0.00642986
        10         0         1         1          0.00710648          0.00628046
        10         0         1         1          0.00662246          0.00614048
        10         0         1         1          0.00620017           0.0060071
        10         0         1         1           0.0058285          0.00587649
        10         0         1         1          0.00549888          0.00574376
        10         0         1         1          0.00520454            0.005603
        10         0         1         1          0.00494011          0.00544725
        10         1         1         1            0.153585          0.00905397
        10         1         1         1           0.0644849          0.00894205
        10         1         1         1           0.0408097          0.00882105
        10         1         1         1           0.0298504          0.00869438
        10         1         1         1           0.0235311          0.00856511
        10         1         1         1             0.01942          0.00843592
        10         1         1         1           0.0165317          0.00830913
        10         1         1         1           0.0143913          0.00818671
        10         1         1         1           0.0127417          0.00807025
        10         1         1         1           0.0114313          0.00796098
        10         1         1         1           0.0103653          0.00785976
        10         1         1         1          0.00948118          0.00776709
        10         1         1         1          0.00873602          0.00768311
        10         1         1         1          0.00809946          0.00760759
        10         1         1         1          0.00754936          0.00753993
        10         1         1         1          0.00706924          0.00747918
        10         1         1         1          0.00664653          0.00742401
        10         1         1         1          0.00627152          0.00737272
        10         1         1         1          0.00593657          0.00732328
        10         1         1         1          0.00563559          0.00727326
        10         2         1         1            0.180479           0.0111914
        10         2         1         1           0.0733049           0.0103115
        10         2         1         1           0.0459929          0.00967568
        10         2         1         1           0.0335083          0.00923306
        10         2         1         1           0.0263545          0.00893811
        10         2         1         1           0.0217179          0.00875082
        10         2         1         1           0.0184687          0.00863669
        10         2         1         1           0.0160651          0.00856671
        10         2         1         1           0.0142152          0.00851737
        10         2         1         1           0.0127473          0.00847064
        10         2         1         1           0.0115541          0.00841401
        10         2         1         1           0.0105652          0.00834044
        10         2         1         1          0.00973229          0.00824841
        10         2         1         1          0.00902107          0.00814187
        10         2         1         1          0.00840672          0.00803031
        10         2         1         1          0.00787071          0.00792866
        10         2         1         1          0.00739896          0.00785738
        10         2         1         1          0.00698056          0.00784243
        10         2         1         1          0.00660695          0.00791524
        10         2         1         1           0.0062713          0.00811277
        10         3         1         1             0.13705          0.00832292
        10         3         1         1           0.0593813          0.00832372
        10         3         1         1           0.0379017          0.00825319
        10         3         1         1           0.0278336          0.00812746
        10         3         1         1           0.0219918          0.00796098
        10         3         1         1           0.0181768          0.00776649
        10         3         1         1           0.0154897          0.00755504
        10         3         1         1           0.0134948          0.00733599
        10         3         1         1           0.0119551          0.00711699
        10         3         1         1           0.0107308            0.006904
        10         3         1         1           0.0097339           0.0067013
        10         3         1         1          0.00890651          0.00651143
        10         3         1         1          0.00820876          0.00633528
        10         3         1         1          0.00761239          0.00617201
        10         3         1         1           0.0070968          0.00601911
        10         3         1         1          0.00664663          0.00587235
        10         3         1         1          0.00625016          0.00572582
        10         3         1         1          0.00589832          0.00557191
        10         3         1         1          0.00558399          0.00540131
        10         3         1         1          0.00530146            0.005203
        11         0         1         1            0.146284          0.00790056
        11         0         1         1            0.065139          0.00802199
        11         0         1         1           0.0418978          0.00806377
        11         0         1         1             0.03088          0.00804159
        11         0         1         1           0.0244504          0.00796962
        11         0         1         1           0.0202368          0.00786057
        11         0         1         1            0.017262          0.00772565
        11         0         1         1           0.0150497           0.0075746
        11         0         1         1             0.01334          0.00741564
        11         0         1         1           0.0119792          0.00725555
        11         0         1         1           0.0108703          0.00709959
        11         0         1         1          0.00994928          0.00695155
        11         0         1         1          0.00917216          0.00681372
        11         0         1         1          0.00850765          0.00668693
        11         0         1         1          0.00793291           0.0065705
        11         0         1         1          0.00743092          0.00646228
        11         0         1         1          0.00698867          0.00635862
        11         0         1         1          0.00659611           0.0062544
        11         0         1         1           0.0062453          0.00614299
        11         0         1         1          0.00592993          0.00601631
        11         1         1         1            0.174232          0.00812555
        11         1         1         1           0.0793715          0.00810806
        11         1         1         1           0.0513914          0.00808514
        11         1         1         1           0.0379968          0.00805755
        11         1         1         1           0.0301409          0.00802604
        11         1         1         1           0.0249769          0.00799131
        11         1         1         1           0.0213235          0.00795407
        11         1         1         1           0.0186026            0.007915
        11         1         1         1           0.0164974          0.00787476
        11         1         1         1           0.0148203          0.00783399
        11         1         1         1           0.0134527          0.00779332
        11         1         1         1           0.0123162          0.00775335
        11         1         1         1           0.0113567          0.00771467
        11         1         1         1           0.0105359          0.00767786
        11         1         1         1          0.00982582          0.00764345
        11         1         1         1          0.00920538          0.00761199
        11         1         1         1          0.00865863          0.00758398
        11         1         1         1          0.00817319          0.00755993
        11         1         1         1           0.0077393           0.0075403
        11         1         1         1          0.00734915          0.00752555
        11         2         1         1            0.161251          0.00880599
        11         2         1         1           0.0745335          0.00875365
        11         2         1         1           0.0484683          0.00867505
        11         2         1         1           0.0359101          0.00857494
        11         2         1         1           0.0285205          0.00845765
        11         2         1         1           0.0236531          0.00832711
        11         2         1         1           0.0202049          0.00818677
        11         2         1         1           0.0176341          0.00803971
        11         2         1         1           0.0156437          0.00788854
        11         2         1         1            0.014057          0.00773548
        11         2         1         1           0.0127626          0.00758228
        11         2         1         1           0.0116864          0.00743029
        11         2         1         1           0.0107777          0.00728045
        11         2         1         1                0.01          0.00713323
        11         2         1         1          0.00932704           0.0069887
        11         2         1         1          0.00873894          0.00684651
        11         2         1         1           0.0082206          0.00670585
        11         2         1         1          0.00776031          0.00656553
        11         2         1         1          0.00734883          0.00642389
        11         2         1         1          0.00697879          0.00627887
        11         3         1         1            0.201973          0.00896484
        11         3         1         1            0.089546          0.00881389
        11         3         1         1            0.057525          0.00869419
        11         3         1         1           0.0423728          0.00860075
        11         3         1         1           0.0335386          0.00852905
        11         3         1         1           0.0277526          0.00847505
        11         3         1         1           0.0236692          0.00843515
        11         3         1         1           0.0206333          0.00840627
        11         3         1         1           0.0182877          0.00838575
        11         3         1         1           0.0164209          0.00837145
        11         3         1         1              0.0149          0.00836167
        11         3         1         1           0.0136369          0.00835518
        11         3         1         1           0.0125712          0.00835125
        11         3         1         1             0.01166          0.00834958
        11         3         1         1            0.010872          0.00835038
        11         3         1         1           0.0101838          0.00835431
        11         3         1         1          0.00957745          0.00836251
        11         3         1         1          0.00903928          0.00837657
        11         3         1         1          0.00855838           0.0083986
        11         3         1         1          0.00812606          0.00843112
