      *tel    numcsi         Z         A     -dE/dx (MeV/um)               Leff
*         5         0         3         6            0.238358             4.60278
*         5         0         3         6            0.198901             5.07429
*         5         0         3         6            0.172986             5.45792
*         5         0         3         6            0.153892             5.76274
*         5         0         3         6            0.139113             6.00058
*         5         0         3         6            0.127305             6.18684
*         5         0         3         6            0.117637             6.33431
*         5         0         3         6            0.109562             6.46153
*         5         0         3         6            0.102703             6.57677
*         5         0         3         6           0.0968038             6.66498
*         5         0         3         6           0.0915986             6.75899
*         5         0         3         6           0.0878048             6.87686
*         5         0         3         6           0.0841135             6.95388
*         5         0         3         6            0.080684             7.02554
*         5         0         3         6           0.0775929             7.10059
*         5         0         3         6           0.0747077             7.16855
*         5         0         3         6            0.072041             7.23413
*         5         0         3         6           0.0695693              7.2973
*         5         0         3         6           0.0672691             7.35783
         5         0         3         6            0.065126             7.41614
         5         0         3         6           0.0631244             7.47206
         5         0         3         6           0.0612511             7.52572
         5         0         3         6           0.0594943               7.578
         5         0         3         6           0.0578439              7.6272
         5         0         3         6           0.0562904             7.67555
         5         0         3         6           0.0548256             7.72171
         5         0         3         6           0.0534422             7.76587
         5         0         3         6           0.0521337             7.80752
         5         0         3         6            0.050894             7.84859
         5         0         3         6           0.0497179             7.88706
         5         0         3         6           0.0486007             7.92477
         5         0         3         6           0.0475381             7.95931
         5         0         3         6            0.046526             7.99313
         5         0         3         6           0.0455609             8.02591
         5         0         3         6           0.0446398             8.05615
         5         0         3         6           0.0437595             8.08598
         5         0         3         6           0.0429174             8.11309
         5         0         3         6           0.0421112             8.13981
         5         0         3         6           0.0413384             8.16476
         5         0         3         6           0.0405971             8.18851
         5         0         3         6           0.0398853             8.21112
         5         0         3         6           0.0392014             8.23123
         5         0         3         6           0.0385437             8.25139
         5         0         3         6           0.0379107             8.26995
         5         0         3         6            0.037301             8.28773
         5         0         3         6           0.0367133             8.30331
         5         0         3         6           0.0361464             8.31915
         5         0         3         6           0.0355994             8.33308
         5         0         3         6            0.035071             8.34602
         5         0         3         6           0.0345606             8.35873
         5         1         3         6            0.270355              5.6804
         5         1         3         6            0.215822             6.02784
         5         1         3         6            0.184636             6.34537
         5         1         3         6            0.162594             6.63917
         5         1         3         6            0.145896             6.91126
         5         1         3         6            0.132749             7.16679
         5         1         3         6            0.122107             7.40035
         5         1         3         6            0.113304              7.6178
         5         1         3         6            0.105885             7.83278
         5         1         3         6           0.0995332             8.02137
         5         1         3         6           0.0940258             8.19402
         5         1         3         6           0.0894901             8.39187
         5         1         3         6           0.0858853             8.57143
         5         1         3         6           0.0822622              8.7064
         5         1         3         6           0.0790347             8.84278
         5         1         3         6           0.0760488             8.96622
         5         1         3         6            0.073275             9.07691
         5         1         3         6           0.0707121             9.17893
         5         1         3         6           0.0683297             9.27151
         5         1         3         6           0.0661118              9.3556
         5         1         3         6           0.0640431             9.43226
         5         1         3         6           0.0621089              9.5007
         5         1         3         6           0.0602969             9.56276
         5         1         3         6            0.058596             9.61856
         5         1         3         6           0.0569966             9.66897
         5         1         3         6           0.0554899             9.71439
         5         1         3         6            0.054068              9.7552
         5         1         3         6           0.0527241             9.78982
         5         1         3         6            0.051452             9.82206
         5         1         3         6           0.0502459             9.84906
         5         1         3         6            0.049101             9.87423
         5         1         3         6           0.0480127             9.89506
         5         1         3         6           0.0469768             9.91338
         5         1         3         6           0.0459896             9.92817
         5         1         3         6           0.0450479             9.94096
         5         1         3         6           0.0441485             9.95147
         5         1         3         6           0.0432885             9.95893
         5         1         3         6           0.0424655             9.96579
         5         1         3         6            0.041677             9.97042
         5         1         3         6            0.040921             9.97151
         5         1         3         6           0.0401955             9.97285
         5         1         3         6           0.0394986             9.97278
         5         1         3         6           0.0388287             9.96958
         5         1         3         6           0.0381842             9.96598
         5         1         3         6           0.0375637             9.96054
         5         1         3         6           0.0369658             9.95611
         5         1         3         6           0.0363893             9.94783
         5         1         3         6            0.035833             9.93959
         5         1         3         6            0.035296             9.93125
         5         1         3         6           0.0347773             9.92151
         5         2         3         6            0.263784             4.74368
         5         2         3         6            0.216181             5.34214
         5         2         3         6            0.187341             5.88224
         5         2         3         6            0.166449             6.33868
         5         2         3         6            0.150344             6.70896
         5         2         3         6            0.137483             6.99458
         5         2         3         6            0.126955             7.21673
         5         2         3         6            0.118168             7.39665
         5         2         3         6            0.110711             7.52735
         5         2         3         6            0.104295             7.64193
         5         2         3         6            0.098702             7.75452
         5         2         3         6           0.0937701              7.8374
         5         2         3         6           0.0896552              7.9515
         5         2         3         6           0.0864068               8.059
         5         2         3         6           0.0830752              8.1294
         5         2         3         6           0.0800596             8.20669
         5         2         3         6           0.0772869             8.28471
         5         2         3         6           0.0746807             8.35668
         5         2         3         6           0.0722552             8.42745
         5         2         3         6           0.0699923             8.49709
         5         2         3         6           0.0678726             8.56454
         5         2         3         6           0.0658854             8.63038
         5         2         3         6           0.0640193             8.69495
         5         2         3         6           0.0622633             8.75714
         5         2         3         6           0.0606083             8.81841
         5         2         3         6           0.0590461             8.87818
         5         2         3         6           0.0575692             8.93482
         5         2         3         6           0.0561708             8.99238
         5         2         3         6           0.0548449             9.04569
         5         2         3         6            0.053586             9.09944
         5         2         3         6           0.0523891             9.15045
         5         2         3         6           0.0512499             9.20028
         5         2         3         6           0.0501642             9.24793
         5         2         3         6           0.0491284             9.29444
         5         2         3         6           0.0481391             9.33917
         5         2         3         6           0.0471932             9.38274
         5         2         3         6           0.0462879             9.42499
         5         2         3         6           0.0454207             9.46425
         5         2         3         6           0.0445892             9.50285
         5         2         3         6           0.0437912             9.53927
         5         2         3         6           0.0430247             9.57642
         5         2         3         6           0.0422878             9.60989
         5         2         3         6            0.041579             9.64263
         5         2         3         6           0.0408965             9.67447
         5         2         3         6            0.040239              9.7035
         5         2         3         6            0.039605             9.73188
         5         2         3         6           0.0389934             9.75951
         5         2         3         6            0.038403             9.78541
         5         2         3         6           0.0378326               9.811
         5         2         3         6           0.0372812             9.83315
