      *tel    numcsi         Z         A     -dE/dx (MeV/um)               Leff
  *       5         0         3         8            0.269912             4.23334
  *       5         0         3         8             0.22494             4.68041
  *       5         0         3         8            0.197146             5.06009
  *       5         0         3         8            0.176793             5.36854
  *       5         0         3         8            0.160836              5.6151
  *       5         0         3         8            0.147898             5.80761
  *       5         0         3         8            0.137173              5.9653
  *       5         0         3         8            0.128125             6.09317
  *       5         0         3         8            0.120381             6.20359
  *       5         0         3         8            0.113672             6.29817
  *       5         0         3         8            0.107796             6.38859
  *       5         0         3         8            0.102602             6.47554
  *       5         0         3         8           0.0979729             6.55657
  *       5         0         3         8           0.0937999              6.6253
  *       5         0         3         8           0.0901757             6.71892
  *       5         0         3         8           0.0874131             6.82767
  *       5         0         3         8           0.0845489             6.89866
  *       5         0         3         8           0.0818182              6.9626
         5         0         3         8           0.0793339             7.03544
         5         0         3         8           0.0769964             7.10572
         5         0         3         8           0.0747798             7.17103
         5         0         3         8           0.0726954             7.23524
         5         0         3         8           0.0707326             7.29846
         5         0         3         8           0.0688772             7.35984
         5         0         3         8           0.0671218             7.41894
         5         0         3         8           0.0654596             7.47656
         5         0         3         8           0.0638835             7.53267
         5         0         3         8           0.0623868             7.58678
         5         0         3         8           0.0609641             7.63991
         5         0         3         8           0.0596101             7.69093
         5         0         3         8           0.0583198             7.73994
         5         0         3         8            0.057089             7.78797
         5         0         3         8           0.0559138             7.83406
         5         0         3         8           0.0547905             7.87891
         5         0         3         8           0.0537157             7.92179
         5         0         3         8           0.0526863             7.96407
         5         0         3         8           0.0516996             8.00405
         5         0         3         8           0.0507529             8.04293
         5         0         3         8            0.049844             8.07999
         5         0         3         8           0.0489704             8.11653
         5         0         3         8           0.0481303             8.15066
         5         0         3         8           0.0473217             8.18461
         5         0         3         8           0.0465429             8.21628
         5         0         3         8           0.0457922             8.24742
         5         0         3         8           0.0450682             8.27643
         5         0         3         8           0.0443695             8.30528
         5         0         3         8           0.0436947             8.33247
         5         0         3         8           0.0430426             8.35793
         5         0         3         8           0.0424122             8.38292
         5         0         3         8           0.0418022             8.40796
         5         1         3         8            0.368696             5.20745
         5         1         3         8            0.265846             5.52813
         5         1         3         8            0.222726             5.82365
         5         1         3         8            0.195626             6.10532
         5         1         3         8            0.175634             6.37163
         5         1         3         8            0.159919             6.62441
         5         1         3         8            0.147153             6.86026
         5         1         3         8            0.136557             7.08299
         5         1         3         8            0.127607             7.29533
         5         1         3         8             0.11994             7.49481
         5         1         3         8            0.113292             7.67471
         5         1         3         8            0.107465             7.85925
         5         1         3         8            0.102311             8.01958
         5         1         3         8           0.0977181              8.1698
         5         1         3         8           0.0935644             8.31001
         5         1         3         8           0.0900072             8.47306
         5         1         3         8           0.0872537             8.64462
         5         1         3         8           0.0843899             8.76193
         5         1         3         8           0.0816758             8.86649
         5         1         3         8           0.0792039             8.97644
         5         1         3         8           0.0768744             9.07712
         5         1         3         8           0.0746663             9.16669
         5         1         3         8           0.0725902             9.25011
         5         1         3         8           0.0706347             9.32766
         5         1         3         8           0.0687859             9.39961
         5         1         3         8           0.0670366             9.46489
         5         1         3         8           0.0653801             9.52498
         5         1         3         8           0.0638091             9.58087
         5         1         3         8           0.0623173              9.6317
         5         1         3         8            0.060899             9.67716
         5         1         3         8            0.059549             9.72065
         5         1         3         8           0.0582625             9.75973
         5         1         3         8           0.0570352             9.79501
         5         1         3         8           0.0558632             9.82712
         5         1         3         8           0.0547429             9.85628
         5         1         3         8           0.0536709             9.88253
         5         1         3         8           0.0526441             9.90651
         5         1         3         8           0.0516598             9.92689
         5         1         3         8           0.0507155             9.94646
         5         1         3         8           0.0498087             9.96288
         5         1         3         8           0.0489371             9.97821
         5         1         3         8           0.0480989             9.99048
         5         1         3         8            0.047292             10.0013
         5         1         3         8           0.0465149             10.0114
         5         1         3         8           0.0457657             10.0183
         5         1         3         8           0.0450432             10.0247
         5         1         3         8           0.0443458             10.0302
         5         1         3         8           0.0436723              10.034
         5         1         3         8           0.0430214             10.0361
         5         1         3         8           0.0423921              10.037
         5         2         3         8            0.283036             4.38206
         5         2         3         8            0.235575             4.96617
         5         2         3         8            0.206755              5.5125
         5         2         3         8            0.185918             5.98297
         5         2         3         8            0.169537             6.36751
         5         2         3         8            0.156214             6.66346
         5         2         3         8            0.145114             6.88898
         5         2         3         8            0.135713             7.06155
         5         2         3         8            0.127638             7.20083
         5         2         3         8            0.120622             7.30484
         5         2         3         8            0.114465             7.40331
         5         2         3         8            0.109012             7.48357
         5         2         3         8            0.104146             7.57292
         5         2         3         8           0.0997664             7.64794
         5         2         3         8            0.095828             7.71566
         5         2         3         8           0.0921622             7.78889
         5         2         3         8           0.0892651             7.89858
         5         2         3         8           0.0867612             8.00076
         5         2         3         8           0.0841572             8.06744
         5         2         3         8           0.0816999             8.13411
         5         2         3         8           0.0794451             8.21094
         5         2         3         8           0.0773131             8.28637
         5         2         3         8           0.0752792             8.35703
         5         2         3         8           0.0733537              8.4274
         5         2         3         8           0.0715328              8.4966
         5         2         3         8           0.0698045             8.56511
         5         2         3         8           0.0681613             8.63338
         5         2         3         8           0.0665984             8.69966
         5         2         3         8           0.0651105             8.76271
         5         2         3         8           0.0636922             8.82764
         5         2         3         8           0.0623389             8.88868
         5         2         3         8           0.0610464              8.9508
         5         2         3         8           0.0598107             9.00862
         5         2         3         8           0.0586282             9.06695
         5         2         3         8           0.0574956              9.1234
         5         2         3         8           0.0564097             9.17896
         5         2         3         8           0.0553679             9.23369
         5         2         3         8           0.0543676             9.28479
         5         2         3         8           0.0534062              9.3359
         5         2         3         8           0.0524815             9.38542
         5         2         3         8           0.0515915             9.43378
         5         2         3         8           0.0507344             9.47972
         5         2         3         8           0.0499083             9.52547
         5         2         3         8           0.0491115               9.571
         5         2         3         8           0.0483425             9.61295
         5         2         3         8           0.0475999             9.65435
         5         2         3         8           0.0468824             9.69435
         5         2         3         8           0.0461886             9.73293
         5         2         3         8           0.0455174             9.77069
         5         2         3         8           0.0448678             9.80653
