*telnum  csinum       CsI V        err_CsI V      energy      err_energy
    0      1    0.487473       0.00877806     80.2672          2.90758  
    0      1    0.473772        0.0100775      78.837          2.87173  
    0      1    0.471254       0.00995638     77.3786          2.83486  
    0      1    0.459492        0.0104444     75.8932          2.79699  
    0      2    0.459541        0.0086988     72.8473          2.71848  
    0      2    0.448948        0.0111326     70.6997          2.66254  
    0      2    0.432405         0.012501     68.5127          2.60517  
    0      2    0.418557        0.0141265     66.2899          2.54651  
    0      3    0.448407       0.00995809     72.2657          2.70339  
    0      3    0.432359        0.0113137      70.107          2.64704  
    0      3    0.421805        0.0110313     67.9099          2.58929  
    0      3    0.412579       0.00927954     65.6779          2.53031  
    1      0    0.494471       0.00905472     79.2235          2.88004  
    1      0    0.485102       0.00918026      77.589          2.83876  
    1      0    0.473171       0.00965679     75.9203           2.7962  
    1      0    0.463371         0.010668     74.2193          2.75246  
    1      1    0.485349        0.0108255     77.9553          2.84804  
    1      1    0.469324       0.00961565     75.9203           2.7962  
    1      1    0.460134        0.0088906     73.8371          2.74258  
    1      1    0.445886       0.00730052     71.7093          2.68732  
    1      2    0.436134       0.00913857     68.7423          2.60956  
    1      2    0.419859       0.00949634     66.5233          2.55097  
    1      2    0.407872       0.00887749     64.2718          2.49123  
    1      2    0.394874       0.00784229     61.9914          2.43051  
    1      3    0.429085       0.00851998     70.9252          2.66684  
    1      3    0.418253        0.0102218     68.7423          2.60956  
    1      3    0.407935       0.00996621     66.5233          2.55097  
    1      3     0.39541       0.00874805     64.2718          2.49123  
    2      0    0.435097        0.0100358     72.1363           2.6964  
    2      0    0.425338       0.00983374     69.7771          2.63463  
    2      0    0.413004       0.00862774     67.3731          2.57124  
    2      0    0.400622       0.00888676      64.929           2.5064  
    2      1    0.384045       0.00993359     65.9519          2.53358  
    2      1    0.367728        0.0101051     63.2795          2.46248  
    2      1    0.354245       0.00907775      60.569          2.39008  
    2      1    0.340009         0.007924     57.8262          2.31667  
    2      2    0.371017       0.00808185     57.8262          2.31667  
    2      2    0.354365       0.00204061     55.0567           2.2425  
    2      2    0.341012       0.00208622     52.2659          2.16791  
    2      2    0.324515       0.00803577     49.4589          2.09321  
    2      3    0.385657       0.00939046     63.2795          2.46248  
    2      3     0.37249       0.00869078     60.7788           2.3957  
    2      3    0.357065       0.00945788     58.2501          2.32801  
    2      3    0.344776       0.00931577     55.6979          2.25967  
    3      0    0.349398       0.00982153     55.4926          2.25368  
    3      0    0.337347       0.00606526     52.7051          2.17909  
    3      0    0.317967       0.00243764     49.9006          2.10438  
    3      0    0.307659       0.00770578      47.084          2.02983  
    3      1    0.306675       0.00781973     46.4328           2.0127  
    3      1    0.293012       0.00109625     44.0422          1.95018  
    3      1    0.275144      0.000625525     41.6491          1.88839  
    3      1    0.264251       0.00164308     39.2553          1.82761  
    3      2     0.19113       0.00500529     41.2139          1.87724  
    3      2    0.180893       0.00120435     38.1674           1.8004  
    3      2    0.169905      0.000505902      35.123          1.72605  
    3      2    0.155909      0.000720471     32.0816          1.65511  
    3      3    0.317968       0.00897167     48.8185          2.07567  
    3      3    0.296258      0.000586579     45.7812          1.99559  
    3      3    0.280884      0.000707921     42.7371          1.91637  
    3      3     0.26628       0.00242526     39.6906          1.83859  
    4      0    0.275235       0.00116958     46.1634          2.00887  
    4      0    0.261948       0.00110121     43.7702          1.94653  
    4      0    0.247509      0.000949043     41.3745          1.88497  
    4      0    0.236174       0.00106292      38.978          1.82449  
    4      1    0.282162        0.0021533      46.598          2.02024  
    4      1    0.267305      0.000604591     44.2056          1.95781  
    4      1     0.25629       0.00061443     41.8102          1.89608  
    4      1     0.24024       0.00116969     39.4137          1.83537  
    4      2    0.238299      0.000704027     35.4934          1.73913  
    4      2    0.222844      0.000866756     33.0994           1.6829  
    4      2    0.206011      0.000777583     30.7065          1.62928  
    4      2    0.192567      0.000755709      28.313          1.57901  
    4      3    0.229333       0.00108751     35.2757          1.73393  
    4      3     0.21618      0.000821169     32.8819          1.67791  
    4      3    0.200582      0.000878139      30.489          1.62454  
    4      3    0.185028      0.000923922     28.0954          1.57466  
    5      0    0.294601      0.000820308     45.9588          2.00271  
    5      0    0.279752      0.000848894     43.5659          1.94039  
    5      0    0.266797       0.00101704     41.1707          1.87887  
    5      0    0.250149        0.0048296     38.7749          1.81847  
    5      1    0.328252       0.00203095     44.4365          1.96298  
    5      1    0.309261       0.00118298     41.8241          1.89556  
    5      1    0.296621       0.00108933     39.2104          1.82935  
    5      1    0.278164      0.000464941     36.5974          1.76478  
    5      2    0.270921       0.00144548     33.5511          1.69226  
    5      2     0.24959      0.000557881     30.9417          1.63324  
    5      2    0.232197      0.000951976      28.332          1.57812  
    5      2    0.209782      0.000805424     25.7181          1.52818  
    5      3    0.386346      0.000888153      35.074          1.72807  
    5      3    0.363392      0.000886372     32.6812          1.67221  
    5      3    0.339515         0.001867     30.2894          1.61904  
    5      3    0.318914        0.0217081     27.8968           1.5694  
    6      0    0.246344      0.000567045     40.7928          1.86563  
    6      0    0.231766       0.00119113     38.1824          1.79982  
    6      0    0.220047      0.000542621     35.5736          1.73586  
    6      0    0.201259       0.00332222     32.9671          1.67427  
    6      1    0.243295        0.0023198       37.53          1.78366  
    6      1    0.228749      0.000712029     34.9217           1.7202  
    6      1    0.210958       0.00087078     32.3158          1.65931  
    6      1     0.19564       0.00219307     29.7114          1.60176  
    6      2     0.17144        0.0061795     26.8887          1.54435  
    6      2    0.156533       0.00111819     24.2762          1.49752  
    6      2    0.139728      0.000837808     21.6478            1.459  
    6      2    0.124707       0.00144248      18.988          1.43252  
    6      3    0.185105       0.00698076     30.3625          1.61576  
    6      3    0.170973       0.00123258     27.5405          1.55704  
    6      3    0.155609       0.00095084     24.7124          1.50483  
    6      3    0.136789      0.000735385     21.8677          1.46182  
    7      0    0.200074       0.00785843     31.5518          1.63519  
    7      0    0.181468      0.000521926     28.7385          1.57377  
    7      0    0.165852      0.000762333     25.9234          1.51795  
    7      0    0.144163      0.000679041     23.0986          1.46976  
    7      1    0.182782       0.00753694     26.5735          1.53023  
    7      1    0.163677      0.000910427     23.7519          1.48006  
    7      1    0.144805       0.00108362     20.9106          1.44009  
    7      1    0.127499      0.000956361     18.0281          1.41554  
    7      2    0.115063       0.00104429     17.1277          1.41252  
    7      2   0.0957905      0.000375332     14.1296          1.42564  
    7      2   0.0747802      0.000683566     10.9445          1.50202  
    7      2   0.0462942       0.00111935     7.36361          1.77542  
    7      3     0.13882      0.000463195     20.9106          1.44009  
    7      3    0.121737      0.000401112     18.0281          1.41554  
    7      3    0.101981      0.000322811     15.0664          1.41691  
    7      3   0.0822193       0.00089584     11.9531          1.46886  
    8      0   0.0469813       0.00033137     8.67499           1.6894  
    8      0   0.0363824        0.0015521     7.17467          1.87357  
    8      0   0.0265851      0.000491266     5.48725          2.28423  
    8      1   0.0452579      0.000619795      9.5185          1.62154  
    8      1   0.0339426      0.000714536     7.79174          1.78526  
    8      1   0.0259908       0.00172833     5.84601          2.16531  
    9      0   0.0403701      0.000553683     9.52709          1.62025  
    9      0   0.0253789      0.000745037     7.80171          1.78316  
    9      0   0.0106203       0.00137423     5.85833          2.16044  
    9      1   0.0474972      0.000445389     9.52709          1.62025  
    9      1   0.0351366      0.000681326     7.80171          1.78316  
    9      1    0.023715       0.00268587     5.85833          2.16044  
   10      0   0.0447497       0.00101865     9.26674          1.59361  
   10      0   0.0344747        0.0014372     7.55203          1.75967  
   10      0    0.025778      0.000732321     5.61312          2.15558  
   10      1   0.0334114       0.00303784     7.84978          1.72301  
   10      1   0.0239223      0.000861287     6.29469          1.97435  
   10      1    0.019732      0.000642278     4.48874          2.70187  
