*telnum  csinum       CsI V        err_CsI V      energy      err_energy
    1      2    0.619093       0.00952513      97.196          2.53666  
    1      2    0.600903        0.0100003     94.1075          2.48244  
    1      2    0.581363       0.00867622     90.9801          2.42678  
    1      2    0.565764        0.0102103     87.8191          2.36982  
    1      3    0.614159       0.00914649     100.788          2.59871  
    1      3    0.600955       0.00980976     98.0308          2.55118  
    1      3    0.584511        0.0105145     95.2354          2.50234  
    1      3    0.565792       0.00408189     92.4061          2.45225  
    1      3    0.552573       0.00972636     89.5471          2.40104  
    2      0    0.618751       0.00874421     101.908          2.61677  
    2      0    0.597929       0.00954165     98.6147          2.56023  
    2      0    0.580151       0.00930599     95.2654          2.50174  
    2      0    0.565011        0.0111596     91.8674          2.44148  
    2      1    0.544612       0.00919659     94.1378          2.48184  
    2      1    0.526722       0.00874548     90.7251          2.42103  
    2      1    0.505372       0.00227695     87.2732          2.35868  
    2      1     0.49299       0.00911473     83.7892            2.295  
    2      2    0.526429       0.00826672     82.0373          2.26271  
    2      2    0.505794        0.0088917     78.5179          2.19735  
    2      2    0.485632       0.00101198     74.9835          2.13114  
    2      2    0.461915       0.00142372     71.4406          2.06427  
    2      3    0.550608       0.00992494     90.4389          2.41588  
    2      3    0.530067       0.00906615     86.6946          2.34816  
    2      3    0.506108       0.00182665      82.914          2.27889  
    2      3     0.48976       0.00847819     79.1057          2.20832  
    3      0    0.499517       0.00690421     79.4057          2.21365  
    3      0    0.475763       0.00161961     75.5799          2.14208  
    3      0    0.453002      0.000484559     71.7428          2.06971  
    3      0    0.437008       0.00721738     67.9027          1.99678  
    3      1    0.452156       0.00865214     69.3795          2.02487  
    3      1    0.431001       0.00869003     65.5413          1.95172  
    3      1    0.407783      0.000517494     61.7125          1.87848  
    3      1    0.386037      0.000660327     57.8999          1.80544  
    3      1     0.36698       0.00995877     54.1102          1.73289  
    3      2    0.275749       0.00486939     59.0709          1.82788  
    3      2    0.260486      0.000447108     55.2735          1.75514  
    3      2    0.242857       0.00174258      51.503          1.68318  
    3      2    0.227701      0.000482211     47.7646          1.61238  
    3      3    0.445724       0.00885092     68.7887          2.01364  
    3      3    0.423168       0.00116121     65.2464          1.94608  
    3      3    0.403126       0.00133026     61.7125          1.87848  
    3      3    0.382965       0.00167172     58.1925          1.81104  
    4      0     0.40441       0.00175414     66.0919          1.96392  
    4      0    0.388326      0.000632058     62.8481          1.90199  
    4      0    0.371345      0.000490277     59.6143          1.84015  
    4      0    0.351378      0.000427741     56.3946          1.77859  
    4      1    0.411484      0.000977218     66.9777          1.98079  
    4      1    0.394809      0.000626937     63.7319          1.91888  
    4      1    0.383514       0.00637309      60.495            1.857  
    4      1    0.360733       0.00127964     57.2711          1.79534  
    4      2    0.358935      0.000640527     52.0335          1.69545  
    4      2    0.344074      0.000597824     49.1486          1.64082  
    4      2    0.325911      0.000477761     46.2841          1.58703  
    4      2    0.308328      0.000847426     43.4415          1.53431  
    4      2    0.292678       0.00858331     40.6221          1.48296  
    4      3    0.348459      0.000519918      51.455          1.68445  
    4      3    0.332231      0.000478913      48.287          1.62457  
    4      3    0.308165      0.000361207     45.1443          1.56578  
    4      3    0.291449       0.00217432     42.0288          1.50844  
    5      0    0.425165      0.000502606     66.1016           1.9637  
    5      0    0.412289       0.00283144     62.8581          1.90175  
    5      0    0.389873      0.000980474     59.6248          1.83989  
    5      0    0.372253       0.00145379     56.4056          1.77832  
    5      1    0.476237      0.000603791     64.0366          1.92428  
    5      1    0.458465      0.000953797     60.7991          1.86237  
    5      1    0.436027      0.000754722     57.5743          1.80068  
    5      1    0.414599      0.000797111      54.366          1.73934  
    5      1    0.396547       0.00822488     51.1778          1.67866  
    5      2    0.402671        0.0010526     49.1608          1.64049  
    5      2    0.380758       0.00093188     46.0117          1.58133  
    5      2    0.359302      0.000482083     42.8894          1.52352  
    5      2    0.336327       0.00138725     39.7952          1.46739  
    5      3    0.579097      0.000766854     51.1778          1.67866  
    5      3     0.55097       0.00107483     48.0127          1.61883  
    5      3    0.517411      0.000709266     44.8731          1.56014  
    5      3    0.491095        0.0115788     41.7609          1.50289  
    6      0    0.360041      0.000774919     59.3745          1.83323  
    6      0    0.341427       0.00060742     55.8671          1.76603  
    6      0    0.320833      0.000585756      52.382           1.6994  
    6      0    0.305063      0.000405425     48.9234          1.63369  
    6      0    0.284543       0.00820505     45.4948          1.56921  
    6      1    0.355805      0.000856434      54.412          1.73816  
    6      1    0.333785      0.000301635     50.6492          1.66642  
    6      1    0.313103      0.000264709     46.9196          1.59591  
    6      1    0.291174      0.000713014     43.2272          1.52713  
    6      2    0.261648      0.000447644     40.9746          1.48586  
    6      2    0.244481      0.000425909     37.6245          1.42598  
    6      2    0.225328      0.000693514     34.3083          1.36905  
    6      2     0.20567      0.000263693     31.0234          1.31598  
    6      2    0.189741       0.00682398     27.7639          1.26803  
    6      3    0.277134      0.000360728     45.2106          1.56391  
    6      3    0.262977      0.000385388     41.8175          1.50122  
    6      3    0.243172      0.000830333     38.4587          1.44069  
    6      3    0.225476      0.000246253     35.1343          1.38296  
    7      0    0.290994       0.00134982     46.4256          1.58308  
    7      0    0.269742       0.00035828     42.7443          1.51434  
    7      0    0.253285      0.000563385     39.1039          1.44795  
    7      0    0.229389       0.00212179     35.5048          1.38459  
    7      1    0.269854       0.00117942     40.2196          1.46808  
    7      1    0.248447      0.000337521     36.6079          1.40369  
    7      1    0.226543      0.000371178     33.0365          1.34303  
    7      1    0.205511      0.000395955      29.501          1.28726  
    7      2    0.188779      0.000521402     28.1489           1.2675  
    7      2    0.172087      0.000178661     24.6462          1.22193  
    7      2    0.149872      0.000145823     21.1429          1.18809  
    7      2    0.128173      0.000144568     17.6002          1.17341  
    7      3    0.221726      0.000363315     33.5834          1.35206  
    7      3    0.203901      0.000710369     30.0429          1.29545  
    7      3    0.183015      0.000161865     26.5307          1.24534  
    7      3    0.161607      0.000413031     23.0312          1.20457  
    8      0    0.131047      0.000301556     19.1327          1.19803  
    8      0    0.116978      0.000166066     16.9021            1.198  
    8      0    0.105381        0.0001862     14.6156          1.21451  
    8      0   0.0901257      8.24429e-05     12.2341          1.25931  
    8      0   0.0883307      0.000209471     9.68622          1.35496  
    8      1    0.142495      0.000320668     20.7836          1.20531  
    8      1     0.13116      0.000303201     19.1327          1.19803  
    8      1     0.12088      0.000195902     17.4639          1.19675  
    8      1    0.110191      0.000131541     15.7679          1.20368  
    8      1    0.108022        0.0182721     14.0313           1.2225  
    9      0    0.135092      0.000173464     20.2396          1.20208  
    9      0    0.120626       0.00021545     18.3063          1.19627  
    9      0    0.108269      0.000198107     16.3426          1.19991  
    9      0   0.0998933      6.77483e-05     14.3305          1.21777  
    9      0   0.0985695      7.74288e-11     12.2412          1.25868  
    9      1    0.126656      0.000583129     20.2396          1.20208  
    9      1    0.116551      0.000220534     18.3063          1.19627  
    9      1    0.107915      0.000237731     16.3426          1.19991  
    9      1   0.0946269      8.13045e-05     14.3305          1.21777  
    9      1    0.092712      0.000168781     12.2412          1.25868  
   10      0    0.125987      0.000183004     19.4616            1.181  
   10      0     0.11478      0.000216818     17.2644          1.17683  
   10      0    0.098566      0.000178007     15.0208          1.18692  
   10      0   0.0807688      0.000403574     12.6975          1.22065  
   10      0   0.0771801      0.000173423      10.235          1.29493  
   10      1    0.124851       0.00018552     18.0924          1.17701  
   10      1    0.115001      0.000155847     16.4299          1.17859  
   10      1    0.104962      0.000258737     14.7356          1.18957  
   10      1   0.0999401      0.000245141      12.994          1.21478  
   10      1    0.101768       0.00569121     11.1809          1.26301  
