*telnum  csinum     ch      err_ch       theta(deg)  theta_min (deg)   theta_max      energy  err_energy       CsI V  err_CsI V
    2      2  662.333     10.1762           40.785           40.565      41.005     119.607     2.01708    0.732308   0.0120836  
    2      2  640.871     7.54232           42.215           41.995      42.435     113.968     1.96331    0.707115   0.0088417  
    2      2  616.768     8.72469           43.645           43.425      43.865     108.326      1.9079    0.678476   0.0104695  
    2      2  591.786     9.41639           45.075           44.855      45.295     102.696     1.85105    0.648223    0.011394  
    3      0  655.176     9.65728           41.775           41.555      41.995     115.709     1.97998    0.705229   0.0114631  
    3      0  634.275     9.93834           43.205           42.985      43.425     110.067     1.92505    0.680362   0.0118192  
    3      0  610.105      7.7893           44.635           44.415      44.855     104.432     1.86862    0.651827  0.00915075  
    3      0  588.395     9.97238           46.065           45.845      46.285     98.8161     1.81088    0.626645   0.0115063  
    3      1  589.286     11.0287           46.065           45.845      46.285     98.8161     1.81088    0.624862   0.0134291  
    3      1  571.208      8.2719           47.385           47.165      47.605     93.6609     1.75662    0.602567   0.0102373  
    3      1  550.407      7.6655           48.705           48.485      48.925     88.5427     1.70158    0.576672  0.00955584  
    3      1  525.806     7.89005           50.025           49.805      50.245     83.4703     1.64597    0.546244  0.00968743  
    3      2  399.836       6.321           49.035           48.815      49.255     87.2699     1.68773    0.392017  0.00751298  
    3      2  378.776     7.10781           50.575           50.355      50.795     81.3724     1.62267    0.366637  0.00861316  
    3      2  361.383      6.5641           52.115           51.895      52.335     75.5536     1.55716    0.345467  0.00799703  
    3      2  341.433     7.86603           53.655           53.435      53.875     69.8257     1.49152    0.321229  0.00953494  
    3      3  598.69     9.03481           45.295           45.075      45.515     101.837     1.84212    0.639806   0.0106012  
    3      3  573.219      9.6087           46.725           46.505      46.945     96.2345     1.78386    0.610241   0.0111342  
    3      3  544.672     9.08728           48.155           47.935      48.375     90.6702      1.7246    0.576653   0.0108149  
    3      3  517.242     10.0555           49.585           49.365      49.805     85.1555     1.66456    0.543885    0.011967  
    4      0  707.622     5.41196           45.955           45.735      46.175     99.2179     1.81576       0.574  0.00494153  
    4      0  681.109     7.18205           47.165           46.945      47.385     94.4876     1.76614    0.549813  0.00656181  
    4      0  654.699     7.21464           48.375           48.155      48.595     89.7869     1.71586     0.52547  0.00668631  
    4      0  627.983      7.3496           49.585           49.365      49.805     85.1228     1.66505    0.500574  0.00686147  
    4      1  705.264     9.31575           45.735           45.515      45.955     100.081     1.82471    0.583566  0.00839627  
    4      1  678.579     7.96252           46.945           46.725      47.165     95.3457     1.77522    0.559507   0.0071695  
    4      1  647.471    0.915881           48.155           47.935      48.375     90.6391     1.72504    0.531755  0.000809803  
    4      1  622.386     8.16048           49.365           49.145      49.585     85.9678     1.67432    0.509652  0.00718257  
    4      2  557.379     3.01992           51.345           51.125      51.565     78.4177     1.59048    0.510387  0.00317873  
    4      2    527     10.3665           52.555           52.335      52.775      73.871     1.53899    0.478068   0.0111228  
    4      2  504.884     1.93613           53.765           53.545      53.985     69.3823     1.48747    0.454094   0.0021072  
    4      2  479.973     1.11075           54.975           54.755      55.195     64.9569      1.4361    0.426967  0.00120757  
    4      3  557.495     1.56306           51.455           51.235      51.675     78.0021     1.58581    0.492922  0.00161181  
    4      3  525.444     2.23507           52.665           52.445      52.885     73.4604      1.5343    0.459945   0.0022993  
    4      3  505.466    0.789774           53.875           53.655      54.095     68.9773     1.48279    0.439349  0.000816233  
    4      3  477.766    0.779453           55.085           54.865      55.305     64.5579     1.43144    0.410736  0.00080195  
    5      0  682.113     7.14486           46.285           46.065      46.505     97.9325     1.80221     0.60708  0.00709513  
    5      0  654.521     7.66527           47.495           47.275      47.715     93.2099     1.75238    0.579964   0.0074765  
    5      0  628.758     8.19102           48.705           48.485      48.925     88.5188     1.70193    0.554979  0.00793968  
    5      0  604.306     10.1416           49.915           49.695      50.135     83.8662       1.651     0.53109  0.00995616  
    5      1  767.826     11.2899           47.275           47.055      47.495     94.0664      1.7615    0.670402   0.0107399  
    5      1  739.837     9.93217           48.485           48.265      48.705      89.369     1.71115    0.643871  0.00941042  
    5      1  706.6     13.3955           49.695           49.475      49.915     84.7089     1.66029    0.612275   0.0127583  
    5      1  677.296    0.697635           50.905           50.685      51.125     80.0927     1.60905    0.584242  0.000669325  
    5      2  619.416     12.4205           52.665           52.445      52.885     73.4693     1.53416    0.571174   0.0127212  
    5      2  586.02     1.09566           53.985           53.765      54.205     68.5822     1.47796    0.537316  0.00109541  
    5      2  549.529     1.72964           55.305           55.085      55.525     63.7716     1.42196    0.501064  0.00172656  
    5      2  513.833     1.22427           56.625           56.405      56.845     59.0433     1.36645    0.464733  0.00126098  
    5      3  959.842     18.7138           52.225           52.005      52.445     75.1142      1.5529    0.806994   0.0167304  
    5      3  909.317     1.25032           53.435           53.215      53.655     70.6096     1.50136    0.761467  0.00113816  
    5      3  864.825     8.93764           54.645           54.425      54.865      66.167     1.44993    0.720869  0.00815519  
    5      3  809.643     1.55106           55.855           55.635      56.075     61.7911     1.39876    0.670507   0.0014164  
    6      0  573.907     8.61189           49.035           48.815      49.255     87.2778     1.68762     0.51133  0.00848437  
    6      0  546.373     9.16326           50.355           50.135      50.575     82.2186     1.63188    0.484214  0.00900209  
    6      0  517.745     9.32167           51.675           51.455      51.895     77.2159     1.57577    0.456188  0.00912293  
    6      0  492.125     1.15026           52.995           52.775      53.215     72.2777     1.51949     0.43101  0.00113399  
    6      1  562.373     9.57116           50.795           50.575      51.015     80.5444      1.6132     0.50764  0.00931331  
    6      1  532.193    0.982028           52.225           52.005      52.445     75.1501     1.55232    0.477916  0.000978177  
    6      1  502.503     1.54443           53.655           53.435      53.875      69.835     1.49137    0.448204  0.00154625  
    6      1  473.135    0.765604           55.085           54.865      55.305      64.608     1.43056    0.418934  0.000761196  
    6      2  454.839     1.37723           56.075           55.855      56.295     61.0451     1.38875    0.372897   0.0013016  
    6      2  432.265     1.19939           57.285           57.065      57.505     56.7561     1.33811    0.351505  0.00113728  
    6      2  405.26    0.978657           58.495           58.275      58.715     52.5426     1.28821     0.32597  0.000923391  
    6      2  377.863     1.56605           59.705           59.485      59.925      48.407     1.23935    0.300122  0.00147892  
    6      3  471.763    0.952987           54.755           54.535      54.975      65.806     1.44456    0.391473  0.000913802  
    6      3  447.89    0.814888           55.965           55.745      56.185     61.4386     1.39339    0.368414  0.000790975  
    6      3  421.636    0.992758           57.175           56.955      57.395     57.1429     1.34269    0.342899  0.000963873  
    6      3  397.886    0.589748           58.385           58.165      58.605     52.9224      1.2927    0.319872  0.000571591  
    7      0  507.084     9.69825           54.095           53.875      54.315     68.2736     1.47167    0.420401  0.00928862  
    7      0  476.087      1.2081           55.525           55.305      55.745     63.0789     1.41089    0.390591  0.00117372  
    7      0  445.849    0.525939           56.955           56.735      57.175     57.9828     1.35066    0.360923  0.000518753  
    7      0  417.286     1.64103           58.385           58.165      58.605     52.9914     1.29136    0.332797  0.00161113  
    7      1  470.31     10.9699           56.405           56.185      56.625     59.9307     1.37374    0.389517   0.0104546  
    7      1  442.52     2.67918           57.945           57.725      58.165     54.5157     1.30949    0.362673  0.00260009  
    7      1  407.016    0.727256           59.485           59.265      59.705     49.2261     1.24664    0.328317  0.00070069  
    7      1  376.752     1.38221           61.025           60.805      61.245     44.0658     1.18585    0.299145  0.00133582  
    7      2  386.744     12.1149           60.695           60.475      60.915     45.1606     1.19866    0.287463   0.0114335  
    7      2  369.639     1.05852           61.905           61.685      62.125     41.1753     1.15235    0.271435  0.000990245  
    7      2  339.169     3.67267           63.115           62.895      63.335     37.2689     1.10823    0.242808  0.00347534  
    7      2  317.061     1.30102           64.325           64.105      64.545     33.4377     1.06704    0.221737  0.00124525  
    7      3  395.767     10.1757           58.495           58.275      58.715     52.6119     1.28684    0.337425   0.0102188  
    7      3  374.241     0.77397           59.595           59.375      59.815     48.8532     1.24222    0.315572  0.000788393  
    7      3  355.357     1.32673           60.695           60.475      60.915     45.1606     1.19866    0.296362  0.00134554  
    7      3  330.661     1.63719           61.795           61.575      62.015     41.5343     1.15647    0.271452  0.00164694  
    8      2  201.856    0.512014           69.715           69.495      69.935     16.4999    0.990048      0.1115  0.000463828  
    8      2  179.879     0.44143           70.705           70.485      70.925     13.3196     1.02585   0.0915903  0.000399886  
    8      2  156.389    0.496549           71.695           71.475      71.915     9.91413     1.12078   0.0703113  0.000449817  
    8      2  129.027    0.804381           72.685           72.465      72.905     5.95707     1.47868   0.0455244  0.000728679  
    8      3  185.37    0.418661           70.045           69.825      70.265     15.4551    0.997815    0.101585  0.000414926  
    8      3  167.339    0.391689           71.035           70.815      71.255      12.219     1.04853   0.0837151  0.000388195  
    8      3  144.637    0.368075           72.025           71.805      72.245      8.6905     1.18653   0.0612164  0.000364792  
    8      3  119.313     1.20828           73.015           72.795      73.235     4.30342     1.93722   0.0361177  0.00119751  
    9      2  210.99    0.874606           69.935           69.715      70.155     15.8106    0.994547    0.101497  0.00078581  
    9      2  189.969    0.591419           70.925           70.705      71.145     12.5959     1.03965   0.0826104  0.000531374  
    9      2  165.722     0.50443           71.915           71.695      72.135     9.11466     1.16048   0.0608247  0.000453216  
    9      2  136.474     1.21542           72.905           72.685      73.125     4.90453     1.71622   0.0345462  0.00109202  
    9      3  198.771    0.689324           69.825           69.605      70.045     16.1587    0.991987    0.110714  0.000671038  
    9      3  181.399    0.837567           70.705           70.485      70.925     13.3262     1.02543    0.093803  0.000815348  
    9      3  161.707     0.30569           71.585           71.365      71.805     10.3185     1.10502   0.0746334  0.00029758  
    9      3  140.542    0.524671           72.465           72.245      72.685      6.9381     1.33872   0.0540303  0.000510753  
   10      2  181.972     13.1202           71.585           71.365      71.805     10.8365     1.06448   0.0659866   0.0130393  
   10      2  163.304     1.71869           72.465           72.245      72.685     7.61869     1.23398   0.0474333   0.0017081  
   10      2  135.732     8.70965           73.345           73.125      73.565     3.46969     2.41867    0.020032  0.00865598  
   10      3  172.705      8.8367           70.485           70.265      70.705     14.4574    0.989823   0.0944319  0.00804067  
   10      3  160.438     1.91892           71.365           71.145      71.585     11.5859     1.04252   0.0832704  0.00174606  
   10      3  139.982     1.00767           72.245           72.025      72.465     8.46784     1.16989   0.0646572  0.000916895  
   10      3  114.935     1.89437           73.125           72.905      73.345     4.69863        1.72   0.0418661  0.00172372  
   11      0  253.589     3.78391           67.075           66.855      67.295     24.8364     0.99517    0.137851  0.00329449  
   11      0  231.055     14.6831           67.955           67.735      68.175     22.1549    0.980251    0.118232    0.012784  
   11      0  219.355     11.3338           68.835           68.615      69.055     19.4703    0.972981    0.108045  0.00986786  
   11      1  208.342     14.8979           67.625           67.405      67.845     23.1599    0.985128    0.124742   0.0142518  
   11      1  197.17     1.73854           68.505           68.285      68.725     20.4787    0.974623    0.114055  0.00166314  
   11      1  184.674     12.4035           69.385           69.165      69.605     17.7806    0.973953    0.102101   0.0118656  
