*telnum      csinum  Voltage (V)  err_VoltageEnergy(MeV)  err_Energy     Z     A
    5           0    0.004189           0     1.466           0    2      4
    5           0    0.013626           0     3.248           0    2      4
    5           0    0.024254           0     5.255           0    2      4
    5           0    0.035862           0      7.28           0    2      4
    5           0    0.048052           0     9.283           0    2      4
    5           0    0.060967           0    11.271           0    2      4
    5           0    0.074367           0    13.247           0    2      4
    5           1    0.003806           0     1.452           0    2      4
    5           1    0.012728           0     3.215           0    2      4
    5           1    0.022689           0     5.203           0    2      4
    5           1    0.033735           0      7.21           0    2      4
    5           1    0.045503           0     9.198           0    2      4
    5           1    0.057821           0    11.169           0    2      4
    5           1    0.070469           0    13.129           0    2      4
    5           2    0.003705           0     1.355           0    2      4
    5           2     0.01268           0     2.982           0    2      4
    5           2    0.022674           0     4.834           0    2      4
    5           2    0.033636           0     6.721           0    2      4
    5           2    0.044916           0     8.591           0    2      4
    5           2    0.057011           0    10.448           0    2      4
    5           2    0.070518           0     12.29           0    2      4
    5           3    0.003424           0     1.368           0    2      4
    5           3    0.012035           0     3.013           0    2      4
    5           3    0.021625           0     4.882           0    2      4
    5           3     0.03229           0     6.785           0    2      4
    5           3    0.043035           0     8.671           0    2      4
    5           3    0.054878           0    10.542           0    2      4
    5           3    0.068252           0    12.402           0    2      4
