*telnum      csinum  Voltage (V)  err_VoltageEnergy(MeV)  err_Energy     Z     A
    5           0    0.005115           0      0.79           0    1      2
    5           0    0.020503           0     2.863           0    1      2
    5           0    0.034411           0      4.86           0    1      2
    5           0    0.051372           0     6.844           0    1      2
    5           0    0.067348           0     8.822           0    1      2
    5           1     0.00479           0     0.785           0    1      2
    5           1    0.018063           0      2.85           0    1      2
    5           1    0.033653           0     4.839           0    1      2
    5           1    0.049353           0     6.814           0    1      2
    5           1    0.064497           0     8.784           0    1      2
    5           2    0.005017           0     0.751           0    1      2
    5           2    0.020302           0     2.757           0    1      2
    5           2     0.03632           0     4.685           0    1      2
    5           2    0.050384           0       6.6           0    1      2
    5           2     0.06712           0     8.509           0    1      2
    5           3    0.004659           0     0.756           0    1      2
    5           3    0.017902           0     2.769           0    1      2
    5           3    0.033415           0     4.706           0    1      2
    5           3    0.048999           0     6.629           0    1      2
    5           3    0.064476           0     8.545           0    1      2
