*tel  numcsi  CsI (ch) err CsI (ch)   CsI (V) err CsI (V)  Si (MeV) err Si (MeV)
    0        0       181.5         0.5    0.150534  0.000664296     41.7339   0.0591432
    0        0       211.5         0.5    0.190392  0.000664296     38.6334   0.0342475
    0        0       241.5         0.5     0.23025  0.000664296     35.9847   0.0195375
    0        0       271.5         0.5    0.269969  0.000657517     33.6831   0.0431133
    0        0       301.5         0.5    0.309568  0.000662362     31.6729   0.0473365
    0        0       331.5         0.5    0.349426  0.00066612     29.7218   0.0422064
    0        0       361.5         0.5    0.389477  0.000668791     28.1412   0.0453654
    0        0       391.5         0.5    0.429657  0.000670375     26.6146   0.0299133
    0        0       421.5         0.5      0.4699  0.000670871     25.2898    0.047899
    0        0       451.5         0.5     0.51014  0.000670281     24.1368   0.0851225
    0        0       481.5         0.5    0.550313  0.000668603     22.9827   0.0467524
    0        0       511.5         0.5    0.590354  0.000666023     22.1309    0.032258
    0        0       541.5         0.5    0.630255  0.000664158     21.0596   0.0671296
    0        0       571.5         0.5    0.670076  0.000663383     20.2107   0.0672936
    0        0       601.5         0.5    0.709883  0.000663697     19.4034   0.0327842
    0        0       631.5         0.5    0.749741  0.000665099     18.6995   0.0666667
    0        0       661.5         0.5    0.789714  0.000667559     18.0327   0.0471002
    0        0       691.5         0.5    0.829866  0.000671073     17.2632   0.0607636
    0        0       721.5         0.5     0.87026  0.00067564      16.807   0.0480879
    0        1       151.5         0.5    0.130291  0.000687402      42.768   0.0457221
    0        1       181.5         0.5    0.171535  0.000687402     39.6276   0.0270048
    0        1       211.5         0.5    0.212779  0.000687402     36.8378   0.0441617
    0        1       241.5         0.5    0.254023  0.000687402     34.2872   0.0365948
    0        1       271.5         0.5    0.295284  0.000687575      32.146   0.0250897
    0        1       301.5         0.5    0.336531  0.000687345     30.2711   0.0277735
    0        1       331.5         0.5    0.377768  0.00068721     28.4907   0.0338209
    0        1       361.5         0.5    0.418999  0.00068717     26.9358   0.0805834
    0        1       391.5         0.5     0.46023  0.000687227     25.5485   0.0560223
    0        1       421.5         0.5    0.501468  0.000687379     24.3492   0.0228837
    0        1       451.5         0.5    0.542717  0.000687627     23.2146   0.0224735
    0        1       481.5         0.5    0.583984  0.000687953     22.1795   0.0717171
    0        1       511.5         0.5    0.625264  0.000687962     21.1584   0.0420494
    0        1       541.5         0.5     0.66653  0.000687488     20.3296   0.0447112
    0        1       571.5         0.5    0.707754  0.000686532     19.5308   0.0454998
    0        1       601.5         0.5    0.748907  0.000685292     18.7559   0.0279731
    0        1       631.5         0.5    0.790022  0.000685489     18.1467   0.0633989
    0        1       661.5         0.5    0.831202  0.000687523     17.4261   0.0298392
    0        1       691.5         0.5    0.872558  0.000691392     16.8384   0.0406884
    0        2       181.5         0.5    0.159684  0.000693427     41.6696   0.0492507
    0        2       211.5         0.5     0.20129  0.000693427     38.5917   0.0402134
    0        2       241.5         0.5    0.242896  0.000693427     35.8172   0.0384954
    0        2       271.5         0.5    0.284345  0.000690318     33.5483   0.0450828
    0        2       301.5         0.5    0.325847  0.000693047     31.6011   0.0401162
    0        2       331.5         0.5      0.3675  0.000695359     29.7394   0.0200975
    0        2       361.5         0.5    0.409279  0.000697254     28.1622   0.0359179
    0        2       391.5         0.5     0.45116  0.000698731     26.6453   0.0386751
    0        2       421.5         0.5    0.493117  0.00069979     25.3875   0.0428383
    0        2       451.5         0.5    0.535126  0.000700432     24.1705   0.0238511
    0        2       481.5         0.5    0.577161  0.000700657     22.9827   0.0651895
    0        2       511.5         0.5    0.619195  0.000700418     21.7573   0.0239307
    0        2       541.5         0.5    0.661201  0.000699682     21.0447   0.0467621
    0        2       571.5         0.5    0.703148  0.000698449     20.3428   0.0309254
    0        2       601.5         0.5    0.745007  0.000696862     19.3252   0.0725104
    0        2       661.5         0.5    0.828694  0.000699536     17.7778   0.0327386
    0        2       691.5         0.5      0.8708  0.000704482     17.2845   0.0381712
    0        2       721.5         0.5    0.913268  0.000711332       16.75   0.0534086
    0        3        91.5         0.5    0.100031  0.00070454     45.8993   0.0362662
    0        3       121.5         0.5    0.142332  0.000705437      42.291   0.0464249
    0        3       151.5         0.5    0.184678  0.000706055     39.1304    0.037941
    0        3       181.5         0.5    0.227052  0.000706394     36.3106   0.0553685
    0        3       211.5         0.5    0.269439  0.000706454     33.7574     0.33496
    0        3       241.5         0.5    0.311821  0.000706235     31.7701   0.0265721
    0        3       271.5         0.5    0.354182  0.000705737     29.8131    0.284692
    0        3       301.5         0.5    0.396505  0.00070496     27.9716    0.434458
    0        3       331.5         0.5    0.438775  0.000704153     26.7475   0.0420444
    0        3       361.5         0.5     0.48103  0.000704572     25.2306    0.109677
    0        3       391.5         0.5    0.523351  0.000706391     24.0766   0.0406152
    0        3       421.5         0.5    0.565822  0.000709611      23.038   0.0946602
    0        3       451.5         0.5    0.608507  0.000712912     21.9265    0.112246
    0        3       481.5         0.5    0.651318  0.00071368     20.9888   0.0518262
    0        3       511.5         0.5    0.694097  0.000711843     20.0257    0.134139
    0        3       541.5         0.5     0.73669  0.000707441     19.2215    0.233704
    0        3       571.5         0.5     0.77902  0.000704092     18.5699   0.0326223
    0        3       601.5         0.5    0.821251  0.000704172     17.7223    0.175896
    0        3       631.5         0.5    0.863588  0.00070768     17.1165   0.0770654
    0        3       661.5         0.5    0.906234  0.00071438     16.5651    0.132399
    1        1       151.5         0.5    0.113222  0.000658759     44.4471   0.0348047
    1        1       181.5         0.5    0.152748  0.000658759     41.2342   0.0383283
    1        1       211.5         0.5    0.192273  0.000658759     38.3307   0.0488778
    1        1       241.5         0.5    0.231799  0.000658759      35.954    0.120658
    1        1       271.5         0.5    0.271474  0.000665252     33.6022   0.0577389
    1        1       301.5         0.5    0.311246  0.000660561     31.6932   0.0867857
    1        1       331.5         0.5    0.350767  0.000656924     29.8967   0.0317271
    1        1       361.5         0.5    0.390101  0.00065434     28.2686   0.0783546
    1        1       391.5         0.5    0.429311  0.000652811     26.8875   0.0662092
    1        1       421.5         0.5     0.46846  0.000652336      25.499   0.0487778
    1        1       451.5         0.5    0.507612  0.000652916     24.3805   0.0331928
    1        1       481.5         0.5     0.54683  0.000654549     23.2876   0.0453545
    1        1       511.5         0.5    0.586176  0.000657124     22.3214   0.0407489
    1        1       541.5         0.5    0.625665  0.000659006     21.3428   0.0463787
    1        1       571.5         0.5    0.665231  0.000659652     20.4944   0.0555814
    1        1       601.5         0.5    0.704799  0.000659062     19.6139    0.141961
    1        1       631.5         0.5    0.744296  0.000657389     18.9812   0.0443394
    1        1       661.5         0.5    0.783714  0.000656838     18.1203   0.0440476
    1        1       691.5         0.5    0.823153  0.000658138     17.5637   0.0711688
    1        1       721.5         0.5    0.862725  0.000661287     17.0833   0.0533034
    1        1       751.5         0.5     0.90254  0.00066621     16.4469    0.066709
    1        2       151.5         0.5    0.138383  0.000708399     42.4303   0.0339211
    1        2       181.5         0.5    0.180795  0.000705366     39.2384    0.027621
    1        2       211.5         0.5    0.223041  0.000702916     36.4651   0.0337436
    1        2       241.5         0.5    0.265158  0.000701052     34.0291   0.0390489
    1        2       271.5         0.5    0.307181  0.000699772     31.9265   0.0254318
    1        2       301.5         0.5    0.349144  0.000699076     30.0595   0.0328456
    1        2       331.5         0.5    0.391082  0.000698965     28.4213   0.0165865
    1        2       361.5         0.5     0.43303  0.000699368      26.939   0.0271318
    1        2       391.5         0.5    0.475003  0.000699668     25.5107    0.041135
    1        2       421.5         0.5    0.516985  0.000699719     24.2599   0.0400733
    1        2       451.5         0.5    0.558964  0.000699522     23.1155    0.034435
    1        2       481.5         0.5    0.600925  0.000699212     22.0853    0.020176
    1        2       511.5         0.5    0.642877  0.000699263     21.1315   0.0254601
    1        2       541.5         0.5    0.684844  0.000699716     20.2957   0.0301737
    1        2       571.5         0.5    0.726851  0.000700571     19.4419   0.0435758
    1        2       601.5         0.5    0.768926  0.000702182     18.7455   0.0254896
    1        2       631.5         0.5    0.811136  0.000705102     18.0393   0.0231119
    1        2       661.5         0.5    0.853561  0.000709338     17.3676   0.0330108
    1        2       691.5         0.5    0.896278  0.000714877     16.7911   0.0377004
    1        3       181.5         0.5    0.139921  0.000687402     41.7256   0.0335137
    1        3       211.5         0.5    0.181165  0.000687402     38.6581   0.0258381
    1        3       241.5         0.5    0.222409  0.000687402     35.9446   0.0263702
    1        3       271.5         0.5    0.263724  0.000695647     33.5817   0.0255069
    1        3       301.5         0.5    0.305293  0.000690072     31.5102   0.0179258
    1        3       331.5         0.5    0.346563  0.000685759     29.6189   0.0168702
    1        3       361.5         0.5    0.387613  0.000682708     27.9686   0.0248474
    1        3       391.5         0.5    0.428516  0.000680919     26.4178    0.013799
    1        3       421.5         0.5    0.469349  0.000680391     25.0633   0.0321127
    1        3       451.5         0.5    0.510188  0.000681126     23.8279   0.0228942
    1        3       481.5         0.5    0.551108  0.000683122     22.7084   0.0283645
    1        3       511.5         0.5    0.592183  0.000686103     21.7134   0.0195913
    1        3       541.5         0.5    0.633412  0.000687983     20.7841    0.024961
    1        3       571.5         0.5    0.674709  0.000688333     19.9535   0.0189051
    1        3       601.5         0.5    0.715982  0.000687154     19.1203   0.0322929
    1        3       631.5         0.5    0.757148  0.000685193     18.3986   0.0175363
    1        3       661.5         0.5    0.798253  0.000685375     17.7949   0.0365157
    1        3       691.5         0.5     0.83944    0.000688     17.1805   0.0240778
    1        3       721.5         0.5    0.880858  0.000693065     16.5838   0.0239289
    2        1       181.5         0.5    0.142028  0.000699565     40.6042    0.126118
    2        1       211.5         0.5    0.184002  0.000699565     37.8722   0.0941732
    2        1       241.5         0.5    0.225976  0.000699565     35.1728   0.0409692
    2        1       271.5         0.5    0.267941  0.000699017     32.7421    0.095397
    2        1       301.5         0.5    0.309896  0.000699448     30.5841   0.0342068
    2        1       331.5         0.5    0.351872  0.000699737     28.5012   0.0829333
    2        1       361.5         0.5    0.393861  0.000699885     26.9671   0.0669169
    2        1       391.5         0.5    0.435855  0.000699891     25.6012    0.512151
    2        1       421.5         0.5    0.477845  0.000699755     24.0674     0.17201
    2        1       451.5         0.5    0.519823  0.000699478     22.7556    0.177702
    2        1       481.5         0.5     0.56178  0.000699059     21.8022   0.0651719
    2        1       511.5         0.5    0.603711  0.000698711     20.7643    0.076272
    2        1       541.5         0.5    0.645639  0.000699028     19.8328    0.128723
    2        2       121.5         0.5    0.102806  0.000691354     45.0885    0.455266
    2        2       151.5         0.5    0.144201  0.000688565     41.3438    0.160566
    2        2       181.5         0.5    0.185453  0.000686631     38.4168   0.0537236
    2        2       211.5         0.5    0.226615  0.000685554     35.8308   0.0710548
    2        2       241.5         0.5    0.267738  0.000685333     33.5289   0.0798711
    2        2       271.5         0.5    0.308872  0.000685969     31.3768   0.0503287
    2        2       301.5         0.5     0.35007  0.000687461       29.75   0.0438047
    2        2       331.5         0.5    0.391383  0.000689809     28.1903    0.193496
    2        2       361.5         0.5     0.43286  0.000692787     26.6989   0.0590684
    2        2       391.5         0.5    0.474484  0.000694407     25.2708    0.040455
    2        2       421.5         0.5    0.516151  0.000694202     24.1061   0.0465795
    2        2       451.5         0.5    0.557753  0.000692174     22.9847   0.0601849
    2        2       481.5         0.5    0.599186  0.000688931     21.8514   0.0473518
    2        2       511.5         0.5    0.640454  0.000686871     21.0865   0.0348537
    2        2       541.5         0.5     0.68164  0.00068624     20.0977    0.034321
    2        2       571.5         0.5    0.722831  0.000687036     19.3957   0.0817365
    2        2       601.5         0.5     0.76411  0.000689151     18.6261   0.0694609
    2        2       631.5         0.5    0.805548  0.000692342     17.9368    0.141968
    2        2       661.5         0.5    0.847209   0.0006966     17.2207   0.0448238
    2        2       691.5         0.5    0.889156  0.000701926     16.7601    0.112592
    2        3       181.5         0.5    0.144431  0.000693433     40.6843   0.0727268
    2        3       211.5         0.5    0.186037  0.000693433     37.8514   0.0459903
    2        3       241.5         0.5    0.227643  0.000693433     35.2996    0.205534
    2        3       271.5         0.5    0.269381  0.000700741     32.8647   0.0307236
    2        3       301.5         0.5    0.311261  0.000695389     30.9639   0.0296482
    2        3       331.5         0.5    0.352857  0.00069128     29.2074   0.0336228
    2        3       361.5         0.5    0.394243  0.000688416     27.5027   0.0593809
    2        3       391.5         0.5    0.435494  0.000686795     26.0314   0.0517552
    2        3       421.5         0.5    0.476684  0.000686419     24.7833     0.03967
    2        3       451.5         0.5    0.517889  0.000687286     23.5454   0.0337313
    2        3       481.5         0.5    0.559182  0.000689396     22.3581   0.0300544
    2        3       511.5         0.5    0.600632  0.000692228     21.3459   0.0304554
    2        3       541.5         0.5    0.642223  0.000693955     20.4029   0.0600376
    2        3       571.5         0.5     0.68388  0.00069442     19.6494   0.0378058
    2        3       601.5         0.5    0.725528  0.000693621     18.8385   0.0828679
    2        3       631.5         0.5    0.767106  0.00069248      18.187   0.0662651
    2        3       661.5         0.5    0.808652  0.000692611     17.5141   0.0756973
    2        3       691.5         0.5    0.850245  0.000694045     16.8972   0.0339063
    3        0       121.5         0.5   0.0973605  0.000669932     45.4489   0.0726552
    3        0       151.5         0.5    0.137348  0.000667606     41.8884   0.0608515
    3        0       181.5         0.5    0.177482  0.000670161     38.8986   0.0485504
    3        0       211.5         0.5    0.217756  0.000672275     36.1423    0.033297
    3        0       241.5         0.5    0.258145  0.000673948     33.7755      0.0493
    3        0       271.5         0.5     0.29862  0.000675179     31.7802   0.0289147
    3        0       301.5         0.5    0.339156  0.00067597     30.0108   0.0496508
    3        0       331.5         0.5    0.379727  0.000676319     28.2757   0.0632602
    3        0       361.5         0.5    0.420305  0.000676229     26.7258    0.090344
    3        0       391.5         0.5    0.460871  0.000675944     25.4352   0.0364498
    3        0       421.5         0.5    0.501418  0.000675622     24.2581    0.150458
    3        0       481.5         0.5     0.58245  0.000674882      21.945    0.538643
    3        0       511.5         0.5     0.62294  0.000674895     20.9469   0.0232565
    3        0       541.5         0.5    0.663448  0.000675497     20.3807   0.0374739
    3        0       571.5         0.5     0.70401  0.000676687     19.5829    0.134072
    3        0       601.5         0.5    0.744661  0.000678436     18.6064   0.0279588
    3        0       691.5         0.5    0.867284  0.000684066     16.7914    0.192296
    3        1       181.5         0.5    0.145818  0.000693433       41.68   0.0917943
    3        1       211.5         0.5    0.187424  0.000693433     38.5582     0.05554
    3        1       241.5         0.5     0.22903  0.000693433     35.9372   0.0645511
    3        1       271.5         0.5    0.270625  0.000692934      33.551   0.0386355
    3        1       301.5         0.5    0.312214  0.000693339     31.7017    0.380131
    3        1       331.5         0.5    0.353823  0.000693609     29.6703   0.0996242
    3        1       361.5         0.5    0.395444  0.000693744      27.945    0.549336
    3        1       391.5         0.5    0.437069  0.000693744     26.7202    0.167355
    3        1       421.5         0.5    0.478691  0.000693608       25.33   0.0704057
    3        1       451.5         0.5      0.5203  0.000693337      24.088   0.0358824
    3        1       511.5         0.5    0.603452  0.000692596     21.8724    0.139927
    3        1       541.5         0.5    0.645013  0.000692898     20.9049   0.0475266
    3        1       571.5         0.5    0.686613  0.000693873     20.2313   0.0857268
    3        2       181.5         0.5     0.15275  0.000693433     36.5745   0.0843186
    3        2       211.5         0.5    0.194356  0.000693433     33.1839    0.158919
    3        2       241.5         0.5    0.235963  0.000693433     30.5412    0.105141
    3        2       271.5         0.5    0.277779  0.000699512     28.3412   0.0913894
    3        2       301.5         0.5    0.319595  0.000694462     26.1912   0.0703849
    3        2       331.5         0.5    0.361144  0.000690637     24.4006    0.306661
    3        3       151.5         0.5     0.13161  0.000659898       42.41   0.0379004
    3        3       181.5         0.5    0.171342   0.0006644     39.3132   0.0599471
    3        3       211.5         0.5    0.211311  0.000667739     36.7553    0.061648
    3        3       241.5         0.5    0.251445  0.000669915     34.3523    0.105371
    3        3       271.5         0.5    0.291676  0.000670927     32.2973    0.059629
    3        3       301.5         0.5    0.331933  0.000670776     29.7811    0.791415
    3        3       331.5         0.5    0.372146  0.000669461     28.8334   0.0721415
    3        3       361.5         0.5    0.412247  0.000666982     27.3814    0.163337
    3        3       391.5         0.5    0.452183  0.000664436     25.8878    0.190191
    3        3       421.5         0.5     0.49201  0.000663355     24.7805    0.190269
    3        3       451.5         0.5    0.531816  0.000663748     23.5993   0.0345727
    4        0       181.5         0.5     1.24223  0.000719399     40.7793   0.0486675
    4        0       211.5         0.5      1.2854  0.000719399     37.5282    0.069208
    4        0       241.5         0.5     1.32856  0.000719399     34.7763   0.0674116
    4        0       271.5         0.5     1.37172  0.000719399     32.2635   0.0420761
    4        0       301.5         0.5     1.41489  0.000719399     30.0923   0.0249822
    4        0       331.5         0.5     1.45805  0.000719399     28.1641   0.0407167
    4        0       361.5         0.5     1.50122  0.000719399     26.3551    0.107825
    4        0       391.5         0.5     1.54438  0.000719399     24.9865    0.047617
    4        0       421.5         0.5     1.58754  0.000719399     23.6179   0.0291411
    4        0       451.5         0.5     1.63071  0.000719399     22.3233   0.0671707
    4        0       481.5         0.5     1.67387  0.000719399     21.3108   0.0436862
    4        0       511.5         0.5     1.71704  0.000719399     20.2392    0.163827
    4        0       541.5         0.5      1.7602  0.000719399     19.4053   0.0292286
    4        0       571.5         0.5     1.80336  0.000719399      18.597   0.0363903
    4        0       601.5         0.5     1.84653  0.000719399     17.7969   0.0664987
    4        0       631.5         0.5     1.88969  0.000719399     17.1424   0.0493389
    4        0       661.5         0.5     1.93285  0.000719399     16.5275   0.0551743
    4        1       121.5         0.5    0.093271  0.000677102     45.5235   0.0402298
    4        1       151.5         0.5    0.134229  0.000680943     41.5736    0.125671
    4        1       181.5         0.5    0.174922  0.000675666      38.489    0.038201
    4        1       211.5         0.5    0.215346  0.00067201     35.7099   0.0513593
    4        1       241.5         0.5    0.255598  0.000669975     33.3668    0.118602
    4        1       271.5         0.5    0.295776  0.000669562     31.1837   0.0735383
    4        1       301.5         0.5    0.335978  0.000670771     29.2909   0.0492851
    4        1       331.5         0.5    0.376299   0.0006736     27.6823   0.0339592
    4        1       361.5         0.5    0.416808  0.00067653     26.1284   0.0291655
    4        1       391.5         0.5    0.457453  0.000678105     24.7365   0.0340878
    4        1       421.5         0.5    0.498153  0.000678323     23.4783   0.0662227
    4        1       451.5         0.5    0.538829  0.000677511      22.345   0.0558832
    4        1       481.5         0.5    0.579462  0.00067695     21.4421   0.0315843
    4        1       511.5         0.5    0.620071  0.000676769     20.4108   0.0542181
    4        1       541.5         0.5    0.660681  0.000676958     19.6222   0.0749816
    4        1       571.5         0.5    0.701305  0.000677149     18.8159    0.203956
    4        1       601.5         0.5    0.741936  0.000677174     17.8102   0.0334134
    4        1       631.5         0.5    0.782563  0.000677033     17.5542   0.0386144
    4        1       661.5         0.5    0.823217  0.000679297     16.9644   0.0387792
    4        2       181.5         0.5    0.169122  0.000842248     39.6502   0.0863248
    4        2       211.5         0.5    0.219657  0.000842248     36.4152   0.0296327
    4        2       241.5         0.5    0.270195  0.000842294     33.5605   0.0324451
    4        2       271.5         0.5     0.32073  0.000842215     31.1786   0.0571438
    4        2       301.5         0.5    0.371262  0.000842187     29.0164    0.280387
    4        2       361.5         0.5    0.472328  0.000842285     25.4477   0.0649798
    4        2       391.5         0.5    0.522868  0.000842406     24.1583    0.045653
    4        2       421.5         0.5    0.573413  0.000842368     22.7078   0.0577423
    4        2       451.5         0.5    0.623947  0.000842064     21.5955   0.0412098
    4        2       511.5         0.5     0.72496  0.000841999     19.5833   0.0286428
    4        2       541.5         0.5    0.775516  0.000843392     18.5648   0.0892081
    4        2       571.5         0.5     0.82623  0.000849062     17.9089    0.032029
    4        3       181.5         0.5          -1           0     39.5951   0.0458755
    4        3       211.5         0.5          -1           0      36.494   0.0797523
    4        3       241.5         0.5          -1           0     33.8418     0.09573
    4        3       271.5         0.5          -1           0     31.4847   0.0716565
    4        3       301.5         0.5          -1           0     29.4273    0.118565
    4        3       331.5         0.5          -1           0     27.6957   0.0270501
    4        3       361.5         0.5          -1           0     26.0442   0.0762024
    4        3       391.5         0.5          -1           0     24.5898     0.03017
    4        3       421.5         0.5          -1           0     23.1807   0.0509525
    4        3       451.5         0.5          -1           0      22.167    0.100905
    4        3       481.5         0.5          -1           0     20.9475    0.083058
    4        3       511.5         0.5          -1           0     20.1191    0.055608
    4        3       541.5         0.5          -1           0     19.2186   0.0765491
    4        3       571.5         0.5          -1           0     18.2986   0.0487352
    4        3       601.5         0.5          -1           0     17.6667    0.112597
    4        3       631.5         0.5          -1           0     17.1898   0.0897547
    5        0       151.5         0.5    0.134192  0.000776006      41.416   0.0218382
    5        0       181.5         0.5    0.180753  0.000776006     38.0585   0.0145192
    5        0       211.5         0.5    0.227313  0.000776006     35.0857   0.0162959
    5        0       241.5         0.5    0.273889  0.000776171     32.5809  0.00974021
    5        0       271.5         0.5     0.32045  0.000775872     30.3577  0.00884931
    5        0       301.5         0.5    0.366997  0.000775751     28.3899  0.00840816
    5        0       331.5         0.5    0.413543  0.000775808     26.6629  0.00869008
    5        0       361.5         0.5    0.460098  0.000776044     25.1135  0.00871609
    5        0       391.5         0.5    0.506672  0.000776457     23.7389  0.00765781
    5        0       421.5         0.5    0.553269  0.000776664     22.5225  0.00733621
    5        0       451.5         0.5    0.599854  0.000775987     21.3981  0.00874077
    5        0       481.5         0.5    0.646371  0.000774411     20.3997   0.0094818
    5        0       511.5         0.5    0.692796  0.000773602     19.4761   0.0129576
    5        0       541.5         0.5     0.73927  0.000776173     18.6453   0.0108516
    5        0       571.5         0.5       0.786  0.000782156     17.8613  0.00933081
    5        0       601.5         0.5    0.833212  0.000792806     17.1711   0.0104091
    5        0       631.5         0.5    0.881252  0.000809867     16.5345  0.00904524
    5        1       151.5         0.5     0.12622  0.000726992     44.0842   0.0476651
    5        1       181.5         0.5    0.169839  0.000726992     41.2214   0.0341454
    5        1       211.5         0.5    0.213459  0.000726992     38.4494   0.0218936
    5        1       241.5         0.5    0.256813  0.000719038     35.9657   0.0243453
    5        1       271.5         0.5    0.300207  0.00072713     33.6958    0.031905
    5        1       301.5         0.5    0.344011  0.000732674     31.8941    0.020416
    5        1       331.5         0.5    0.388072  0.000735671      30.112   0.0140775
    5        1       361.5         0.5    0.432239  0.000736119     28.5626   0.0139744
    5        1       391.5         0.5    0.476357  0.00073402     27.1148   0.0147145
    5        1       421.5         0.5    0.520274  0.000729434     25.8243   0.0195665
    5        1       451.5         0.5    0.563923  0.000726035     24.6301   0.0144503
    5        1       481.5         0.5    0.607466  0.000725975     23.5693   0.0129214
    5        1       511.5         0.5    0.651105  0.000729252     22.5712   0.0145383
    5        1       541.5         0.5    0.694994  0.000733539     21.6471   0.0134273
    5        1       571.5         0.5    0.739096  0.000736308     20.8438   0.0130563
    5        1       601.5         0.5    0.783318  0.000737557     20.0233   0.0156226
    5        1       631.5         0.5    0.827628  0.000740736     19.3186   0.0176802
    5        1       661.5         0.5    0.872361  0.000751906     18.6559   0.0179354
    5        1       691.5         0.5    0.918004  0.00077118     18.0449   0.0130899
    5        1       721.5         0.5    0.965042  0.00079856     17.4315   0.0114467
    5        1       751.5         0.5     1.01396  0.000834044     16.9045   0.0119567
    5        2       151.5         0.5    0.153049  0.000803074     42.1024   0.0339297
    5        2       181.5         0.5    0.201234  0.000803074     39.1773   0.0232959
    5        2       211.5         0.5    0.249511  0.000808913     36.5269   0.0216887
    5        2       241.5         0.5    0.297885  0.000803632     34.2142   0.0332914
    5        2       271.5         0.5    0.345971  0.000799326     32.3011   0.0128391
    5        2       301.5         0.5    0.393828  0.000795994      30.445   0.0126127
    5        2       331.5         0.5    0.441513  0.000793638      28.749    0.013908
    5        2       361.5         0.5    0.489085  0.000792256     27.2591   0.0147816
    5        2       391.5         0.5    0.536605  0.000791941      25.896   0.0141588
    5        2       421.5         0.5    0.584152  0.000793285     24.6481   0.0141823
    5        2       451.5         0.5    0.631832  0.000796396     23.5254   0.0124247
    5        2       481.5         0.5    0.679745  0.00080074     22.5068   0.0150899
    5        2       511.5         0.5    0.727891  0.00080394     21.5513   0.0142498
    5        2       541.5         0.5    0.776187  0.000805713     20.6759   0.0151346
    5        2       571.5         0.5    0.824593  0.000809404     19.8981   0.0124954
    5        2       601.5         0.5    0.873538  0.000824291     19.1696    0.015465
    5        2       631.5         0.5    0.923722  0.000850918     18.4795   0.0129868
    5        2       661.5         0.5     0.97585  0.000889284     17.8611   0.0130375
    5        2       691.5         0.5     1.03063  0.000939389      17.276   0.0101343
    5        2       721.5         0.5     1.08698  0.000908761      16.771   0.0088293
    5        3       181.5         0.5    0.153917  0.000690648     45.8652   0.0320229
    5        3       211.5         0.5    0.195356  0.000690648     43.5157   0.0332702
    5        3       241.5         0.5    0.236795  0.000690648     41.4738   0.0249468
    5        3       271.5         0.5    0.277819  0.000687285     39.7133   0.0276306
    5        3       301.5         0.5    0.319242  0.000693241     37.9522   0.0185795
    5        3       331.5         0.5    0.360961  0.000697108     36.3311   0.0319244
    5        3       361.5         0.5     0.40285  0.000698887     34.8802   0.0197044
    5        3       391.5         0.5    0.444785  0.000698578     33.4605   0.0247382
    5        3       421.5         0.5    0.486639  0.00069618     32.4122   0.0129426
    5        3       451.5         0.5     0.52829  0.000691986     31.2385   0.0149746
    5        3       481.5         0.5    0.569723  0.00068954     30.1136   0.0119793
    5        3       511.5         0.5    0.611092  0.000689889      29.047   0.0119342
    5        3       541.5         0.5    0.652564  0.000693033     28.0736   0.0113643
    5        3       571.5         0.5    0.694263  0.00069675     27.1754    0.010752
    5        3       601.5         0.5     0.73614  0.00069893     26.3551   0.0180611
    5        3       631.5         0.5    0.778103  0.000699571     25.5428   0.0169971
    5        3       661.5         0.5    0.820091  0.000701032     24.7624  0.00960406
    5        3       691.5         0.5    0.862374  0.000709838     24.0347   0.0141216
    5        3       721.5         0.5    0.905413  0.00072637     23.3756    0.013972
    5        3       751.5         0.5    0.949672  0.000750626      22.715   0.0147627
    5        3       781.5         0.5    0.995615  0.000782608     22.1267   0.0142602
    5        3       811.5         0.5      1.0437  0.000822314     21.5716   0.0113033
    5        3       841.5         0.5      1.0921  0.00078485     21.0374   0.0104468
    5        3       871.5         0.5     1.13919  0.00078485     20.5107   0.0130014
    5        3       901.5         0.5     1.18628  0.00078485     20.0098   0.0150178
    5        3       931.5         0.5     1.23338  0.00078485     19.5786  0.00587787
    5        3       961.5         0.5     1.28047  0.00078485     19.0823  0.00665774
    5        3       991.5         0.5     1.32756  0.00078485     18.6792   0.0140703
    5        3      1021.5         0.5     1.37465  0.00078485     18.2755   0.0105887
    5        3      1051.5         0.5     1.42174  0.00078485     17.8805   0.0109108
    5        3      1081.5         0.5     1.46883  0.00078485     17.5381   0.0107752
    5        3      1111.5         0.5     1.51592  0.00078485     17.1491   0.0164757
    5        3      1141.5         0.5     1.56301  0.00078485      16.823   0.0124056
    5        3      1171.5         0.5      1.6101  0.00078485     16.5039   0.0101323
    6        0       121.5         0.5    0.112303  0.000766434     42.1576    0.108291
    6        0       151.5         0.5    0.158319  0.000767388      38.539     0.04836
    6        0       181.5         0.5     0.20438  0.000767913     35.2765   0.0533877
    6        0       211.5         0.5     0.25046  0.000768009     32.5808   0.0414832
    6        0       241.5         0.5    0.296533  0.000767676     30.3459   0.0206603
    6        0       271.5         0.5    0.342573  0.000766913     28.2645   0.0435724
    6        0       301.5         0.5    0.388555  0.000765821     26.4326   0.0200541
    6        0       331.5         0.5    0.434505  0.000766205     24.8262   0.0253085
    6        0       361.5         0.5    0.480542  0.000768738     23.3961   0.0190126
    6        0       391.5         0.5    0.526792  0.000773245     22.1242   0.0362345
    6        0       421.5         0.5    0.573296  0.000776517     20.9808   0.0359687
    6        0       451.5         0.5    0.619924  0.000777361     19.9123    0.018179
    6        0       481.5         0.5    0.666532  0.00077598      19.033   0.0310265
    6        0       511.5         0.5    0.713063  0.000775325     18.1426     0.02007
    6        0       541.5         0.5    0.759605  0.000776371      17.395   0.0355406
    6        0       571.5         0.5     0.80626  0.000779118     16.7645   0.0906277
    6        1       121.5         0.5    0.107633  0.000758947     43.8444    0.102289
    6        1       151.5         0.5     0.15317  0.000758947      40.055   0.0741068
    6        1       181.5         0.5    0.198707  0.000758947     36.9377   0.0511982
    6        1       211.5         0.5    0.244294  0.000764738     34.2398   0.0362069
    6        1       241.5         0.5    0.290039  0.000760156     31.8621   0.0311209
    6        1       271.5         0.5    0.335533  0.000756356     29.7876   0.0238144
    6        1       301.5         0.5    0.380821  0.000753339     27.9861   0.0354782
    6        1       331.5         0.5    0.425951  0.000751104     26.2405   0.0317209
    6        1       361.5         0.5    0.470971  0.000749651     24.9087   0.0235473
    6        1       391.5         0.5    0.515926  0.000748981     23.5208   0.0369089
    6        1       421.5         0.5    0.560871  0.000749429     22.3664   0.0327795
    6        1       481.5         0.5     0.65105  0.000754524     20.3006   0.0191419
    6        1       511.5         0.5    0.696429  0.000757972     19.3938   0.0310095
    6        1       541.5         0.5    0.741982  0.000760318     18.6639   0.0337851
    6        1       571.5         0.5    0.787643  0.000761562     17.8768    0.030868
    6        1       601.5         0.5    0.833431  0.000766311     17.2356    0.031782
    6        1       631.5         0.5    0.879775  0.000780232     16.5175   0.0506425
    6        2       151.5         0.5   -0.133532  0.000734728     40.2766   0.0358309
    6        2       181.5         0.5  -0.0894481  0.000734728     37.0991   0.0386554
    6        2       211.5         0.5  -0.0453644  0.000734728     34.1905   0.0360631
    6        2       241.5         0.5  -0.00128074  0.000734728     31.6395   0.0250425
    6        2       271.5         0.5   0.0428029  0.000734728     29.4713   0.0466031
    6        2       301.5         0.5   0.0868866  0.000734728     27.5693   0.0324017
    6        2       331.5         0.5    0.134995  0.000801951     25.9277    0.026113
    6        2       361.5         0.5    0.180794  0.000723365     24.4476   0.0239023
    6        2       391.5         0.5    0.221877  0.00064478     23.1155   0.0285989
    6        2       421.5         0.5    0.258246  0.000566194      21.895   0.0426339
    6        2       451.5         0.5    0.289899  0.000487608     20.8952    0.032296
    6        2       481.5         0.5    0.316838  0.000409022     19.8326   0.0439113
    6        2       511.5         0.5    0.339061  0.000330436     18.9246   0.0364679
    6        2       541.5         0.5    0.356568  0.00025185     18.2655   0.0236581
    6        2       571.5         0.5    0.369361  0.000173265     17.3037   0.0494686
    6        2       601.5         0.5    0.377439  9.46787e-05     16.7728   0.0485149
    6        3       151.5         0.5     0.12622  0.000726992     41.8095   0.0521348
    6        3       181.5         0.5    0.169839  0.000726992     38.2045   0.0209622
    6        3       211.5         0.5    0.213459  0.000726992     35.2302     0.02032
    6        3       241.5         0.5    0.257086  0.000727228     32.6916   0.0219794
    6        3       271.5         0.5    0.300712  0.00072697     30.2706   0.0346291
    6        3       301.5         0.5    0.344325  0.000726828     28.2454   0.0448952
    6        3       331.5         0.5    0.387934  0.000726804     26.4884    0.023422
    6        3       361.5         0.5    0.431544  0.000726896     24.9469   0.0161202
    6        3       391.5         0.5    0.475163  0.000727106     23.5761   0.0134941
    6        3       421.5         0.5    0.518799  0.000727429     22.3635   0.0280484
    6        3       451.5         0.5    0.562448  0.00072744     21.2635   0.0149191
    6        3       481.5         0.5     0.60608  0.000726858     20.2305   0.0273087
    6        3       511.5         0.5     0.64966  0.000725683     19.3013   0.0177614
    6        3       541.5         0.5    0.693175  0.000725193     18.4567   0.0205572
    6        3       571.5         0.5    0.736727  0.000726957     17.6737   0.0275632
    6        3       601.5         0.5    0.780452  0.000730982     17.0047   0.0301005
    7        0       181.5         0.5    0.164512  0.000767382     37.9358   0.0384399
    7        0       211.5         0.5    0.210555  0.000767382     34.9287    0.110474
    7        0       241.5         0.5    0.256579  0.000766784     32.3389   0.0882345
    7        0       271.5         0.5    0.302608  0.000767458     29.9543   0.0579372
    7        0       301.5         0.5    0.348667  0.00076781     28.0363   0.0297659
    7        0       331.5         0.5    0.394738  0.000767841     26.1575   0.0543544
    7        0       361.5         0.5    0.440802  0.000767549     24.5142   0.0800771
    7        0       391.5         0.5    0.486838  0.000766937     23.4083    0.206543
    7        0       421.5         0.5     0.53283  0.000766166     22.2031   0.0815633
    7        0       451.5         0.5    0.578806  0.000766662     20.9201   0.0379529
    7        0       481.5         0.5     0.62486  0.000768759     20.0665   0.0425778
    7        0       511.5         0.5    0.671085  0.000772295     18.8333   0.0989708
    7        0       541.5         0.5     0.71753  0.00077587     18.2152   0.0274594
    7        1       151.5         0.5    0.124766  0.000726992     42.1266   0.0396876
    7        1       181.5         0.5    0.168385  0.000726992     38.8519   0.0962706
    7        1       211.5         0.5    0.212005  0.000726992     35.9631    0.515708
    7        1       241.5         0.5    0.255846  0.000734397     33.3069    0.114553
    7        1       271.5         0.5    0.299685  0.000727127     31.2096    0.182159
    7        1       301.5         0.5    0.343151  0.000722017     29.3045   0.0943443
    7        1       331.5         0.5    0.386374  0.000719065     27.5347   0.0421951
    7        1       361.5         0.5    0.429484  0.000718271     26.0453   0.0591584
    7        1       391.5         0.5     0.47261  0.000719637     24.4116     0.63013
    7        1       421.5         0.5    0.515881  0.000723157     23.1568   0.0485782
    7        1       451.5         0.5    0.559383  0.000726652     22.2226   0.0568559
    7        2       211.5         0.5    0.193625  0.00074263      36.368   0.0889297
    7        2       241.5         0.5    0.238181  0.000729855     33.7321   0.0490429
    7        2       301.5         0.5    0.326872  0.000746618     29.1841    0.114753
    7        2       361.5         0.5    0.416914  0.000752286     25.7793   0.0305985
    7        3       151.5         0.5    0.139512  0.000758947     40.8339    0.122698
    7        3       181.5         0.5    0.185049  0.000758947     37.2351   0.0816398
    7        3       211.5         0.5    0.230586  0.000758947     34.4842    0.105951
    7        3       241.5         0.5    0.276533  0.000763124     32.3069    0.080672
    7        3       271.5         0.5    0.322091  0.000755817     29.8368   0.0790282
    7        3       301.5         0.5    0.367291  0.000751219     28.0586   0.0598614
    7        3       331.5         0.5    0.412295  0.000749329     26.3744   0.0373161
    7        3       361.5         0.5    0.457266  0.000750148      24.835    0.146654
    7        3       391.5         0.5    0.502365  0.000753675     23.4703     0.13455
    7        3       421.5         0.5    0.547733  0.000758343     22.2286   0.0312224
    7        3       451.5         0.5    0.593305  0.000760252     20.9936   0.0863909
    7        3       481.5         0.5    0.638904  0.000759219     20.2183   0.0619898
    7        3       511.5         0.5    0.684378  0.000756925      19.262    0.123887
    8        0       181.5         0.5      0.5622  0.000683808     41.1453   0.0354022
    8        0       211.5         0.5    0.603229  0.000683808     38.0602   0.0269147
    8        0       241.5         0.5    0.644257  0.000683808     35.4012   0.0314281
    8        0       271.5         0.5    0.685306  0.000684038      33.128    0.024503
    8        0       301.5         0.5    0.726338  0.000683695     31.0909   0.0512714
    8        0       331.5         0.5    0.767353  0.000683518     29.3222   0.0229189
    8        0       361.5         0.5    0.808363  0.000683509     27.6754   0.0213073
    8        0       391.5         0.5    0.849377  0.000683667     26.1653   0.0168225
    8        0       421.5         0.5    0.890406  0.000683992     24.8974   0.0189461
    8        0       451.5         0.5    0.931459  0.00068448     23.6788   0.0182575
    8        0       481.5         0.5    0.972535  0.000684563     22.6099    0.024757
    8        0       511.5         0.5     1.01359  0.000683818     21.5973   0.0142854
    8        0       541.5         0.5     1.05458  0.000682244     20.6823   0.0164396
    8        0       571.5         0.5     1.09546  0.000680846     19.8494   0.0205044
    8        0       601.5         0.5     1.13634  0.000682403     19.0655   0.0129747
    8        0       631.5         0.5     1.17741  0.000687079     18.3584   0.0231389
    8        0       661.5         0.5     1.21885  0.000694923     17.6632   0.0147569
    8        0       691.5         0.5     1.26086  0.000706524     17.0573   0.0161892
    8        0       721.5         0.5     1.30369  0.000722057      16.484   0.0168594
    8        1       241.5         0.5    0.190372  0.000664078     38.8274   0.0331712
    8        1       271.5         0.5    0.230216  0.000664078      36.315   0.0256076
    8        1       301.5         0.5    0.270068  0.000664156     33.9907   0.0210684
    8        1       331.5         0.5    0.309914  0.000664045     32.0198   0.0206156
    8        1       361.5         0.5    0.349754  0.000663986     30.1814   0.0216491
    8        1       391.5         0.5    0.389593  0.000663981     28.5966   0.0240823
    8        1       421.5         0.5    0.429433  0.00066403     27.0908   0.0117801
    8        1       451.5         0.5    0.469278  0.000664131     25.7793   0.0160302
    8        1       481.5         0.5     0.50913  0.000664285     24.5513   0.0123995
    8        1       511.5         0.5    0.548991  0.000664365     23.4746   0.0150833
    8        1       541.5         0.5    0.588848  0.000664171     22.4581   0.0135696
    8        1       571.5         0.5    0.628686   0.0006637     21.5153   0.0167098
    8        1       601.5         0.5    0.668488  0.000663066     20.6461   0.0104877
    8        1       631.5         0.5    0.708272  0.000663262     19.8567   0.0136773
    8        1       661.5         0.5      0.7481  0.000664516     19.1253   0.0105245
    8        1       691.5         0.5    0.788034  0.00066683     18.4234   0.0102055
    8        1       721.5         0.5    0.828181  0.000672567     17.8226   0.0139896
    8        1       751.5         0.5     0.86886  0.000684624     17.2074   0.0112193
    8        1       781.5         0.5    0.910448  0.000703009     16.6564   0.0114766
    8        2       211.5         0.5    0.189691  0.000734728     38.1426   0.0234143
    8        2       241.5         0.5    0.233775  0.000734728     35.4591    0.024926
    8        2       271.5         0.5    0.277825  0.000734466     33.0065   0.0187257
    8        2       301.5         0.5     0.32191  0.000735006     30.8901   0.0392619
    8        2       331.5         0.5    0.366019  0.000735234     28.9698   0.0153019
    8        2       361.5         0.5    0.410132  0.000735149      27.332   0.0194695
    8        2       391.5         0.5    0.454231  0.000734751     25.8149   0.0243491
    8        2       421.5         0.5    0.498296  0.000734039     24.4588   0.0147444
    8        2       451.5         0.5    0.542315  0.000733405     23.2441   0.0171854
    8        2       481.5         0.5    0.586335  0.000734211     22.1258   0.0199692
    8        2       511.5         0.5     0.63045  0.000736575     21.1228   0.0157518
    8        2       541.5         0.5    0.674749  0.000740152     20.2239   0.0160093
    8        2       571.5         0.5    0.719246  0.000742968     19.3671   0.0195895
    8        2       601.5         0.5    0.763881  0.00074471     18.5996   0.0171208
    8        2       631.5         0.5    0.808595  0.000746185      17.868   0.0187385
    8        2       661.5         0.5    0.853567  0.000754414      17.244   0.0129164
    8        2       691.5         0.5     0.89928  0.000771022     16.6055   0.0148866
    8        3       211.5         0.5    0.192143  0.000767382     38.0339    0.019294
    8        3       241.5         0.5    0.238186  0.000768757     35.0909   0.0588089
    8        3       271.5         0.5    0.284302  0.000768297     32.5437   0.0257023
    8        3       301.5         0.5    0.330364  0.000766904      30.335   0.0436652
    8        3       331.5         0.5    0.376314  0.000764576     28.4081   0.0258249
    8        3       361.5         0.5    0.422097  0.000761314     26.6858   0.0229435
    8        3       391.5         0.5    0.467657  0.000757118     25.1816   0.0209236
    8        3       421.5         0.5    0.512937  0.000751987     23.8066     0.02844
    8        3       451.5         0.5    0.557934  0.000748646     22.5264   0.0202009
    8        3       481.5         0.5    0.602871  0.000750058     21.4663   0.0234764
    8        3       511.5         0.5    0.648032  0.000756225     20.4514   0.0131829
    8        3       541.5         0.5    0.693654  0.000764322     19.5254    0.023382
    8        3       571.5         0.5    0.739703  0.000770412     18.6566   0.0286141
    8        3       601.5         0.5    0.786058  0.00077447       17.88   0.0243035
    8        3       631.5         0.5    0.832596  0.000776497     17.2278   0.0362557
    8        3       661.5         0.5    0.879196  0.000776491     16.5557   0.0179031
    9        0       211.5         0.5    0.176024  0.000690641     38.4481   0.0310288
    9        0       241.5         0.5    0.217463  0.000690641     35.6654   0.0217432
    9        0       271.5         0.5    0.258887  0.000690288     33.1924   0.0134937
    9        0       301.5         0.5    0.300316  0.000690672      31.163   0.0201449
    9        0       331.5         0.5    0.341764  0.000690891     29.3007   0.0175212
    9        0       361.5         0.5     0.38322  0.000690946      27.531   0.0162024
    9        0       391.5         0.5    0.424674  0.000690836     26.0773   0.0113771
    9        0       421.5         0.5    0.466117  0.000690561     24.6797   0.0131828
    9        0       451.5         0.5    0.507538  0.000690121     23.4485    0.010941
    9        0       481.5         0.5    0.548934  0.000689869     22.3475   0.0107674
    9        0       511.5         0.5    0.590339  0.000690428     21.2876   0.0117789
    9        0       541.5         0.5    0.631801  0.000691808     20.3551   0.0102973
    9        0       571.5         0.5     0.67337  0.000693991     19.5215   0.0106093
    9        0       601.5         0.5    0.715091  0.000696866     18.7309  0.00966588
    9        0       631.5         0.5    0.757005  0.000700418     18.0155   0.0104586
    9        0       661.5         0.5    0.799151  0.000704645     17.3241  0.00965252
    9        0       691.5         0.5    0.841571  0.000709547     16.7212  0.00876076
    9        1       181.5         0.5    0.152861  0.000677102      40.246   0.0313254
    9        1       211.5         0.5    0.193488  0.000677102     37.4024   0.0275897
    9        1       241.5         0.5    0.234114  0.000677102     34.8391   0.0234096
    9        1       271.5         0.5    0.274555  0.000675471     32.5825   0.0235693
    9        1       301.5         0.5    0.315172  0.000678241     30.5743   0.0174671
    9        1       331.5         0.5    0.355914  0.000679618     28.7112   0.0165789
    9        1       361.5         0.5    0.396697  0.000679602     27.0435    0.019998
    9        1       391.5         0.5    0.437439  0.000678193     25.6059   0.0115569
    9        1       421.5         0.5    0.478055  0.00067539     24.2737   0.0125588
    9        1       451.5         0.5    0.518461  0.000671225     23.0737   0.0096773
    9        1       481.5         0.5    0.558641  0.000668648     22.0015   0.0137152
    9        1       511.5         0.5    0.598771   0.0006696     21.0018   0.0146424
    9        1       541.5         0.5    0.639061  0.000674079     20.1375   0.0132263
    9        1       571.5         0.5    0.679706  0.000680677      19.281   0.0114306
    9        1       601.5         0.5    0.720687  0.000685008     18.5244   0.0136463
    9        1       631.5         0.5    0.761852  0.00068676     17.8117   0.0115033
    9        1       661.5         0.5    0.803049  0.00068642      17.199   0.0107143
    9        1       691.5         0.5    0.844335  0.00069108     16.5555   0.0104117
    9        2       211.5         0.5    0.169119  0.000690641     39.4109   0.0192082
    9        2       241.5         0.5    0.210558  0.000690641     36.6339   0.0202553
    9        2       271.5         0.5    0.252066  0.000693501     34.1233   0.0158271
    9        2       301.5         0.5     0.29359  0.000690778     31.9287   0.0174927
    9        2       331.5         0.5    0.334983  0.000689151     30.1068   0.0296082
    9        2       361.5         0.5    0.376311  0.000688619     28.3788    0.032942
    9        2       391.5         0.5     0.41764  0.000689183     26.8365     0.02392
    9        2       421.5         0.5    0.459034  0.000690842     25.3945   0.0198537
    9        2       451.5         0.5     0.50056  0.000693597     24.1899    0.015678
    9        2       481.5         0.5    0.542276  0.000696798     22.9872   0.0189303
    9        2       511.5         0.5     0.58414  0.000698422      21.967    0.018448
    9        2       541.5         0.5    0.626051  0.000698326     20.9896   0.0190436
    9        2       571.5         0.5    0.667908  0.000696773     20.1368   0.0196836
    9        2       601.5         0.5    0.709695  0.000696473     19.3488   0.0218437
    9        2       631.5         0.5    0.751523  0.000698136     18.5817   0.0158593
    9        2       661.5         0.5    0.793508  0.000701761     17.9218   0.0327544
    9        2       691.5         0.5    0.835769  0.000707349     17.2571   0.0150507
    9        2       721.5         0.5    0.878423   0.0007149     16.6434   0.0273498
    9        3       211.5         0.5     0.19164  0.000750704     38.8439   0.0209641
    9        3       241.5         0.5    0.236682  0.000750704     35.9963   0.0202618
    9        3       271.5         0.5    0.281739  0.000750788     33.5144   0.0187927
    9        3       301.5         0.5    0.326779  0.000750571     31.4299  0.00986756
    9        3       331.5         0.5     0.37181  0.00075049     29.5996   0.0133082
    9        3       361.5         0.5    0.416841  0.000750545     27.8416   0.0228204
    9        3       391.5         0.5    0.461878  0.000750736     26.3554   0.0145183
    9        3       421.5         0.5    0.506931  0.000751063     24.9712   0.0219798
    9        3       451.5         0.5    0.552003  0.000751236     23.6706   0.0144246
    9        3       481.5         0.5    0.597066  0.000750742     22.5773   0.0182171
    9        3       511.5         0.5     0.64208  0.000749572     21.5545   0.0175678
    9        3       541.5         0.5    0.687018  0.000748709     20.6282   0.0157555
    9        3       571.5         0.5    0.731975  0.000750329     19.7534   0.0149049
    9        3       601.5         0.5    0.777106  0.000754511     18.9531   0.0151716
    9        3       631.5         0.5    0.822579  0.000762448     18.2315   0.0151863
    9        3       661.5         0.5    0.868732  0.000777445     17.6016   0.0195056
    9        3       691.5         0.5    0.915999  0.000799696     16.9552   0.0156487
   10        0       181.5         0.5    0.140066  0.000645461     41.5053   0.0227423
   10        0       211.5         0.5    0.178794  0.000645461     38.5373   0.0239484
   10        0       241.5         0.5    0.217522  0.000645461     35.9678   0.0182589
   10        0       271.5         0.5     0.25626  0.000645767     33.7095   0.0256665
   10        0       301.5         0.5    0.294997  0.000645467     31.6762   0.0204187
   10        0       331.5         0.5    0.333719  0.000645284     29.8267   0.0288063
   10        0       361.5         0.5    0.372434  0.000645217     28.2335    0.020071
   10        0       391.5         0.5    0.411147  0.000645266     26.7729   0.0179511
   10        0       421.5         0.5    0.449868  0.000645431     25.4671     0.02166
   10        0       451.5         0.5    0.488601  0.000645713     24.2862   0.0244147
   10        0       481.5         0.5    0.527355  0.00064607     23.1013   0.0159045
   10        0       511.5         0.5     0.56612  0.00064599     22.1551   0.0207727
   10        0       541.5         0.5    0.604862  0.000645325     21.2921   0.0185758
   10        0       571.5         0.5    0.643548  0.000644073     20.3683   0.0177836
   10        0       601.5         0.5    0.682154  0.000643091     19.5898   0.0317375
   10        0       631.5         0.5    0.720763  0.000644271      18.862   0.0196826
   10        0       661.5         0.5    0.759509  0.000647683     18.2404   0.0158966
   10        0       691.5         0.5    0.798525  0.000653365     17.5685   0.0143366
   10        0       721.5         0.5    0.837976  0.00066249     16.9758   0.0202088
   10        0       751.5         0.5    0.878093   0.0006756     16.4623   0.0171477
   10        1       211.5         0.5    0.180977  0.000697619     39.2678   0.0261074
   10        1       241.5         0.5    0.222834  0.000697619     36.5434    0.018884
   10        1       271.5         0.5    0.264705  0.00069785     34.2198   0.0186402
   10        1       301.5         0.5    0.306566  0.000697558     31.9622    0.031661
   10        1       331.5         0.5    0.348415  0.000697403     30.1512   0.0416875
   10        1       361.5         0.5    0.390257  0.000697383     28.4674   0.0260415
   10        1       391.5         0.5    0.432103  0.000697499     26.9478   0.0199981
   10        1       421.5         0.5     0.47396  0.000697752     25.5549   0.0188521
   10        1       451.5         0.5    0.515836  0.000698139      24.362    0.033409
   10        1       481.5         0.5     0.55773  0.000698216     23.2823   0.0625682
   10        1       511.5         0.5    0.599608  0.000697606     22.1768   0.0221538
   10        1       541.5         0.5     0.64143  0.000696311     21.2394   0.0533067
   10        1       571.5         0.5    0.683167  0.000695248     20.3745   0.0330693
   10        1       601.5         0.5    0.724911  0.000696688     19.5316    0.025937
   10        1       631.5         0.5    0.766819  0.000700738     18.8499   0.0308693
   10        1       661.5         0.5    0.809046  0.000707397     18.1627    0.026582
   10        1       691.5         0.5    0.851751  0.000716667     17.5841   0.0221839
   10        1       721.5         0.5    0.895088  0.000728546     16.9134   0.0461358
   10        2       211.5         0.5    0.165631  0.000697626     40.3244    0.119908
   10        2       241.5         0.5    0.207489  0.000697626     37.5027   0.0608757
   10        2       271.5         0.5    0.249353  0.000698003     35.1276   0.0310426
   10        2       301.5         0.5    0.291223  0.000697657     33.0082   0.0341567
   10        2       331.5         0.5    0.333075  0.000697449     30.9478   0.0225868
   10        2       361.5         0.5    0.374919  0.000697377     29.3442   0.0247654
   10        2       391.5         0.5    0.416763  0.000697441     27.7432   0.0381981
   10        2       421.5         0.5    0.458615  0.000697643     26.3426   0.0400244
   10        2       451.5         0.5    0.500483  0.000697981     25.1269   0.0357334
   10        2       481.5         0.5    0.542373  0.000698267     23.9199   0.0446421
   10        2       511.5         0.5    0.584261  0.000697909     22.8714   0.0304339
   10        2       541.5         0.5    0.626109  0.000696866     21.8937    0.056735
   10        2       571.5         0.5    0.667875  0.000695374     21.1026   0.0732996
   10        2       601.5         0.5    0.709598  0.000695858     20.1573   0.0350762
   10        2       631.5         0.5    0.751428  0.00069895     19.3906   0.0684548
   10        2       661.5         0.5     0.79352  0.000704651     18.7437   0.0806465
   10        2       691.5         0.5    0.836031  0.000712961     18.0942   0.0234198
   10        2       721.5         0.5    0.879118  0.000723879     17.5244   0.0718456
   10        2       751.5         0.5    0.922937  0.000737407     16.7606   0.0650582
   10        3       181.5         0.5    0.155019  0.000704739     40.1889   0.0366008
   10        3       211.5         0.5    0.197303  0.000704739     37.1663   0.0299929
   10        3       241.5         0.5    0.239588  0.000705026     34.5592   0.0226524
   10        3       271.5         0.5    0.281883  0.000704797     32.1679   0.0602911
   10        3       301.5         0.5    0.324166  0.000704652     30.1913   0.0621291
   10        3       331.5         0.5    0.366443  0.000704592     28.3912   0.0258345
   10        3       361.5         0.5    0.408719  0.000704617     26.7763   0.0167625
   10        3       391.5         0.5    0.450998  0.000704727     25.3149   0.0416257
   10        3       421.5         0.5    0.493287  0.000704923     24.0006   0.0250552
   10        3       451.5         0.5     0.53559  0.000705134     22.8388   0.0292135
   10        3       481.5         0.5    0.577895  0.000704974     21.7836   0.0269215
   10        3       511.5         0.5    0.620178  0.000704379     20.7619   0.0219979
   10        3       541.5         0.5    0.662413  0.000703412     19.8868    0.021432
   10        3       571.5         0.5    0.704613  0.000703514     19.0664   0.0196353
   10        3       601.5         0.5    0.746867  0.000705279     18.3438   0.0360349
   10        3       631.5         0.5    0.789277  0.000708709     17.6372   0.0201942
   10        3       661.5         0.5    0.831989  0.000716283     16.9172   0.0370707
   11        0       241.5         0.5    0.200133  0.000704732     35.8349   0.0370108
   11        0       271.5         0.5    0.242419  0.000705057     33.3775    0.043503
   11        0       301.5         0.5    0.284713  0.000704786     31.1088   0.0746002
   11        0       331.5         0.5    0.326995  0.000704619     29.1995   0.0536808
   11        0       361.5         0.5     0.36927  0.000704554     27.4932   0.0468714
   11        0       391.5         0.5    0.411544  0.000704594     25.8936     0.04172
   11        0       421.5         0.5    0.453823  0.000704737     24.5182   0.0402513
   11        0       451.5         0.5    0.496114  0.000704983     23.2193   0.0392007
   11        0       481.5         0.5    0.538422  0.000705228     22.0799   0.0416257
   11        0       511.5         0.5    0.580731  0.000705001     21.1035   0.0282396
   11        0       541.5         0.5    0.623012  0.000704246     20.1236    0.028154
   11        0       571.5         0.5    0.665232  0.000703088     19.2401   0.0737551
   11        0       601.5         0.5    0.707415  0.00070334     18.5983   0.0668061
   11        0       631.5         0.5    0.749672  0.000705603     17.8292   0.0433486
   11        0       661.5         0.5    0.792124  0.000709879     17.0057   0.0394285
   11        0       691.5         0.5    0.834931  0.000718061     16.4533   0.0689259
   11        1       211.5         0.5    0.194643  0.000750696     37.1348   0.0592717
   11        1       241.5         0.5    0.239698  0.000756774     34.2177   0.0594918
   11        1       271.5         0.5     0.28497  0.000752325     31.9435    0.060659
   11        1       301.5         0.5    0.329996  0.000748601     29.9503   0.0472087
   11        1       331.5         0.5     0.37482   0.0007456     27.8555    0.047623
   11        1       361.5         0.5    0.419485  0.000743323     26.3037   0.0397046
   11        1       391.5         0.5    0.464035  0.000741769     24.7957    0.137717
   11        1       421.5         0.5    0.508513  0.000740939     23.4437   0.0425574
   11        1       451.5         0.5    0.552967  0.000741116     22.3629   0.0475421
   11        1       481.5         0.5    0.597475  0.000742743     21.1667    0.100812
   11        1       511.5         0.5    0.642123  0.000745826     20.4357   0.0553281
   11        1       541.5         0.5    0.686986  0.000749469     19.2999   0.0454001
   11        1       571.5         0.5    0.732027  0.000751689     18.5181   0.0944809
   11        1       601.5         0.5    0.777157  0.000752414     17.9028   0.0623063
   11        2       241.5         0.5     0.18191  0.000639483     37.8805   0.0954248
   11        2       271.5         0.5    0.220279  0.000639483     35.4483    0.122169
   11        2       301.5         0.5    0.258479  0.000635391     33.1801   0.0744971
   11        2       331.5         0.5    0.296715  0.000639096     31.3339   0.0585669
   11        2       361.5         0.5    0.335151  0.000642001     29.5006   0.0376503
   11        2       391.5         0.5    0.373737  0.000644106      28.075    0.115898
   11        2       421.5         0.5    0.412426  0.000645411     26.6003   0.0669319
   11        2       451.5         0.5     0.45117  0.000645917     25.2358   0.0472424
   11        2       481.5         0.5     0.48992  0.000645622     24.1612    0.143066
   11        2       511.5         0.5     0.52863  0.000644671     23.0698    0.182793
   11        2       541.5         0.5      0.5673  0.000644537      21.933    0.047387
   11        2       571.5         0.5    0.605998  0.000645605     21.1735   0.0400264
   11        2       601.5         0.5    0.644795  0.000647876     20.2239    0.111032
   11        2       631.5         0.5    0.683752  0.000650577     19.6518   0.0647121
   11        3       181.5         0.5    0.144699  0.000697619     40.9465    0.102201
   11        3       211.5         0.5    0.186556  0.000697619     37.8753   0.0794204
   11        3       241.5         0.5    0.228413  0.000697619     35.2257   0.0818428
   11        3       271.5         0.5    0.270611  0.000702076     33.0581   0.0597176
   11        3       301.5         0.5    0.312549  0.000696099     30.9013   0.0695534
   11        3       331.5         0.5    0.354186  0.000692027     29.1646   0.0291272
   11        3       361.5         0.5    0.395634  0.000689861     27.4793    0.111897
   11        3       391.5         0.5    0.437008   0.0006896     26.1046   0.0271633
   11        3       421.5         0.5    0.478423  0.000691245      24.756   0.0351791
   11        3       451.5         0.5    0.519993  0.000694754     23.5647   0.0408851
   11        3       481.5         0.5    0.561776  0.000697731     22.4454   0.0565919
   11        3       511.5         0.5     0.60368  0.00069877     21.4727   0.0626062
   11        3       541.5         0.5    0.645589  0.000697873     20.4964   0.0532822
   11        3       571.5         0.5    0.687411  0.000696449      19.734   0.0880597
   11        3       601.5         0.5    0.729204  0.00069698     18.9506   0.0358164
   11        3       631.5         0.5    0.771087  0.000699513     18.2564   0.0426853
   11        3       661.5         0.5    0.813189  0.000704713     17.6317   0.0560403
   11        3       721.5         0.5    0.899211  0.000733533     16.5265    0.442521
