*tel  numcsi  CsI (ch) err CsI (ch)   CsI (V) err CsI (V)  Si (MeV) err Si (MeV)
    0        0       181.5         0.5    0.150534  0.000664296     35.6509   0.0374753
    0        0       211.5         0.5    0.190392  0.000664296     32.8524   0.0807924
    0        0       241.5         0.5     0.23025  0.000664296     30.4082   0.0363198
    0        0       271.5         0.5    0.269969  0.000657517      28.356    0.032989
    0        0       301.5         0.5    0.309568  0.000662362      26.431   0.0454261
    0        0       331.5         0.5    0.349426  0.00066612     24.6529   0.0666096
    0        0       361.5         0.5    0.389477  0.000668791      23.133   0.0424129
    0        0       391.5         0.5    0.429657  0.000670375     21.9248    0.043597
    0        0       421.5         0.5      0.4699  0.000670871     20.7932   0.0407696
    0        0       451.5         0.5     0.51014  0.000670281     19.7282   0.0500751
    0        0       481.5         0.5    0.550313  0.000668603     18.7526   0.0529794
    0        0       511.5         0.5    0.590354  0.000666023     17.8671   0.0364256
    0        0       541.5         0.5    0.630255  0.000664158     17.0858    0.198558
    0        0       571.5         0.5    0.670076  0.000663383     16.3799   0.0364468
    0        1       151.5         0.5    0.130291  0.000687402     36.7621    0.171585
    0        1       181.5         0.5    0.171535  0.000687402     33.7156   0.0640312
    0        1       211.5         0.5    0.212779  0.000687402     31.1328   0.0861589
    0        1       241.5         0.5    0.254023  0.000687402     28.8929    0.077514
    0        1       271.5         0.5    0.295284  0.000687575     26.8746   0.0442423
    0        1       301.5         0.5    0.336531  0.000687345     25.1985    0.026559
    0        1       331.5         0.5    0.377768  0.00068721      23.617   0.0686505
    0        1       361.5         0.5    0.418999  0.00068717     22.3495   0.0294804
    0        1       391.5         0.5     0.46023  0.000687227      21.029   0.0401366
    0        1       421.5         0.5    0.501468  0.000687379     19.8778   0.0621991
    0        1       451.5         0.5    0.542717  0.000687627     18.9346    0.146831
    0        1       481.5         0.5    0.583984  0.000687953     17.9379    0.090887
    0        1       511.5         0.5    0.625264  0.000687962     17.2183    0.137001
    0        1       541.5         0.5     0.66653  0.000687488     16.4728   0.0593548
    0        2       181.5         0.5    0.159684  0.000693427      35.639    0.159989
    0        2       211.5         0.5     0.20129  0.000693427     32.6867   0.0940633
    0        2       241.5         0.5    0.242896  0.000693427     30.4206   0.0703991
    0        2       271.5         0.5    0.284345  0.000690318     28.1599   0.0434955
    0        2       301.5         0.5    0.325847  0.000693047     26.4594    0.179341
    0        2       331.5         0.5      0.3675  0.000695359     24.7399   0.0541994
    0        2       361.5         0.5    0.409279  0.000697254     23.1361    0.053045
    0        2       391.5         0.5     0.45116  0.000698731     21.9474   0.0645294
    0        2       421.5         0.5    0.493117  0.00069979     20.7744   0.0410422
    0        2       451.5         0.5    0.535126  0.000700432     19.6732    0.150332
    0        2       541.5         0.5    0.661201  0.000699682     16.9233   0.0307276
    0        2       571.5         0.5    0.703148  0.000698449     16.1358   0.0740724
    0        3        91.5         0.5    0.100031  0.00070454     39.8187   0.0751837
    0        3       121.5         0.5    0.142332  0.000705437     36.3275   0.0511948
    0        3       151.5         0.5    0.184678  0.000706055     33.3705    0.151163
    0        3       181.5         0.5    0.227052  0.000706394     30.8292   0.0376121
    0        3       211.5         0.5    0.269439  0.000706454     28.4637   0.0720699
    0        3       271.5         0.5    0.354182  0.000705737     24.9167   0.0345261
    0        3       301.5         0.5    0.396505  0.00070496     23.3243    0.113533
    0        3       331.5         0.5    0.438775  0.000704153     21.9671   0.0586873
    0        3       361.5         0.5     0.48103  0.000704572     20.7721   0.0516803
    0        3       391.5         0.5    0.523351  0.000706391      19.705    0.057269
    0        3       421.5         0.5    0.565822  0.000709611     18.8333    0.314301
    0        3       451.5         0.5    0.608507  0.000712912     17.5834   0.0934098
    0        3       481.5         0.5    0.651318  0.00071368     17.1215   0.0601572
    0        3       511.5         0.5    0.694097  0.000711843     16.2846   0.0539979
    1        1       151.5         0.5    0.113222  0.000658759     38.2732   0.0356483
    1        1       181.5         0.5    0.152748  0.000658759     35.2438     0.07465
    1        1       211.5         0.5    0.192273  0.000658759     32.6386   0.0286806
    1        1       241.5         0.5    0.231799  0.000658759      30.371   0.0311627
    1        1       271.5         0.5    0.271474  0.000665252     28.3102   0.0657032
    1        1       301.5         0.5    0.311246  0.000660561     26.3625   0.0537132
    1        1       331.5         0.5    0.350767  0.000656924     24.7665   0.0788956
    1        1       361.5         0.5    0.390101  0.00065434      23.384   0.0854785
    1        1       391.5         0.5    0.429311  0.000652811     22.0761   0.0517797
    1        1       421.5         0.5     0.46846  0.000652336     20.9339   0.0908918
    1        1       451.5         0.5    0.507612  0.000652916      19.943   0.0594287
    1        1       481.5         0.5     0.54683  0.000654549     18.9583   0.0578269
    1        1       511.5         0.5    0.586176  0.000657124     18.0065   0.0560128
    1        1       541.5         0.5    0.625665  0.000659006     17.2644   0.0758062
    1        1       571.5         0.5    0.665231  0.000659652     16.4629   0.0355518
    1        1       601.5         0.5    0.704799  0.000659062     15.9578   0.0529121
    1        2       151.5         0.5    0.138383  0.000708399       36.47   0.0575126
    1        2       181.5         0.5    0.180795  0.000705366     33.3427   0.0602272
    1        2       211.5         0.5    0.223041  0.000702916     30.9557   0.0297125
    1        2       241.5         0.5    0.265158  0.000701052     28.6328   0.0479733
    1        2       271.5         0.5    0.307181  0.000699772     26.7108   0.0232198
    1        2       301.5         0.5    0.349144  0.000699076     25.0534   0.0320208
    1        2       331.5         0.5    0.391082  0.000698965     23.4914   0.0387116
    1        2       361.5         0.5     0.43303  0.000699368     22.1236   0.0269704
    1        2       391.5         0.5    0.475003  0.000699668     21.0926   0.0300934
    1        2       421.5         0.5    0.516985  0.000699719     19.8276   0.0450612
    1        2       451.5         0.5    0.558964  0.000699522     18.7708   0.0211163
    1        2       481.5         0.5    0.600925  0.000699212     17.9393   0.0285892
    1        2       511.5         0.5    0.642877  0.000699263     17.1666   0.0386026
    1        2       541.5         0.5    0.684844  0.000699716     16.3816   0.0260044
    1        3       181.5         0.5    0.139921  0.000687402     35.8183   0.0785116
    1        3       211.5         0.5    0.181165  0.000687402     32.9089   0.0519776
    1        3       241.5         0.5    0.222409  0.000687402     30.4029   0.0244862
    1        3       271.5         0.5    0.263724  0.000695647     28.1785   0.0294226
    1        3       301.5         0.5    0.305293  0.000690072     26.2895    0.018884
    1        3       331.5         0.5    0.346563  0.000685759     24.5888   0.0305882
    1        3       361.5         0.5    0.387613  0.000682708     23.1144   0.0414921
    1        3       391.5         0.5    0.428516  0.000680919     21.7576   0.0235927
    1        3       421.5         0.5    0.469349  0.000680391     20.4718    0.019074
    1        3       451.5         0.5    0.510188  0.000681126     19.5156   0.0332199
    1        3       481.5         0.5    0.551108  0.000683122     18.4604   0.0255082
    1        3       511.5         0.5    0.592183  0.000686103     17.5459   0.0369415
    1        3       541.5         0.5    0.633412  0.000687983     16.8291   0.0339662
    1        3       571.5         0.5    0.674709  0.000688333     16.1381   0.0290705
    2        1       211.5         0.5    0.184002  0.000699565     31.9828    0.115041
    2        1       241.5         0.5    0.225976  0.000699565     29.6712    0.101145
    2        1       271.5         0.5    0.267941  0.000699017     27.4467   0.0768359
    2        1       301.5         0.5    0.309896  0.000699448     25.4386    0.266598
    2        1       331.5         0.5    0.351872  0.000699737     23.7399    0.150707
    2        1       361.5         0.5    0.393861  0.000699885     22.3818   0.0366298
    2        1       391.5         0.5    0.435855  0.000699891     20.9344   0.0728476
    2        1       421.5         0.5    0.477845  0.000699755     19.5809   0.0451346
    2        1       451.5         0.5    0.519823  0.000699478      18.742   0.0310975
    2        1       481.5         0.5     0.56178  0.000699059        17.5   0.0901651
    2        1       511.5         0.5    0.603711  0.000698711     16.8784    0.114124
    2        1       541.5         0.5    0.645639  0.000699028     16.1307   0.0661087
    2        2       121.5         0.5    0.102806  0.000691354     38.9422    0.052739
    2        2       151.5         0.5    0.144201  0.000688565      35.834    0.117826
    2        2       181.5         0.5    0.185453  0.000686631     32.6303   0.0575654
    2        2       211.5         0.5    0.226615  0.000685554       30.48    0.129401
    2        2       241.5         0.5    0.267738  0.000685333     28.3521    0.057281
    2        2       271.5         0.5    0.308872  0.000685969     26.5379   0.0397601
    2        2       301.5         0.5     0.35007  0.000687461     24.7726   0.0430115
    2        2       331.5         0.5    0.391383  0.000689809     23.4057    0.143712
    2        2       361.5         0.5     0.43286  0.000692787     21.9122    0.251771
    2        2       421.5         0.5    0.516151  0.000694202     19.6711   0.0955271
    2        2       451.5         0.5    0.557753  0.000692174     18.6633    0.107082
    2        2       481.5         0.5    0.599186  0.000688931     17.5906    0.112148
    2        2       511.5         0.5    0.640454  0.000686871     16.9257   0.0473459
    2        2       541.5         0.5     0.68164  0.00068624     16.4259   0.0448175
    2        3       181.5         0.5    0.144431  0.000693433     34.9668    0.286897
    2        3       211.5         0.5    0.186037  0.000693433     32.1819   0.0918798
    2        3       241.5         0.5    0.227643  0.000693433     29.9861    0.113432
    2        3       271.5         0.5    0.269381  0.000700741     27.7586   0.0338713
    2        3       301.5         0.5    0.311261  0.000695389     25.7567    0.111738
    2        3       331.5         0.5    0.352857  0.00069128     24.2105   0.0238662
    2        3       361.5         0.5    0.394243  0.000688416     22.6835   0.0389206
    2        3       391.5         0.5    0.435494  0.000686795     21.3884   0.0449731
    2        3       421.5         0.5    0.476684  0.000686419     20.2166    0.124586
    2        3       451.5         0.5    0.517889  0.000687286     19.1774   0.0525967
    2        3       481.5         0.5    0.559182  0.000689396     18.1544   0.0404142
    2        3       511.5         0.5    0.600632  0.000692228     17.3717   0.0695282
    2        3       541.5         0.5    0.642223  0.000693955      16.544   0.0548447
    3        0       121.5         0.5   0.0973605  0.000669932     39.3156    0.051416
    3        0       151.5         0.5    0.137348  0.000667606     35.9374    0.116746
    3        0       181.5         0.5    0.177482  0.000670161     33.0395   0.0474062
    3        0       211.5         0.5    0.217756  0.000672275      30.577    0.081208
    3        0       241.5         0.5    0.258145  0.000673948     28.4344   0.0749885
    3        0       271.5         0.5     0.29862  0.000675179      26.454   0.0564356
    3        0       301.5         0.5    0.339156  0.00067597     24.8278   0.0702315
    3        0       331.5         0.5    0.379727  0.000676319      23.412   0.0415669
    3        0       361.5         0.5    0.420305  0.000676229      22.075   0.0436819
    3        0       391.5         0.5    0.460871  0.000675944     20.8012   0.0693936
    3        0       421.5         0.5    0.501418  0.000675622      19.703   0.0535441
    3        0       451.5         0.5    0.541945  0.000675263     18.7994   0.0428141
    3        0       481.5         0.5     0.58245  0.000674882     17.9162   0.0330389
    3        0       511.5         0.5     0.62294  0.000674895     17.2019   0.0505426
    3        0       541.5         0.5    0.663448  0.000675497     16.4074    0.137112
    3        1       181.5         0.5    0.145818  0.000693433     35.6866   0.0458203
    3        1       211.5         0.5    0.187424  0.000693433     32.9199   0.0537257
    3        1       271.5         0.5    0.270625  0.000692934     28.1269    0.160327
    3        1       301.5         0.5    0.312214  0.000693339     26.3996   0.0843068
    3        1       331.5         0.5    0.353823  0.000693609     24.7321     0.10082
    3        1       361.5         0.5    0.395444  0.000693744     23.1429   0.0320431
    3        1       391.5         0.5    0.437069  0.000693744     22.0968    0.398208
    3        1       421.5         0.5    0.478691  0.000693608     20.7161   0.0876127
    3        1       451.5         0.5      0.5203  0.000693337     19.7335   0.0769386
    3        1       481.5         0.5    0.561889  0.000692932     18.5989    0.154665
    3        1       511.5         0.5    0.603452  0.000692596     17.5833   0.0489284
    3        2       181.5         0.5     0.15275  0.000693433     30.8737   0.0869274
    3        2       211.5         0.5    0.194356  0.000693433     27.9824    0.196238
    3        2       241.5         0.5    0.235963  0.000693433     25.6422   0.0451538
    3        2       271.5         0.5    0.277779  0.000699512     23.4193    0.203307
    3        2       301.5         0.5    0.319595  0.000694462     21.6671    0.135365
    3        2       331.5         0.5    0.361144  0.000690637     20.0473   0.0747598
    3        2       421.5         0.5    0.484924  0.000686512     16.5673   0.0488897
    3        3       151.5         0.5     0.13161  0.000659898     36.5166   0.0725358
    3        3       211.5         0.5    0.211311  0.000667739       31.22   0.0282031
    3        3       271.5         0.5    0.291676  0.000670927     27.1105   0.0419395
    3        3       301.5         0.5    0.331933  0.000670776     25.3751   0.0394753
    3        3       331.5         0.5    0.372146  0.000669461     23.7623   0.0263541
    3        3       361.5         0.5    0.412247  0.000666982      22.605   0.0572184
    3        3       391.5         0.5    0.452183  0.000664436     21.2264   0.0416362
    3        3       421.5         0.5     0.49201  0.000663355     20.1643   0.0503363
    3        3       451.5         0.5    0.531816  0.000663748     19.2054    0.128398
    3        3       511.5         0.5    0.611701  0.000668107     17.5833     0.16677
    4        0       181.5         0.5     1.24223  0.000719399     34.8838    0.186036
    4        0       211.5         0.5      1.2854  0.000719399     31.8699   0.0534591
    4        0       241.5         0.5     1.32856  0.000719399     29.1564   0.0414274
    4        0       271.5         0.5     1.37172  0.000719399     26.9988   0.0493998
    4        0       301.5         0.5     1.41489  0.000719399     24.9449     0.07622
    4        0       331.5         0.5     1.45805  0.000719399     23.3127    0.262364
    4        0       361.5         0.5     1.50122  0.000719399     21.6675   0.0239187
    4        0       391.5         0.5     1.54438  0.000719399     20.2987   0.0785842
    4        0       421.5         0.5     1.58754  0.000719399     19.2241   0.0382065
    4        0       451.5         0.5     1.63071  0.000719399     18.0713   0.0817598
    4        0       481.5         0.5     1.67387  0.000719399     17.2763    0.120611
    4        0       511.5         0.5     1.71704  0.000719399     16.3377   0.0794547
    4        1       151.5         0.5    0.134229  0.000680943     35.7098   0.0721887
    4        1       181.5         0.5    0.174922  0.000675666     32.6919    0.198284
    4        1       211.5         0.5    0.215346  0.00067201     30.1792   0.0607348
    4        1       241.5         0.5    0.255598  0.000669975     27.9084   0.0597514
    4        1       271.5         0.5    0.295776  0.000669562      26.014   0.0719026
    4        1       301.5         0.5    0.335978  0.000670771     24.3542   0.0468465
    4        1       331.5         0.5    0.376299   0.0006736     22.7609    0.110772
    4        1       361.5         0.5    0.416808  0.00067653      21.411   0.0256763
    4        1       391.5         0.5    0.457453  0.000678105     20.2099   0.0887911
    4        1       421.5         0.5    0.498153  0.000678323     19.2164   0.0626024
    4        1       451.5         0.5    0.538829  0.000677511     18.0493   0.0486234
    4        1       481.5         0.5    0.579462  0.00067695     17.3789   0.0264434
    4        1       511.5         0.5    0.620071  0.000676769     16.4171   0.0390278
    4        2       181.5         0.5    0.169122  0.000842248     33.7763   0.0447811
    4        2       211.5         0.5    0.219657  0.000842248     30.7453   0.0450995
    4        2       241.5         0.5    0.270195  0.000842294     28.3012   0.0641726
    4        2       271.5         0.5     0.32073  0.000842215     25.8555    0.132952
    4        2       301.5         0.5    0.371262  0.000842187     24.0503    0.129443
    4        2       331.5         0.5    0.421793  0.000842211     22.3331   0.0890868
    4        2       361.5         0.5    0.472328  0.000842285     21.0645   0.0589805
    4        2       391.5         0.5    0.522868  0.000842406     19.6059     0.04603
    4        2       421.5         0.5    0.573413  0.000842368     18.3792   0.0624037
    4        2       451.5         0.5    0.623947  0.000842064     17.4539   0.0331823
    4        2       481.5         0.5    0.674457  0.000841622     16.4406   0.0630673
    4        2       511.5         0.5     0.72496  0.000841999     15.9348   0.0670108
    4        3       211.5         0.5          -1           0     31.1074   0.0642906
    4        3       241.5         0.5          -1           0     28.4937    0.030684
    4        3       271.5         0.5          -1           0     26.3483    0.195227
    4        3       301.5         0.5          -1           0     24.3131    0.845957
    4        3       331.5         0.5          -1           0     22.7277   0.0871285
    4        3       361.5         0.5          -1           0      21.381     0.13009
    4        3       391.5         0.5          -1           0     19.8688   0.0538036
    4        3       421.5         0.5          -1           0     18.9433   0.0410644
    4        3       451.5         0.5          -1           0     17.9386   0.0213327
    4        3       511.5         0.5          -1           0     16.3235   0.0801373
    5        0       151.5         0.5    0.134192  0.000776006     35.5316   0.0335861
    5        0       181.5         0.5    0.180753  0.000776006     32.3371   0.0401573
    5        0       211.5         0.5    0.227313  0.000776006     29.6363   0.0205799
    5        0       241.5         0.5    0.273889  0.000776171     27.2657  0.00956453
    5        0       271.5         0.5     0.32045  0.000775872     25.2232  0.00655082
    5        0       301.5         0.5    0.366997  0.000775751     23.4754   0.0226537
    5        0       331.5         0.5    0.413543  0.000775808     21.9337     0.04292
    5        0       361.5         0.5    0.460098  0.000776044     20.6138   0.0188357
    5        0       391.5         0.5    0.506672  0.000776457     19.3692   0.0237513
    5        0       421.5         0.5    0.553269  0.000776664     18.3659   0.0154845
    5        0       451.5         0.5    0.599854  0.000775987     17.3718   0.0307558
    5        0       481.5         0.5    0.646371  0.000774411      16.526   0.0280349
    5        1       151.5         0.5     0.12622  0.000726992     38.1984   0.0501124
    5        1       181.5         0.5    0.169839  0.000726992      35.291   0.0244475
    5        1       211.5         0.5    0.213459  0.000726992     32.6173   0.0321751
    5        1       241.5         0.5    0.256813  0.000719038     30.3404   0.0491192
    5        1       271.5         0.5    0.300207  0.00072713     28.4268   0.0518899
    5        1       301.5         0.5    0.344011  0.000732674     26.6482   0.0388885
    5        1       331.5         0.5    0.388072  0.000735671     25.0801   0.0479857
    5        1       361.5         0.5    0.432239  0.000736119     23.6356   0.0400842
    5        1       391.5         0.5    0.476357  0.00073402     22.2745   0.0635939
    5        1       421.5         0.5    0.520274  0.000729434     21.2271   0.0261337
    5        1       451.5         0.5    0.563923  0.000726035     20.1435   0.0302193
    5        1       481.5         0.5    0.607466  0.000725975     19.2101   0.0258421
    5        1       511.5         0.5    0.651105  0.000729252     18.3538   0.0289303
    5        1       541.5         0.5    0.694994  0.000733539     17.5624   0.0445579
    5        1       571.5         0.5    0.739096  0.000736308     16.8168   0.0287329
    5        1       601.5         0.5    0.783318  0.000737557     16.2133   0.0237469
    5        2       151.5         0.5    0.153049  0.000803074     36.3139   0.0356749
    5        2       181.5         0.5    0.201234  0.000803074      33.476   0.0290901
    5        2       211.5         0.5    0.249511  0.000808913     31.1232   0.0698137
    5        2       241.5         0.5    0.297885  0.000803632      28.862   0.0265343
    5        2       271.5         0.5    0.345971  0.000799326     26.9933   0.0506102
    5        2       301.5         0.5    0.393828  0.000795994     25.2034   0.0308054
    5        2       331.5         0.5    0.441513  0.000793638     23.8688   0.0471646
    5        2       361.5         0.5    0.489085  0.000792256     22.4876   0.0333511
    5        2       391.5         0.5    0.536605  0.000791941     21.2949   0.0250781
    5        2       421.5         0.5    0.584152  0.000793285      20.202    0.023183
    5        2       451.5         0.5    0.631832  0.000796396     19.2256   0.0150619
    5        2       481.5         0.5    0.679745  0.00080074     18.3026   0.0249443
    5        2       511.5         0.5    0.727891  0.00080394     17.5348   0.0305783
    5        2       541.5         0.5    0.776187  0.000805713     16.8095   0.0234173
    5        2       571.5         0.5    0.824593  0.000809404     16.1124   0.0166214
    5        3       181.5         0.5    0.153917  0.000690648     39.9402    0.060058
    5        3       211.5         0.5    0.195356  0.000690648     37.7679   0.0399001
    5        3       241.5         0.5    0.236795  0.000690648     35.6888   0.0340586
    5        3       271.5         0.5    0.277819  0.000687285     33.9614   0.0470778
    5        3       301.5         0.5    0.319242  0.000693241     32.4962   0.0330872
    5        3       331.5         0.5    0.360961  0.000697108     30.9215    0.024869
    5        3       361.5         0.5     0.40285  0.000698887     29.5824   0.0231193
    5        3       391.5         0.5    0.444785  0.000698578     28.2994   0.0200197
    5        3       421.5         0.5    0.486639  0.00069618     27.1314   0.0200658
    5        3       451.5         0.5     0.52829  0.000691986     25.9726   0.0217568
    5        3       481.5         0.5    0.569723  0.00068954     24.8986  0.00436925
    5        3       511.5         0.5    0.611092  0.000689889     24.0692   0.0271024
    5        3       541.5         0.5    0.652564  0.000693033     23.2799   0.0105237
    5        3       571.5         0.5    0.694263  0.00069675     22.4171   0.0421802
    5        3       601.5         0.5     0.73614  0.00069893     21.6521     0.04269
    5        3       631.5         0.5    0.778103  0.000699571     20.9984   0.0235942
    5        3       661.5         0.5    0.820091  0.000701032     20.3337   0.0484533
    5        3       691.5         0.5    0.862374  0.000709838     19.6728   0.0270438
    5        3       721.5         0.5    0.905413  0.00072637     19.0402   0.0344501
    5        3       751.5         0.5    0.949672  0.000750626     18.4784   0.0414382
    5        3       781.5         0.5    0.995615  0.000782608     17.9839    0.038705
    5        3       811.5         0.5      1.0437  0.000822314     17.5536   0.0379318
    5        3       841.5         0.5      1.0921  0.00078485     17.0366   0.0214137
    5        3       871.5         0.5     1.13919  0.00078485     16.6258   0.0190147
    5        3       901.5         0.5     1.18628  0.00078485     16.2583    0.019683
    6        0       121.5         0.5    0.112303  0.000766434     36.4891   0.0932231
    6        0       151.5         0.5    0.158319  0.000767388     32.9115   0.0455993
    6        0       181.5         0.5     0.20438  0.000767913     29.9395    0.101788
    6        0       211.5         0.5     0.25046  0.000768009     27.4496   0.0767944
    6        0       241.5         0.5    0.296533  0.000767676     25.3281   0.0334015
    6        0       271.5         0.5    0.342573  0.000766913     23.3774   0.0468757
    6        0       301.5         0.5    0.388555  0.000765821     21.8535   0.0224977
    6        0       331.5         0.5    0.434505  0.000766205     20.3633   0.0616425
    6        0       361.5         0.5    0.480542  0.000768738     19.0623   0.0255496
    6        0       391.5         0.5    0.526792  0.000773245      17.949   0.0403699
    6        0       421.5         0.5    0.573296  0.000776517     17.0572   0.0239765
    6        0       451.5         0.5    0.619924  0.000777361      16.139   0.0490381
    6        1       121.5         0.5    0.107633  0.000758947     37.7929    0.158927
    6        1       151.5         0.5     0.15317  0.000758947      34.304   0.0410893
    6        1       181.5         0.5    0.198707  0.000758947     31.4928   0.0508475
    6        1       211.5         0.5    0.244294  0.000764738     29.0019   0.0269007
    6        1       241.5         0.5    0.290039  0.000760156     26.6703   0.0305689
    6        1       271.5         0.5    0.335533  0.000756356     24.8119   0.0621745
    6        1       331.5         0.5    0.425951  0.000751104     21.7001   0.0381476
    6        1       361.5         0.5    0.470971  0.000749651      20.302   0.0514748
    6        1       391.5         0.5    0.515926  0.000748981     19.2753   0.0702199
    6        1       421.5         0.5    0.560871  0.000749429     18.2348   0.0406933
    6        1       451.5         0.5    0.605885  0.000751276     17.3204   0.0445465
    6        1       481.5         0.5     0.65105  0.000754524     16.4075   0.0723995
    6        2       151.5         0.5   -0.133532  0.000734728     34.5298    0.311992
    6        2       181.5         0.5  -0.0894481  0.000734728     31.3122   0.0696918
    6        2       211.5         0.5  -0.0453644  0.000734728     28.6794   0.0567614
    6        2       241.5         0.5  -0.00128074  0.000734728     26.4792   0.0358292
    6        2       271.5         0.5   0.0428029  0.000734728     24.4999   0.0381157
    6        2       301.5         0.5   0.0868866  0.000734728     22.8115   0.0541483
    6        2       331.5         0.5    0.134995  0.000801951     21.3831   0.0842574
    6        2       361.5         0.5    0.180794  0.000723365     19.9844   0.0815923
    6        2       391.5         0.5    0.221877  0.00064478      18.965    0.129434
    6        2       421.5         0.5    0.258246  0.000566194     17.7564   0.0378577
    6        2       451.5         0.5    0.289899  0.000487608     16.8102   0.0656861
    6        2       481.5         0.5    0.316838  0.000409022     15.9718     0.10381
    6        3       151.5         0.5     0.12622  0.000726992     35.8803    0.204476
    6        3       181.5         0.5    0.169839  0.000726992     32.4536   0.0599436
    6        3       211.5         0.5    0.213459  0.000726992     29.6279   0.0660423
    6        3       241.5         0.5    0.257086  0.000727228     27.2576   0.0723421
    6        3       271.5         0.5    0.300712  0.00072697     25.2003   0.0688753
    6        3       301.5         0.5    0.344325  0.000726828       23.14    0.386848
    6        3       331.5         0.5    0.387934  0.000726804     21.7303    0.157682
    6        3       361.5         0.5    0.431544  0.000726896     20.5227   0.0407736
    6        3       391.5         0.5    0.475163  0.000727106     19.2431   0.0255083
    6        3       421.5         0.5    0.518799  0.000727429     18.1987   0.0341161
    6        3       451.5         0.5    0.562448  0.00072744     17.2325   0.0331193
    6        3       481.5         0.5     0.60608  0.000726858     16.4129   0.0923436
    7        0       181.5         0.5    0.164512  0.000767382     32.3138   0.0860433
    7        0       211.5         0.5    0.210555  0.000767382     29.5739    0.458153
    7        0       241.5         0.5    0.256579  0.000766784     26.9562   0.0274784
    7        0       271.5         0.5    0.302608  0.000767458     24.8186    0.061587
    7        0       301.5         0.5    0.348667  0.00076781     23.2682   0.0662265
    7        0       331.5         0.5    0.394738  0.000767841     21.5031   0.0462519
    7        0       391.5         0.5    0.486838  0.000766937     18.8601    0.125339
    7        0       421.5         0.5     0.53283  0.000766166      18.066   0.0418036
    7        0       481.5         0.5     0.62486  0.000768759     16.2939    0.107734
    7        1       151.5         0.5    0.124766  0.000726992     36.3175    0.045691
    7        1       181.5         0.5    0.168385  0.000726992     33.2408   0.0535394
    7        1       211.5         0.5    0.212005  0.000726992     30.4283   0.0635377
    7        1       241.5         0.5    0.255846  0.000734397     28.2104   0.0780409
    7        1       271.5         0.5    0.299685  0.000727127     26.0206   0.0484709
    7        1       301.5         0.5    0.343151  0.000722017     24.3631    0.186819
    7        1       331.5         0.5    0.386374  0.000719065     22.8755   0.0674749
    7        1       361.5         0.5    0.429484  0.000718271     21.2074    0.362271
    7        1       391.5         0.5     0.47261  0.000719637     20.0764   0.0892933
    7        1       421.5         0.5    0.515881  0.000723157     19.2027   0.0934343
    7        2       241.5         0.5    0.238181  0.000729855     28.2797    0.121069
    7        2       271.5         0.5    0.282274  0.000739623     26.2317   0.0728063
    7        3       151.5         0.5    0.139512  0.000758947     34.9202    0.212116
    7        3       181.5         0.5    0.185049  0.000758947     31.5785    0.180719
    7        3       211.5         0.5    0.230586  0.000758947      29.141   0.0299577
    7        3       241.5         0.5    0.276533  0.000763124     26.7875   0.0920993
    7        3       271.5         0.5    0.322091  0.000755817     24.7044   0.0909704
    7        3       301.5         0.5    0.367291  0.000751219     23.2421   0.0400225
    7        3       331.5         0.5    0.412295  0.000749329     21.5844    0.118296
    7        3       361.5         0.5    0.457266  0.000750148     20.2382   0.0296664
    7        3       391.5         0.5    0.502365  0.000753675      19.189   0.0256762
    7        3       421.5         0.5    0.547733  0.000758343     17.9829    0.127494
    7        3       451.5         0.5    0.593305  0.000760252     17.1975   0.0500867
    8        0       181.5         0.5      0.5622  0.000683808     35.2843    0.074308
    8        0       211.5         0.5    0.603229  0.000683808     32.4625   0.0299527
    8        0       241.5         0.5    0.644257  0.000683808     30.0031   0.0459262
    8        0       271.5         0.5    0.685306  0.000684038     27.8087   0.0415057
    8        0       301.5         0.5    0.726338  0.000683695     25.8983   0.0283571
    8        0       331.5         0.5    0.767353  0.000683518     24.3211   0.0519016
    8        0       361.5         0.5    0.808363  0.000683509     22.8763   0.0343118
    8        0       391.5         0.5    0.849377  0.000683667     21.5798   0.0271033
    8        0       421.5         0.5    0.890406  0.000683992     20.3694   0.0219993
    8        0       451.5         0.5    0.931459  0.00068448     19.3325   0.0264196
    8        0       481.5         0.5    0.972535  0.000684563     18.3672   0.0341325
    8        0       511.5         0.5     1.01359  0.000683818      17.565   0.0279621
    8        0       541.5         0.5     1.05458  0.000682244     16.7633   0.0273054
    8        0       571.5         0.5     1.09546  0.000680846     16.0677   0.0203333
    8        1       241.5         0.5    0.190372  0.000664078     33.0956   0.0231686
    8        1       271.5         0.5    0.230216  0.000664078     30.7929   0.0189906
    8        1       301.5         0.5    0.270068  0.000664156     28.5962   0.0277166
    8        1       331.5         0.5    0.309914  0.000664045     26.7918    0.041138
    8        1       361.5         0.5    0.349754  0.000663986     25.0787   0.0307145
    8        1       391.5         0.5    0.389593  0.000663981     23.5879   0.0219804
    8        1       421.5         0.5    0.429433  0.00066403     22.3747   0.0158489
    8        1       451.5         0.5    0.469278  0.000664131     21.0824   0.0214745
    8        1       481.5         0.5     0.50913  0.000664285     20.0341   0.0263323
    8        1       511.5         0.5    0.548991  0.000664365     19.1617   0.0973242
    8        1       541.5         0.5    0.588848  0.000664171     18.2505   0.0228507
    8        1       571.5         0.5    0.628686   0.0006637     17.3882   0.0470149
    8        1       601.5         0.5    0.668488  0.000663066      16.669   0.0213285
    8        1       631.5         0.5    0.708272  0.000663262     16.0016   0.0230074
    8        2       211.5         0.5    0.189691  0.000734728     32.5113   0.0499788
    8        2       241.5         0.5    0.233775  0.000734728     29.9342   0.0360104
    8        2       271.5         0.5    0.277825  0.000734466     27.7176   0.0287214
    8        2       301.5         0.5     0.32191  0.000735006     25.7925   0.0345044
    8        2       331.5         0.5    0.366019  0.000735234     24.0258   0.0744432
    8        2       361.5         0.5    0.410132  0.000735149      22.523   0.0295339
    8        2       391.5         0.5    0.454231  0.000734751     21.1796   0.0387454
    8        2       421.5         0.5    0.498296  0.000734039     20.0331   0.0241517
    8        2       451.5         0.5    0.542315  0.000733405     19.0353   0.0500735
    8        2       481.5         0.5    0.586335  0.000734211     17.9798   0.0213247
    8        2       511.5         0.5     0.63045  0.000736575     17.1493   0.0358543
    8        2       541.5         0.5    0.674749  0.000740152     16.3458   0.0253437
    8        3       211.5         0.5    0.192143  0.000767382     32.2975    0.061301
    8        3       241.5         0.5    0.238186  0.000768757     29.5871   0.0289822
    8        3       271.5         0.5    0.284302  0.000768297     27.3173   0.0387881
    8        3       301.5         0.5    0.330364  0.000766904     25.1421    0.100587
    8        3       331.5         0.5    0.376314  0.000764576      23.534   0.0288167
    8        3       361.5         0.5    0.422097  0.000761314     21.9842   0.0297236
    8        3       391.5         0.5    0.467657  0.000757118     20.5736   0.0209837
    8        3       421.5         0.5    0.512937  0.000751987      19.438   0.0197302
    8        3       451.5         0.5    0.557934  0.000748646     18.3725   0.0231493
    8        3       481.5         0.5    0.602871  0.000750058     17.3331   0.0711678
    8        3       511.5         0.5    0.648032  0.000756225     16.4947   0.0422183
    9        0       211.5         0.5    0.176024  0.000690641     32.7886   0.0249975
    9        0       241.5         0.5    0.217463  0.000690641     30.2392   0.0134544
    9        0       271.5         0.5    0.258887  0.000690288     27.9597   0.0191678
    9        0       301.5         0.5    0.300316  0.000690672     26.0486   0.0114444
    9        0       331.5         0.5    0.341764  0.000690891     24.3219   0.0241821
    9        0       361.5         0.5     0.38322  0.000690946       22.71   0.0188711
    9        0       391.5         0.5    0.424674  0.000690836     21.4036   0.0219499
    9        0       421.5         0.5    0.466117  0.000690561     20.2007   0.0234816
    9        0       451.5         0.5    0.507538  0.000690121     19.0942   0.0206017
    9        0       481.5         0.5    0.548934  0.000689869     18.1239    0.017737
    9        0       511.5         0.5    0.590339  0.000690428     17.2759    0.021227
    9        0       541.5         0.5    0.631801  0.000691808     16.4824    0.019241
    9        1       181.5         0.5    0.152861  0.000677102     34.5998    0.044134
    9        1       211.5         0.5    0.193488  0.000677102     31.9229   0.0943855
    9        1       241.5         0.5    0.234114  0.000677102     29.4083   0.0251491
    9        1       271.5         0.5    0.274555  0.000675471     27.2344   0.0198341
    9        1       301.5         0.5    0.315172  0.000678241     25.4059   0.0362092
    9        1       331.5         0.5    0.355914  0.000679618     23.6969   0.0190184
    9        1       361.5         0.5    0.396697  0.000679602     22.3218   0.0316806
    9        1       391.5         0.5    0.437439  0.000678193      20.976   0.0179466
    9        1       421.5         0.5    0.478055  0.00067539     19.8479   0.0183268
    9        1       451.5         0.5    0.518461  0.000671225     18.8067   0.0206601
    9        1       481.5         0.5    0.558641  0.000668648     17.8383   0.0236372
    9        1       511.5         0.5    0.598771   0.0006696       17.01   0.0370357
    9        1       541.5         0.5    0.639061  0.000674079      16.257   0.0214906
    9        2       211.5         0.5    0.169119  0.000690641     33.5892   0.0419862
    9        2       241.5         0.5    0.210558  0.000690641     31.1975   0.0252394
    9        2       271.5         0.5    0.252066  0.000693501     28.9128   0.0350297
    9        2       301.5         0.5     0.29359  0.000690778     26.8621   0.0236537
    9        2       331.5         0.5    0.334983  0.000689151      25.064   0.0234649
    9        2       361.5         0.5    0.376311  0.000688619     23.5223   0.0318999
    9        2       391.5         0.5     0.41764  0.000689183     22.0727    0.110192
    9        2       421.5         0.5    0.459034  0.000690842     20.9016   0.0294492
    9        2       451.5         0.5     0.50056  0.000693597     19.8256   0.0242252
    9        2       481.5         0.5    0.542276  0.000696798     18.7659   0.0519318
    9        2       511.5         0.5     0.58414  0.000698422     17.9043   0.0465646
    9        2       541.5         0.5    0.626051  0.000698326     16.9733   0.0182152
    9        2       571.5         0.5    0.667908  0.000696773     16.2829   0.0300784
    9        3       211.5         0.5     0.19164  0.000750704     33.0439    0.032773
    9        3       241.5         0.5    0.236682  0.000750704     30.6847   0.0455841
    9        3       271.5         0.5    0.281739  0.000750788     28.3372    0.117077
    9        3       301.5         0.5    0.326779  0.000750571      26.244   0.0206899
    9        3       331.5         0.5     0.37181  0.00075049     24.5699   0.0396642
    9        3       361.5         0.5    0.416841  0.000750545     22.9942   0.0394068
    9        3       391.5         0.5    0.461878  0.000750736     21.6836   0.0282756
    9        3       421.5         0.5    0.506931  0.000751063     20.3904   0.0256572
    9        3       451.5         0.5    0.552003  0.000751236     19.3917   0.0632003
    9        3       481.5         0.5    0.597066  0.000750742     18.4059   0.0196507
    9        3       511.5         0.5     0.64208  0.000749572     17.4724   0.0246431
    9        3       541.5         0.5    0.687018  0.000748709     16.6535   0.0357135
    9        3       571.5         0.5    0.731975  0.000750329     15.9628   0.0384683
   10        0       181.5         0.5    0.140066  0.000645461     35.4191    0.120946
   10        0       211.5         0.5    0.178794  0.000645461     32.7998   0.0443036
   10        0       241.5         0.5    0.217522  0.000645461     30.3694   0.0492537
   10        0       271.5         0.5     0.25626  0.000645767     28.2863   0.0704005
   10        0       301.5         0.5    0.294997  0.000645467     26.5196   0.0205585
   10        0       331.5         0.5    0.333719  0.000645284      24.799   0.0244785
   10        0       361.5         0.5    0.372434  0.000645217     23.2587   0.0491928
   10        0       391.5         0.5    0.411147  0.000645266     22.0971   0.0432107
   10        0       421.5         0.5    0.449868  0.000645431     20.9122   0.0206638
   10        0       451.5         0.5    0.488601  0.000645713     19.8775   0.0340237
   10        0       481.5         0.5    0.527355  0.00064607     18.9524   0.0299637
   10        0       511.5         0.5     0.56612  0.00064599      18.035   0.0304662
   10        0       541.5         0.5    0.604862  0.000645325     17.2385   0.0195527
   10        0       571.5         0.5    0.643548  0.000644073     16.4846   0.0201558
   10        1       211.5         0.5    0.180977  0.000697619     33.4937    0.051888
   10        1       241.5         0.5    0.222834  0.000697619     30.9045   0.0922725
   10        1       271.5         0.5    0.264705  0.00069785     28.7417   0.0351731
   10        1       301.5         0.5    0.306566  0.000697558     26.7951   0.0253677
   10        1       331.5         0.5    0.348415  0.000697403     25.0921   0.0568197
   10        1       361.5         0.5    0.390257  0.000697383     23.5627    0.028658
   10        1       391.5         0.5    0.432103  0.000697499     22.1762    0.034983
   10        1       421.5         0.5     0.47396  0.000697752     21.0715   0.0983862
   10        1       451.5         0.5    0.515836  0.000698139     19.9348    0.086564
   10        1       481.5         0.5     0.55773  0.000698216      18.919   0.0284741
   10        1       511.5         0.5    0.599608  0.000697606     18.0087   0.0368167
   10        1       541.5         0.5     0.64143  0.000696311     17.2658   0.0403194
   10        1       571.5         0.5    0.683167  0.000695248     16.4577   0.0360202
   10        2       211.5         0.5    0.165631  0.000697626     34.6127   0.0206544
   10        2       241.5         0.5    0.207489  0.000697626     31.8547   0.0731005
   10        2       271.5         0.5    0.249353  0.000698003     29.6256   0.0948955
   10        2       301.5         0.5    0.291223  0.000697657     27.7572    0.147269
   10        2       331.5         0.5    0.333075  0.000697449     25.8785   0.0573653
   10        2       361.5         0.5    0.374919  0.000697377     24.3361   0.0349552
   10        2       391.5         0.5    0.416763  0.000697441     22.9137   0.0706728
   10        2       421.5         0.5    0.458615  0.000697643     21.7061   0.0512561
   10        2       451.5         0.5    0.500483  0.000697981     20.6102   0.0331038
   10        2       481.5         0.5    0.542373  0.000698267     19.5814   0.0641873
   10        2       511.5         0.5    0.584261  0.000697909      18.678   0.0667664
   10        2       541.5         0.5    0.626109  0.000696866      17.775   0.0288665
   10        2       571.5         0.5    0.667875  0.000695374     17.1235   0.0560044
   10        2       601.5         0.5    0.709598  0.000695858     16.3725   0.0818893
   10        3       181.5         0.5    0.155019  0.000704739     34.4301   0.0445543
   10        3       211.5         0.5    0.197303  0.000704739     31.6379   0.0849489
   10        3       241.5         0.5    0.239588  0.000705026     29.2268    0.112628
   10        3       271.5         0.5    0.281883  0.000704797     26.8908   0.0960307
   10        3       301.5         0.5    0.324166  0.000704652     25.1627   0.0387454
   10        3       331.5         0.5    0.366443  0.000704592     23.5445   0.0745727
   10        3       361.5         0.5    0.408719  0.000704617     22.0379   0.0368126
   10        3       391.5         0.5    0.450998  0.000704727     20.7768   0.0307739
   10        3       421.5         0.5    0.493287  0.000704923     19.5912   0.0406284
   10        3       451.5         0.5     0.53559  0.000705134      18.514   0.0907214
   10        3       481.5         0.5    0.577895  0.000704974     17.7772    0.177169
   10        3       511.5         0.5    0.620178  0.000704379     16.8175   0.0481084
   10        3       541.5         0.5    0.662413  0.000703412     16.0902   0.0766746
   11        0       241.5         0.5    0.200133  0.000704732     30.4792   0.0464366
   11        0       271.5         0.5    0.242419  0.000705057     28.0791   0.0289329
   11        0       301.5         0.5    0.284713  0.000704786     26.1422   0.0316001
   11        0       331.5         0.5    0.326995  0.000704619     24.2344   0.0740494
   11        0       361.5         0.5     0.36927  0.000704554     22.6601   0.0555664
   11        0       391.5         0.5    0.411544  0.000704594     21.3347    0.103578
   11        0       421.5         0.5    0.453823  0.000704737     20.0586    0.033131
   11        0       451.5         0.5    0.496114  0.000704983     18.8334   0.0567014
   11        0       481.5         0.5    0.538422  0.000705228     17.9112   0.0571334
   11        0       511.5         0.5    0.580731  0.000705001     17.0629     0.06504
   11        0       541.5         0.5    0.623012  0.000704246     16.3252   0.0594783
   11        1       211.5         0.5    0.194643  0.000750696     31.6198    0.879416
   11        1       241.5         0.5    0.239698  0.000756774     28.9698   0.0793457
   11        1       271.5         0.5     0.28497  0.000752325     26.6563   0.0724916
   11        1       301.5         0.5    0.329996  0.000748601     24.6851   0.0791413
   11        1       331.5         0.5     0.37482   0.0007456     23.1462   0.0924135
   11        1       361.5         0.5    0.419485  0.000743323     21.6087   0.0530341
   11        1       391.5         0.5    0.464035  0.000741769     20.5088    0.550343
   11        1       421.5         0.5    0.508513  0.000740939     19.1515   0.0321332
   11        1       451.5         0.5    0.552967  0.000741116     18.1406    0.131669
   11        1       481.5         0.5    0.597475  0.000742743     17.1938   0.0639218
   11        1       511.5         0.5    0.642123  0.000745826     16.2953   0.0771276
   11        2       241.5         0.5     0.18191  0.000639483     32.1675   0.0652924
   11        2       271.5         0.5    0.220279  0.000639483     29.8433   0.0475689
   11        2       301.5         0.5    0.258479  0.000635391     27.8157   0.0446244
   11        2       331.5         0.5    0.296715  0.000639096     26.1701   0.0383344
   11        2       361.5         0.5    0.335151  0.000642001     24.6495   0.0799951
   11        2       391.5         0.5    0.373737  0.000644106     23.0814   0.0965982
   11        2       421.5         0.5    0.412426  0.000645411     21.8646   0.0501946
   11        2       451.5         0.5     0.45117  0.000645917     20.7269    0.131921
   11        2       481.5         0.5     0.48992  0.000645622      19.648    0.149563
   11        2       511.5         0.5     0.52863  0.000644671     18.9516    0.169641
   11        2       541.5         0.5      0.5673  0.000644537     17.7837   0.0347855
   11        2       601.5         0.5    0.644795  0.000647876     16.4814   0.0752922
   11        2       631.5         0.5    0.683752  0.000650577     15.9263    0.109468
   11        3       181.5         0.5    0.144699  0.000697619     35.0565    0.101378
   11        3       211.5         0.5    0.186556  0.000697619     32.3826   0.0313758
   11        3       241.5         0.5    0.228413  0.000697619     29.9929   0.0379158
   11        3       271.5         0.5    0.270611  0.000702076      27.875    0.078329
   11        3       301.5         0.5    0.312549  0.000696099     25.8631    0.140137
   11        3       331.5         0.5    0.354186  0.000692027     24.0867    0.105348
   11        3       361.5         0.5    0.395634  0.000689861     22.8672   0.0744609
   11        3       391.5         0.5    0.437008   0.0006896     21.4961   0.0407838
   11        3       421.5         0.5    0.478423  0.000691245     20.2922   0.0571352
   11        3       451.5         0.5    0.519993  0.000694754      19.282    0.103545
   11        3       481.5         0.5    0.561776  0.000697731     18.2626   0.0455417
   11        3       511.5         0.5     0.60368  0.00069877     17.5485   0.0382644
   11        3       541.5         0.5    0.645589  0.000697873     16.5208   0.0462268
