 *tel    numcsi   CsIInChannel     errCsIInChannel           CsIE       errCsIE
    0         0            102            0.5        5.99677      0.0599677
    0         0            186            0.5        19.9593       0.199593
    0         0            258            0.5        33.3886       0.333886
    0         0            330            0.5        47.6744       0.476744
    0         0            398            0.5        61.8319       0.618319
    0         0            462            0.5        75.7235       0.757235
    0         0            522            0.5        89.2516       0.892516
    0         0            582            0.5        103.284        1.03284
    0         0            642            0.5        117.846        1.17846
    0         0            698            0.5        131.938        1.31938
    0         0            750            0.5        145.479        1.45479
    0         0            802            0.5        159.485        1.59485
    0         0            854            0.5        173.981        1.73981
    0         0            902            0.5        187.822        1.87822
    0         0            946            0.5         200.92         2.0092
    0         0            994            0.5        215.682        2.15682
    0         0           1038            0.5        229.672        2.29672
    0         0           1078            0.5        242.793        2.42793
    0         0           1122            0.5        257.695        2.57695
    0         0           1162            0.5        271.693        2.71693
    0         1             86            0.5        5.66423      0.0566423
    0         1            166            0.5        19.6633       0.196633
    0         1            238            0.5         33.279        0.33279
    0         1            310            0.5        47.6489       0.476489
    0         1            378            0.5        61.8576       0.618576
    0         1            442            0.5        75.7992       0.757992
    0         1            502            0.5        89.3907       0.893907
    0         1            562            0.5        103.514        1.03514
    0         1            618            0.5        117.207        1.17207
    0         1            674            0.5        131.424        1.31424
    0         1            726            0.5        145.124        1.45124
    0         1            778            0.5        159.338        1.59338
    0         1            826            0.5        172.943        1.72943
    0         1            874            0.5        187.043        1.87043
    0         1            922            0.5        201.671        2.01671
    0         1            966            0.5        215.574        2.15574
    0         1           1010            0.5        229.981        2.29981
    0         1           1050            0.5        243.543        2.43543
    0         1           1090            0.5        257.575        2.57575
    0         1           1126            0.5        270.632        2.70632
    0         2             99            0.5         5.8146       0.058146
    0         2            179            0.5        19.3273       0.193273
    0         2            259            0.5        33.8998       0.338998
    0         2            331            0.5        47.7909       0.477909
    0         2            399            0.5        61.5677       0.615677
    0         2            463            0.5        75.1415       0.751415
    0         2            527            0.5        89.3422       0.893422
    0         2            587            0.5        103.266        1.03266
    0         2            647            0.5         117.83         1.1783
    0         2            699            0.5        131.006        1.31006
    0         2            755            0.5        145.818        1.45818
    0         2            803            0.5        159.065        1.59065
    0         2            851            0.5        172.858        1.72858
    0         2            899            0.5        187.238        1.87238
    0         2            943            0.5        200.972        2.00972
    0         2            987            0.5        215.273        2.15273
    0         2           1027            0.5        228.801        2.28801
    0         2           1067            0.5        242.866        2.42866
    0         2           1107            0.5        257.506        2.57506
    0         2           1143            0.5        271.208        2.71208
    0         2           1179            0.5        285.443        2.85443
    0         3             51            0.5        5.81169      0.0581169
    0         3            131            0.5        19.7383       0.197383
    0         3            203            0.5        33.5436       0.335436
    0         3            271            0.5        47.4208       0.474208
    0         3            335            0.5         61.133        0.61133
    0         3            399            0.5        75.4557       0.754557
    0         3            459            0.5        89.4449       0.894449
    0         3            519            0.5        103.998        1.03998
    0         3            571            0.5        117.089        1.17089
    0         3            627            0.5        131.711        1.31711
    0         3            679            0.5        145.802        1.45802
    0         3            727            0.5        159.275        1.59275
    0         3            775            0.5         173.22         1.7322
    0         3            823            0.5        187.667        1.87667
    0         3            867            0.5        201.379        2.01379
    0         3            911            0.5        215.564        2.15564
    0         3            951            0.5        228.896        2.28896
    0         3            991            0.5        242.669        2.42669
    0         3           1031            0.5        256.908        2.56908
    0         3           1071            0.5        271.642        2.71642
    1         0            111            0.5        5.50298      0.0550298
    1         0            187            0.5        17.7825       0.177825
    1         0            255            0.5        29.9713       0.299713
    1         0            315            0.5        41.2579       0.412579
    1         0            379            0.5        53.6951       0.536951
    1         0            439            0.5        65.6752       0.656752
    1         0            499            0.5        77.9435       0.779435
    1         0            555            0.5        89.6476       0.896476
    1         0            611            0.5        101.596        1.01596
    1         0            667            0.5        113.794        1.13794
    1         0            719            0.5        125.346        1.25346
    1         0            771            0.5        137.123        1.37123
    1         0            823            0.5        149.131        1.49131
    1         0            875            0.5        161.377        1.61377
    1         0            927            0.5         173.87         1.7387
    1         0            975            0.5        185.628        1.85628
    1         0           1023            0.5        197.613        1.97613
    1         0           1071            0.5        209.831        2.09831
    1         0           1115            0.5        221.244        2.21244
    1         0           1163            0.5        233.937        2.33937
    1         0           1207            0.5        245.802        2.45802
    1         1             97            0.5        5.89877      0.0589877
    1         1            173            0.5        18.8363       0.188363
    1         1            245            0.5        31.8378       0.318378
    1         1            313            0.5        44.6945       0.446945
    1         1            377            0.5        57.2962       0.572962
    1         1            441            0.5        70.4031       0.704031
    1         1            501            0.5        83.1768       0.831768
    1         1            561            0.5        96.4541       0.964541
    1         1            617            0.5        109.333        1.09333
    1         1            673            0.5        122.715        1.22715
    1         1            725            0.5        135.623        1.35623
    1         1            773            0.5         147.98         1.4798
    1         1            825            0.5        161.877        1.61877
    1         1            869            0.5        174.077        1.74077
    1         1            917            0.5         187.88         1.8788
    1         1            957            0.5        199.802        1.99802
    1         1           1001            0.5        213.384        2.13384
    1         1           1041            0.5        226.184        2.26184
    1         1           1081            0.5        239.443        2.39443
    1         1           1117            0.5        251.793        2.51793
    1         1           1153            0.5        264.563        2.64563
    1         1           1189            0.5        277.778        2.77778
    1         2             84            0.5        5.62492      0.0562492
    1         2            168            0.5        19.9755       0.199755
    1         2            240            0.5        33.3205       0.333205
    1         2            312            0.5        47.4776       0.474776
    1         2            380            0.5        61.5699       0.615699
    1         2            444            0.5        75.4961       0.754961
    1         2            504            0.5        89.1713       0.891713
    1         2            564            0.5        103.488        1.03488
    1         2            620            0.5        117.474        1.17474
    1         2            672            0.5        131.039        1.31039
    1         2            724            0.5        145.203        1.45203
    1         2            772            0.5         158.85         1.5885
    1         2            820            0.5        173.084        1.73084
    1         2            868            0.5        187.953        1.87953
    1         2            908            0.5        200.862        2.00862
    1         2            952            0.5        215.647        2.15647
    1         2            992            0.5        229.657        2.29657
    1         2           1028            0.5        242.762        2.42762
    1         2           1068            0.5        257.913        2.57913
    1         2           1100            0.5        270.512        2.70512
    1         2           1136            0.5        285.227        2.85227
    1         3            114            0.5         6.9496       0.069496
    1         3            194            0.5        20.9967       0.209967
    1         3            266            0.5        34.7196       0.347196
    1         3            334            0.5        48.5159       0.485159
    1         3            398            0.5        62.2209       0.622209
    1         3            462            0.5        76.6468       0.766468
    1         3            522            0.5        90.8641       0.908641
    1         3            578            0.5        104.781        1.04781
    1         3            630            0.5        118.305        1.18305
    1         3            682            0.5         132.45         1.3245
    1         3            730            0.5        146.099        1.46099
    1         3            778            0.5        160.358        1.60358
    1         3            822            0.5        174.005        1.74005
    1         3            866            0.5        188.243        1.88243
    1         3            906            0.5        201.736        2.01736
    1         3            946            0.5         215.79         2.1579
    1         3            986            0.5        230.446        2.30446
    1         3           1022            0.5        244.187        2.44187
    1         3           1058            0.5        258.486        2.58486
    1         3           1090            0.5        271.699        2.71699
    1         3           1122            0.5        285.414        2.85414
    1         3           1154            0.5        299.668        2.99668
    2         0             84            0.5        6.67602      0.0667602
    2         0            148            0.5        17.7802       0.177802
    2         0            204            0.5        28.2544       0.282544
    2         0            264            0.5        39.9097       0.399097
    2         0            316            0.5        50.2782       0.502782
    2         0            372            0.5        61.6809       0.616809
    2         0            424            0.5        72.4714       0.724714
    2         0            476            0.5        83.4484       0.834484
    2         0            528            0.5        94.6091       0.946091
    2         0            580            0.5        105.952        1.05952
    2         0            628            0.5        116.588        1.16588
    2         0            676            0.5        127.381        1.27381
    2         0            724            0.5        138.334        1.38334
    2         0            772            0.5        149.452        1.49452
    2         0            820            0.5        160.737        1.60737
    2         0            864            0.5        171.233        1.71233
    2         0            912            0.5        182.851        1.82851
    2         0            956            0.5        193.659        1.93659
    2         0           1000            0.5        204.623        2.04623
    2         0           1044            0.5        215.746        2.15746
    2         0           1084            0.5        226.002        2.26002
    2         0           1128            0.5        237.444        2.37444
    2         1            112            0.5        5.96501      0.0596501
    2         1            190            0.5        20.8001       0.208001
    2         1            259            0.5        35.7448       0.357448
    2         1            322            0.5        50.4166       0.504166
    2         1            385            0.5          65.93         0.6593
    2         1            442            0.5        80.6619       0.806619
    2         1            496            0.5        95.2328       0.952328
    2         1            550            0.5         110.42         1.1042
    2         1            601            0.5        125.355        1.25355
    2         1            652            0.5         140.89         1.4089
    2         1            697            0.5        155.124        1.55124
    2         1            745            0.5        170.879        1.70879
    2         1            787            0.5        185.178        1.85178
    2         1            829            0.5        199.984        1.99984
    2         1            871            0.5        215.325        2.15325
    2         1            910            0.5         230.08         2.3008
    2         1            949            0.5        245.352        2.45352
    2         1            985            0.5        259.938        2.59938
    2         1           1021            0.5         275.02         2.7502
    2         1           1057            0.5        290.627        2.90627
    2         1           1090            0.5        305.425        3.05425
    2         2             78            0.5        5.77089      0.0577089
    2         2            154            0.5        18.5327       0.185327
    2         2            226            0.5        31.6097       0.316097
    2         2            294            0.5         44.633        0.44633
    2         2            358            0.5        57.4052       0.574052
    2         2            422            0.5        70.6495       0.706495
    2         2            482            0.5        83.4903       0.834903
    2         2            542            0.5        96.7488       0.967488
    2         2            598            0.5        109.511        1.09511
    2         2            654            0.5         122.66         1.2266
    2         2            706            0.5         135.23         1.3523
    2         2            758            0.5        148.164        1.48164
    2         2            810            0.5        161.474        1.61474
    2         2            858            0.5        174.113        1.74113
    2         2            906            0.5        187.104        1.87104
    2         2            954            0.5        200.465        2.00465
    2         2            998            0.5        213.052        2.13052
    2         2           1042            0.5        225.982        2.25982
    2         2           1086            0.5        239.269        2.39269
    2         2           1130            0.5        252.933        2.52933
    2         2           1170            0.5        265.698        2.65698
    2         3            106            0.5        5.49417      0.0549417
    2         3            174            0.5        17.4916       0.174916
    2         3            234            0.5        29.3296       0.293296
    2         3            294            0.5        41.7875       0.417875
    2         3            350            0.5        53.8239       0.538239
    2         3            402            0.5        65.3064       0.653064
    2         3            458            0.5        77.9808       0.779808
    2         3            506            0.5        89.0931       0.890931
    2         3            558            0.5         101.39         1.0139
    2         3            610            0.5        113.958        1.13958
    2         3            658            0.5        125.805        1.25805
    2         3            706            0.5        137.892        1.37892
    2         3            750            0.5        149.191        1.49191
    2         3            798            0.5        161.759        1.61759
    2         3            842            0.5        173.512        1.73512
    2         3            886            0.5        185.491        1.85491
    2         3            930            0.5        197.707        1.97707
    2         3            970            0.5        209.023        2.09023
    2         3           1014            0.5        221.712        2.21712
    2         3           1054            0.5        233.474        2.33474
    2         3           1094            0.5        245.459        2.45459
    2         3           1134            0.5        257.678        2.57678
    3         0             83            0.5         5.4541       0.054541
    3         0            155            0.5        17.4546       0.174546
    3         0            223            0.5        29.8305       0.298305
    3         0            283            0.5        41.2382       0.412382
    3         0            347            0.5        53.7808       0.537808
    3         0            407            0.5        65.8453       0.658453
    3         0            463            0.5        77.3562       0.773562
    3         0            523            0.5         89.952        0.89952
    3         0            579            0.5        101.953        1.01953
    3         0            631            0.5        113.312        1.13312
    3         0            687            0.5        125.779        1.25779
    3         0            739            0.5        137.578        1.37578
    3         0            791            0.5          149.6          1.496
    3         0            843            0.5        161.848        1.61848
    3         0            891            0.5        173.362        1.73362
    3         0            939            0.5        185.083        1.85083
    3         0            987            0.5        197.016        1.97016
    3         0           1035            0.5         209.17         2.0917
    3         0           1083            0.5        221.552        2.21552
    3         0           1127            0.5        233.109        2.33109
    3         1            113            0.5        5.94518      0.0594518
    3         1            176            0.5        16.7187       0.167187
    3         1            236            0.5        27.8035       0.278035
    3         1            293            0.5        38.9046       0.389046
    3         1            347            0.5        49.7987       0.497987
    3         1            401            0.5        60.9823       0.609823
    3         1            452            0.5        71.7677       0.717677
    3         1            503            0.5        82.7435       0.827435
    3         1            554            0.5        93.8931       0.938931
    3         1            602            0.5        104.535        1.04535
    3         1            653            0.5        115.992        1.15992
    3         1            701            0.5        126.909        1.26909
    3         1            749            0.5        137.954        1.37954
    3         1            794            0.5        148.424        1.48424
    3         1            842            0.5        159.711        1.59711
    3         1            887            0.5        170.405        1.70405
    3         1            935            0.5        181.932        1.81932
    3         1            980            0.5        192.851        1.92851
    3         1           1025            0.5         203.88         2.0388
    3         1           1067            0.5        214.274        2.14274
    3         2            103            0.5        7.68985      0.0768985
    3         2            160            0.5        21.3555       0.213555
    3         2            214            0.5        35.4148       0.354148
    3         2            265            0.5        49.5456       0.495456
    3         2            313            0.5        63.5558       0.635558
    3         2            358            0.5        77.3127       0.773127
    3         2            403            0.5        91.6857       0.916857
    3         2            445            0.5        105.677        1.05677
    3         2            484            0.5        119.191        1.19191
    3         2            523            0.5        133.231        1.33231
    3         2            562            0.5        147.825        1.47825
    3         2            598            0.5        161.815        1.61815
    3         2            631            0.5        175.102        1.75102
    3         2            664            0.5        188.854        1.88854
    3         2            697            0.5        203.098        2.03098
    3         2            730            0.5        217.862        2.17862
    3         2            760            0.5        231.762        2.31762
    3         2            787            0.5        244.684        2.44684
    3         2            817            0.5        259.524        2.59524
    3         2            844            0.5        273.341        2.73341
    3         2            871            0.5         287.62         2.8762
    3         3             87            0.5        5.45815      0.0545815
    3         3            163            0.5        18.3405       0.183405
    3         3            235            0.5        31.5975       0.315975
    3         3            303            0.5        44.7109       0.447109
    3         3            367            0.5        57.5035       0.575035
    3         3            431            0.5        70.7158       0.707158
    3         3            491            0.5        83.4839       0.834839
    3         3            551            0.5        96.6296       0.966296
    3         3            607            0.5         109.25         1.0925
    3         3            663            0.5        122.221        1.22221
    3         3            719            0.5        135.555        1.35555
    3         3            771            0.5        148.276        1.48276
    3         3            823            0.5        161.338        1.61338
    3         3            875            0.5        174.754        1.74754
    3         3            923            0.5        187.467        1.87467
    3         3            971            0.5        200.509        2.00509
    3         3           1019            0.5        213.896        2.13896
    3         3           1063            0.5        226.483        2.26483
    3         3           1107            0.5        239.388        2.39388
    3         3           1151            0.5        252.623        2.52623
    4         0            117            0.5        4.64391      0.0464391
    4         0            201            0.5        16.5088       0.165088
    4         0            281            0.5        28.6908       0.286908
    4         0            357            0.5        40.7038       0.407038
    4         0            429            0.5        52.3861       0.523861
    4         0            501            0.5        64.3327       0.643327
    4         0            573            0.5        76.5333       0.765333
    4         0            645            0.5        88.9866       0.889866
    4         0            713            0.5        100.982        1.00982
    4         0            777            0.5        112.484        1.12484
    4         0            845            0.5        124.934        1.24934
    4         0            909            0.5        136.874        1.36874
    4         0            969            0.5         148.27         1.4827
    4         0           1033            0.5        160.646        1.60646
    4         0           1093            0.5        172.462        1.72462
    4         0           1153            0.5        184.491        1.84491
    4         0           1213            0.5        196.741        1.96741
    4         0           1269            0.5         208.38         2.0838
    4         0           1325            0.5        220.225        2.20225
    4         0           1381            0.5        232.284        2.32284
    4         0           1437            0.5        244.562        2.44562
    4         1             92            0.5        5.56656      0.0556656
    4         1            177            0.5        16.8694       0.168694
    4         1            252            0.5          27.68         0.2768
    4         1            327            0.5        38.9042       0.389042
    4         1            397            0.5         49.588        0.49588
    4         1            467            0.5         60.399        0.60399
    4         1            537            0.5        71.2993       0.712993
    4         1            607            0.5        82.2667       0.822667
    4         1            677            0.5        93.2886       0.932886
    4         1            747            0.5        104.356        1.04356
    4         1            817            0.5        115.467        1.15467
    4         1            887            0.5        126.613        1.26613
    4         1            957            0.5        137.794        1.37794
    4         1           1022            0.5        148.209        1.48209
    4         1           1092            0.5        159.457        1.59457
    4         1           1162            0.5        170.738        1.70738
    4         1           1227            0.5        181.244        1.81244
    4         1           1297            0.5        192.591        1.92591
    4         1           1367            0.5        203.974        2.03974
    4         1           1432            0.5        214.577        2.14577
    4         2            118            0.5        5.75069      0.0575069
    4         2            206            0.5         18.425        0.18425
    4         2            290            0.5        31.8946       0.318946
    4         2            366            0.5        44.8532       0.448532
    4         2            438            0.5        57.6668       0.576668
    4         2            510            0.5        70.9587       0.709587
    4         2            578            0.5        83.9402       0.839402
    4         2            642            0.5        96.5417       0.965417
    4         2            706            0.5        109.524        1.09524
    4         2            770            0.5          122.9          1.229
    4         2            830            0.5         135.81         1.3581
    4         2            886            0.5        148.199        1.48199
    4         2            946            0.5        161.848        1.61848
    4         2           1002            0.5        174.956        1.74956
    4         2           1054            0.5         187.46         1.8746
    4         2           1106            0.5          200.3          2.003
    4         2           1158            0.5        213.491        2.13491
    4         2           1206            0.5        225.994        2.25994
    4         2           1258            0.5         239.91         2.3991
    4         2           1302            0.5            252           2.52
    4         3            113            0.5        5.92057      0.0592057
    4         3            193            0.5        17.5131       0.175131
    4         3            269            0.5        29.6385       0.296385
    4         3            341            0.5        41.7246       0.417246
    4         3            409            0.5        53.5195       0.535195
    4         3            477            0.5        65.6172       0.656172
    4         3            545            0.5        77.9839       0.779839
    4         3            609            0.5        89.8522       0.898522
    4         3            673            0.5        101.934        1.01934
    4         3            733            0.5        113.451        1.13451
    4         3            797            0.5        125.936        1.25936
    4         3            857            0.5        137.828        1.37828
    4         3            917            0.5        149.904        1.49904
    4         3            973            0.5        161.341        1.61341
    4         3           1033            0.5        173.776        1.73776
    4         3           1089            0.5        185.554        1.85554
    4         3           1145            0.5        197.502        1.97502
    4         3           1201            0.5        209.623        2.09623
    4         3           1257            0.5        221.921        2.21921
    4         3           1309            0.5        233.503        2.33503
    4         3           1361            0.5        245.246        2.45246
    5         0             99            0.5        5.34659      0.0534659
    5         0            184            0.5        17.3812       0.173812
    5         0            264            0.5        29.6212       0.296212
    5         0            339            0.5        41.5693       0.415693
    5         0            414            0.5        53.8698       0.538698
    5         0            484            0.5        65.6361       0.656361
    5         0            554            0.5        77.6679       0.776679
    5         0            624            0.5        89.9642       0.899642
    5         0            689            0.5        101.622        1.01622
    5         0            754            0.5        113.516        1.13516
    5         0            819            0.5        125.652        1.25652
    5         0            879            0.5        137.074        1.37074
    5         0            944            0.5        149.697        1.49697
    5         0           1004            0.5        161.584        1.61584
    5         0           1064            0.5        173.706        1.73706
    5         0           1119            0.5         185.03         1.8503
    5         0           1179            0.5        197.625        1.97625
    5         0           1234            0.5        209.399        2.09399
    5         0           1289            0.5          221.4          2.214
    5         0           1344            0.5        233.637        2.33637
    5         0           1394            0.5        244.973        2.44973
    5         1             99            0.5        4.82009      0.0482009
    5         1            219            0.5        18.7981       0.187981
    5         1            329            0.5        32.4242       0.324242
    5         1            439            0.5        46.9015       0.469015
    5         1            539            0.5        60.8431       0.608431
    5         1            634            0.5        74.8225       0.748225
    5         1            724            0.5        88.7733       0.887733
    5         1            809            0.5        102.627        1.02627
    5         1            889            0.5        116.312        1.16312
    5         1            969            0.5        130.668        1.30668
    5         1           1044            0.5        144.782        1.44782
    5         1           1114            0.5         158.57         1.5857
    5         1           1184            0.5        172.994        1.72994
    5         1           1249            0.5        186.998        1.86998
    5         1           1309            0.5        200.484        2.00484
    5         1           1369            0.5        214.545        2.14545
    5         1           1424            0.5        227.973        2.27973
    5         1           1479            0.5        241.952        2.41952
    5         1           1534            0.5         256.52         2.5652
    5         1           1584            0.5        270.311        2.70311
    5         1           1634            0.5        284.658        2.84658
    5         2             88            0.5        4.50286      0.0450286
    5         2            208            0.5         18.771        0.18771
    5         2            313            0.5        32.5487       0.325487
    5         2            413            0.5        46.5008       0.465008
    5         2            508            0.5        60.4746       0.604746
    5         2            598            0.5        74.3798       0.743798
    5         2            688            0.5        88.9694       0.889694
    5         2            768            0.5        102.549        1.02549
    5         2            848            0.5        116.742        1.16742
    5         2            923            0.5        130.643        1.30643
    5         2            993            0.5         144.17         1.4417
    5         2           1063            0.5        158.267        1.58267
    5         2           1133            0.5        172.973        1.72973
    5         2           1193            0.5        186.094        1.86094
    5         2           1258            0.5        200.884        2.00884
    5         2           1313            0.5        213.895        2.13895
    5         2           1373            0.5        228.643        2.28643
    5         2           1428            0.5        242.703        2.42703
    5         2           1478            0.5        255.962        2.55962
    5         2           1528            0.5        269.705        2.69705
    5         2           1578            0.5        283.963        2.83963
    5         3            122            0.5        4.55624      0.0455624
    5         3            274            0.5        16.6575       0.166575
    5         3            418            0.5        28.7782       0.287782
    5         3            554            0.5        40.6428       0.406428
    5         3            690            0.5        52.8894       0.528894
    5         3            818            0.5        64.7696       0.647696
    5         3            938            0.5        76.2282       0.762282
    5         3           1066            0.5        88.8065       0.888065
    5         3           1186            0.5        100.945        1.00945
    5         3           1298            0.5        112.591        1.12591
    5         3           1410            0.5        124.555        1.24555
    5         3           1522            0.5        136.849        1.36849
    5         3           1626            0.5        148.575        1.48575
    5         3           1730            0.5        160.611        1.60611
    5         3           1834            0.5        172.972        1.72972
    5         3           1930            0.5        184.682        1.84682
    5         3           2026            0.5        196.694        1.96694
    5         3           2114            0.5        207.981        2.07981
    5         3           2210            0.5        220.609        2.20609
    5         3           2298            0.5        232.486        2.32486
    5         3           2386            0.5        244.663        2.44663
    6         0             81            0.5        4.89548      0.0489548
    6         0            153            0.5        15.5791       0.155791
    6         0            221            0.5         26.462        0.26462
    6         0            289            0.5        37.7645       0.377645
    6         0            353            0.5        48.6415       0.486415
    6         0            417            0.5        59.6857       0.596857
    6         0            481            0.5        70.8625       0.708625
    6         0            541            0.5        81.4419       0.814419
    6         0            605            0.5        92.8214       0.928214
    6         0            665            0.5         103.57         1.0357
    6         0            725            0.5        114.392        1.14392
    6         0            785            0.5        125.281        1.25281
    6         0            849            0.5        136.966        1.36966
    6         0            909            0.5        147.986        1.47986
    6         0            965            0.5        158.327        1.58327
    6         0           1025            0.5        169.462        1.69462
    6         0           1085            0.5        180.656        1.80656
    6         0           1145            0.5        191.909        1.91909
    6         0           1201            0.5        202.464        2.02464
    6         0           1261            0.5        213.829        2.13829
    6         0           1317            0.5         224.49         2.2449
    6         1             87            0.5        5.48879      0.0548879
    6         1            175            0.5        17.8684       0.178684
    6         1            251            0.5        29.4562       0.294562
    6         1            327            0.5        41.5675       0.415675
    6         1            399            0.5        53.4388       0.534388
    6         1            471            0.5        65.6687       0.656687
    6         1            539            0.5        77.5412       0.775412
    6         1            607            0.5        89.7278       0.897278
    6         1            671            0.5        101.489        1.01489
    6         1            735            0.5        113.541        1.13541
    6         1            799            0.5        125.891        1.25891
    6         1            859            0.5        137.749        1.37749
    6         1            919            0.5        149.888        1.49888
    6         1            975            0.5        161.478        1.61478
    6         1           1031            0.5        173.331        1.73331
    6         1           1087            0.5        185.455        1.85455
    6         1           1143            0.5        197.862        1.97862
    6         1           1195            0.5        209.644        2.09644
    6         1           1247            0.5         221.69         2.2169
    6         1           1295            0.5        233.053        2.33053
    6         1           1347            0.5        245.635        2.45635
    6         1           1395            0.5        257.512        2.57512
    6         2             96            0.5        5.67666      0.0567666
    6         2            188            0.5        18.6614       0.186614
    6         2            276            0.5        31.9835       0.319835
    6         2            356            0.5         44.877        0.44877
    6         2            432            0.5        57.7842       0.577842
    6         2            504            0.5         70.581        0.70581
    6         2            576            0.5        83.9171       0.839171
    6         2            640            0.5        96.2197       0.962197
    6         2            708            0.5        109.753        1.09753
    6         2            772            0.5        122.928        1.22928
    6         2            832            0.5         135.67         1.3567
    6         2            892            0.5        148.798        1.48798
    6         2            948            0.5        161.407        1.61407
    6         2           1004            0.5        174.368        1.74368
    6         2           1060            0.5        187.691        1.87691
    6         2           1112            0.5        200.398        2.00398
    6         2           1164            0.5        213.438        2.13438
    6         2           1216            0.5        226.823        2.26823
    6         2           1264            0.5        239.496        2.39496
    6         2           1312            0.5        252.486        2.52486
    6         2           1360            0.5        265.805        2.65805
    6         3             94            0.5        4.50854      0.0450854
    6         3            178            0.5         16.794        0.16794
    6         3            254            0.5        28.7122       0.287122
    6         3            326            0.5        40.4746       0.404746
    6         3            398            0.5        52.6113       0.526113
    6         3            466            0.5        64.3984       0.643984
    6         3            534            0.5        76.5003       0.765003
    6         3            602            0.5        88.9255       0.889255
    6         3            666            0.5        100.926        1.00926
    6         3            726            0.5        112.457        1.12457
    6         3            786            0.5        124.271        1.24271
    6         3            846            0.5         136.38         1.3638
    6         3            906            0.5          148.8          1.488
    6         3            962            0.5        160.684        1.60684
    6         3           1018            0.5        172.862        1.72862
    6         3           1070            0.5        184.446        1.84446
    6         3           1122            0.5        196.309        1.96309
    6         3           1174            0.5        208.462        2.08462
    6         3           1226            0.5         220.92         2.2092
    6         3           1274            0.5        232.701        2.32701
    6         3           1322            0.5        244.767        2.44767
    7         0            112            0.5        5.80152      0.0580152
    7         0            216            0.5        20.4557       0.204557
    7         0            316            0.5        35.8556       0.358556
    7         0            404            0.5        50.3694       0.503694
    7         0            492            0.5        65.7719       0.657719
    7         0            572            0.5        80.5812       0.805812
    7         0            648            0.5         95.412        0.95412
    7         0            720            0.5        110.201        1.10201
    7         0            792            0.5        125.768        1.25768
    7         0            856            0.5        140.309        1.40309
    7         0            920            0.5        155.571        1.55571
    7         0            980            0.5        170.581        1.70581
    7         0           1036            0.5        185.256        1.85256
    7         0           1092            0.5        200.624        2.00624
    7         0           1144            0.5        215.561        2.15561
    7         0           1192            0.5        229.965        2.29965
    7         0           1240            0.5        245.004        2.45004
    7         0           1288            0.5        260.725        2.60725
    7         0           1332            0.5        275.783        2.75783
    7         0           1372            0.5        290.048        2.90048
    7         1            100            0.5        4.80036      0.0480036
    7         1            190            0.5        16.6773       0.166773
    7         1            270            0.5        28.2582       0.282582
    7         1            350            0.5        40.5055       0.405055
    7         1            425            0.5        52.4613       0.524613
    7         1            500            0.5          64.83         0.6483
    7         1            570            0.5        76.7333       0.767333
    7         1            640            0.5        88.9831       0.889831
    7         1            705            0.5        100.673        1.00673
    7         1            770            0.5        112.675        1.12675
    7         1            835            0.5        124.999        1.24999
    7         1            895            0.5        136.669        1.36669
    7         1            955            0.5        148.635        1.48635
    7         1           1015            0.5        160.906        1.60906
    7         1           1070            0.5        172.434        1.72434
    7         1           1125            0.5        184.239        1.84239
    7         1           1180            0.5        196.335        1.96335
    7         1           1235            0.5        208.731        2.08731
    7         1           1285            0.5        220.275        2.20275
    7         1           1335            0.5        232.089        2.32089
    7         1           1385            0.5        244.186        2.44186
    7         1           1435            0.5        256.579        2.56579
    7         2            118            0.5        4.91702      0.0491702
    7         2            190            0.5        14.6954       0.146954
    7         2            258            0.5        24.6604       0.246604
    7         2            322            0.5         34.419        0.34419
    7         2            386            0.5        44.4147       0.444147
    7         2            450            0.5        54.5814       0.545814
    7         2            514            0.5        64.8807       0.648807
    7         2            574            0.5         74.635        0.74635
    7         2            634            0.5         84.471        0.84471
    7         2            694            0.5        94.3795       0.943795
    7         2            754            0.5        104.353        1.04353
    7         2            814            0.5        114.386        1.14386
    7         2            874            0.5        124.473        1.24473
    7         2            934            0.5        134.611        1.34611
    7         2            994            0.5        144.799        1.44799
    7         2           1050            0.5         154.35         1.5435
    7         2           1110            0.5        164.623        1.64623
    7         2           1170            0.5        174.942        1.74942
    7         2           1226            0.5         184.61         1.8461
    7         2           1282            0.5        194.315        1.94315
    7         2           1342            0.5        204.752        2.04752
    7         2           1398            0.5        214.531        2.14531
    7         3             86            0.5           4.49         0.0449
    7         3            174            0.5        16.7255       0.167255
    7         3            254            0.5        28.7604       0.287604
    7         3            330            0.5        40.8825       0.408825
    7         3            402            0.5        52.9182       0.529182
    7         3            470            0.5        64.7649       0.647649
    7         3            534            0.5        76.3467       0.763467
    7         3            598            0.5        88.3632       0.883632
    7         3            662            0.5        100.835        1.00835
    7         3            722            0.5        112.965        1.12965
    7         3            778            0.5        124.688        1.24688
    7         3            834            0.5        136.822        1.36822
    7         3            886            0.5         148.48         1.4848
    7         3            938            0.5        160.534        1.60534
    7         3            986            0.5        172.032        1.72032
    7         3           1038            0.5        184.916        1.84916
    7         3           1082            0.5        196.183        1.96183
    7         3           1130            0.5         208.88         2.0888
    7         3           1174            0.5        220.912        2.20912
    7         3           1214            0.5        232.195        2.32195
    7         3           1254            0.5        243.824        2.43824
    7         3           1294            0.5        255.817        2.55817
    8         0            110            0.5        4.64569      0.0464569
    8         0            180            0.5        13.7233       0.137233
    8         0            245            0.5        22.7401       0.227401
    8         0            305            0.5        31.3594       0.313594
    8         0            370            0.5        40.8743       0.408743
    8         0            430            0.5         49.744        0.49744
    8         0            490            0.5        58.6513       0.586513
    8         0            550            0.5        67.5663       0.675663
    8         0            610            0.5        76.4677       0.764677
    8         0            670            0.5        85.3402       0.853402
    8         0            735            0.5        94.9072       0.949072
    8         0            795            0.5        103.687        1.03687
    8         0            855            0.5        112.412        1.12412
    8         0            920            0.5        121.795        1.21795
    8         0            980            0.5        130.389        1.30389
    8         0           1045            0.5        139.621        1.39621
    8         0           1110            0.5         148.77         1.4877
    8         0           1175            0.5        157.835        1.57835
    8         0           1240            0.5        166.811        1.66811
    8         0           1305            0.5          175.7          1.757
    8         0           1370            0.5        184.499        1.84499
    8         0           1440            0.5        193.876        1.93876
    8         1            134            0.5        4.43678      0.0443678
    8         1            229            0.5        16.7311       0.167311
    8         1            319            0.5        28.7451       0.287451
    8         1            404            0.5        40.6839       0.406839
    8         1            484            0.5        52.4217       0.524217
    8         1            564            0.5        64.6317       0.646317
    8         1            639            0.5        76.5073       0.765073
    8         1            714            0.5        88.8071       0.888071
    8         1            784            0.5        100.682        1.00682
    8         1            854            0.5        112.954        1.12954
    8         1            919            0.5        124.719        1.24719
    8         1            984            0.5        136.858        1.36858
    8         1           1044            0.5         148.41         1.4841
    8         1           1104            0.5         160.31         1.6031
    8         1           1164            0.5        172.575        1.72575
    8         1           1219            0.5        184.154        1.84154
    8         1           1274            0.5        196.072        1.96072
    8         1           1329            0.5        208.343        2.08343
    8         1           1384            0.5        220.987        2.20987
    8         1           1434            0.5        232.821        2.32821
    8         1           1484            0.5        244.995        2.44995
    8         1           1529            0.5        256.257        2.56257
    8         2            120            0.5        4.99857      0.0499857
    8         2            200            0.5        15.9014       0.159014
    8         2            276            0.5        26.9314       0.269314
    8         2            348            0.5        37.8085       0.378085
    8         2            416            0.5        48.4271       0.484271
    8         2            484            0.5        59.3813       0.593813
    8         2            552            0.5        70.6813       0.706813
    8         2            616            0.5        81.6451       0.816451
    8         2            680            0.5        92.9426       0.929426
    8         2            740            0.5        103.851        1.03851
    8         2            796            0.5        114.324        1.14324
    8         2            856            0.5        125.868        1.25868
    8         2            912            0.5        136.961        1.36961
    8         2            964            0.5        147.551        1.47551
    8         2           1016            0.5        158.431        1.58431
    8         2           1068            0.5        169.614        1.69614
    8         2           1116            0.5        180.218        1.80218
    8         2           1164            0.5        191.106        1.91106
    8         2           1212            0.5         202.29         2.0229
    8         2           1260            0.5        213.784        2.13784
    8         2           1304            0.5        224.606        2.24606
    8         3            121            0.5        5.71191      0.0571191
    8         3            197            0.5        17.3901       0.173901
    8         3            273            0.5        29.7013       0.297013
    8         3            345            0.5        41.9149       0.419149
    8         3            413            0.5         53.928        0.53928
    8         3            477            0.5        65.6733       0.656733
    8         3            541            0.5        77.8691       0.778691
    8         3            601            0.5        89.7391       0.897391
    8         3            657            0.5        101.225        1.01225
    8         3            717            0.5        113.998        1.13998
    8         3            769            0.5        125.485        1.25485
    8         3            821            0.5        137.385        1.37385
    8         3            873            0.5        149.727        1.49727
    8         3            921            0.5        161.535        1.61535
    8         3            969            0.5        173.769        1.73769
    8         3           1013            0.5        185.381        1.85381
    8         3           1057            0.5        197.397        1.97397
    8         3           1101            0.5        209.842        2.09842
    8         3           1141            0.5        221.551        2.21551
    8         3           1181            0.5         233.66         2.3366
    8         3           1217            0.5        244.919        2.44919
    9         0            125            0.5        5.77919      0.0577919
    9         0            217            0.5        17.9874       0.179874
    9         0            301            0.5        29.9836       0.299836
    9         0            377            0.5        41.4894       0.414894
    9         0            453            0.5        53.5771       0.535771
    9         0            525            0.5        65.5671       0.655671
    9         0            593            0.5        77.3892       0.773892
    9         0            661            0.5        89.7206       0.897206
    9         0            725            0.5        101.819        1.01819
    9         0            785            0.5        113.625        1.13625
    9         0            845            0.5        125.905        1.25905
    9         0            901            0.5        137.823        1.37823
    9         0            953            0.5        149.311        1.49311
    9         0           1005            0.5        161.228        1.61228
    9         0           1057            0.5        173.603        1.73603
    9         0           1105            0.5        185.456        1.85456
    9         0           1153            0.5         197.75         1.9775
    9         0           1197            0.5         209.43         2.0943
    9         0           1241            0.5        221.527        2.21527
    9         0           1281            0.5        232.907        2.32907
    9         0           1325            0.5        245.873        2.45873
    9         1            107            0.5        5.57097      0.0557097
    9         1            207            0.5        19.6062       0.196062
    9         1            302            0.5        33.7604       0.337604
    9         1            392            0.5        47.8733       0.478733
    9         1            477            0.5        61.8255       0.618255
    9         1            557            0.5        75.5385       0.755385
    9         1            637            0.5         89.856        0.89856
    9         1            712            0.5         103.87         1.0387
    9         1            782            0.5         117.51         1.1751
    9         1            852            0.5        131.729        1.31729
    9         1            917            0.5        145.493        1.45493
    9         1            982            0.5        159.839        1.59839
    9         1           1042            0.5        173.636        1.73636
    9         1           1097            0.5        186.784        1.86784
    9         1           1157            0.5        201.716        2.01716
    9         1           1212            0.5         215.98         2.1598
    9         1           1262            0.5        229.461        2.29461
    9         1           1312            0.5        243.467        2.43467
    9         1           1357            0.5        256.549        2.56549
    9         1           1407            0.5        271.654        2.71654
    9         2            135            0.5        5.92824      0.0592824
    9         2            235            0.5        18.7709       0.187709
    9         2            330            0.5        31.7968       0.317968
    9         2            420            0.5        44.8312       0.448312
    9         2            505            0.5        57.7402       0.577402
    9         2            585            0.5        70.4355       0.704355
    9         2            665            0.5        83.6878       0.836878
    9         2            740            0.5        96.6512       0.966512
    9         2            810            0.5        109.253        1.09253
    9         2            880            0.5        122.376        1.22376
    9         2            945            0.5        135.057        1.35057
    9         2           1010            0.5        148.252        1.48252
    9         2           1075            0.5        161.996        1.61996
    9         2           1130            0.5        174.083        1.74083
    9         2           1190            0.5        187.781        1.87781
    9         2           1245            0.5        200.838        2.00838
    9         2           1295            0.5        213.151        2.13151
    9         2           1345            0.5        225.914        2.25914
    9         2           1395            0.5        239.156        2.39156
    9         2           1445            0.5        252.907        2.52907
    9         2           1490            0.5        265.748        2.65748
    9         3            122            0.5         5.5798       0.055798
    9         3            202            0.5        16.4706       0.164706
    9         3            282            0.5        27.8817       0.278817
    9         3            354            0.5        38.6182       0.386182
    9         3            426            0.5        49.7798       0.497798
    9         3            494            0.5        60.7188       0.607188
    9         3            558            0.5        71.3823       0.713823
    9         3            622            0.5        82.4221       0.824221
    9         3            686            0.5        93.8615       0.938615
    9         3            746            0.5        104.971        1.04971
    9         3            802            0.5          115.7          1.157
    9         3            858            0.5        126.794        1.26794
    9         3            910            0.5        137.443        1.37443
    9         3            962            0.5        148.448        1.48448
    9         3           1014            0.5        159.829        1.59829
    9         3           1062            0.5        170.688        1.70688
    9         3           1110            0.5        181.907        1.81907
    9         3           1154            0.5        192.524        1.92524
    9         3           1198            0.5        203.479        2.03479
    9         3           1242            0.5        214.789        2.14789
    9         3           1282            0.5        225.397        2.25397
    9         3           1322            0.5        236.333        2.36333
   10         0            115            0.5        4.50981      0.0450981
   10         0            215            0.5        16.6583       0.166583
   10         0            310            0.5        28.8635       0.288635
   10         0            400            0.5        40.8412       0.408412
   10         0            485            0.5        52.5054       0.525054
   10         0            570            0.5        64.5197       0.645197
   10         0            655            0.5        76.8975       0.768975
   10         0            735            0.5        88.8944       0.888944
   10         0            810            0.5        100.461        1.00461
   10         0            885            0.5        112.352        1.12352
   10         0            960            0.5        124.581        1.24581
   10         0           1030            0.5        136.312        1.36312
   10         0           1100            0.5        148.367        1.48367
   10         0           1170            0.5        160.758        1.60758
   10         0           1235            0.5         172.58         1.7258
   10         0           1300            0.5        184.719        1.84719
   10         0           1360            0.5        196.219        1.96219
   10         0           1420            0.5        208.014        2.08014
   10         0           1480            0.5        220.119        2.20119
   10         0           1540            0.5        232.547        2.32547
   10         0           1595            0.5        244.237        2.44237
   10         1            117            0.5        4.60052      0.0460052
   10         1            207            0.5        15.7792       0.157792
   10         1            292            0.5        26.7596       0.267596
   10         1            372            0.5        37.4916       0.374916
   10         1            452            0.5        48.5972       0.485972
   10         1            527            0.5        59.3575       0.593575
   10         1            602            0.5        70.4737       0.704737
   10         1            677            0.5        81.9681       0.819681
   10         1            742            0.5        92.2564       0.922564
   10         1            812            0.5        103.697        1.03697
   10         1            877            0.5        114.679        1.14679
   10         1            937            0.5        125.139        1.25139
   10         1           1002            0.5        136.844        1.36844
   10         1           1057            0.5        147.071        1.47071
   10         1           1117            0.5        158.584        1.58584
   10         1           1172            0.5        169.483        1.69483
   10         1           1227            0.5        180.734        1.80734
   10         1           1277            0.5        191.282        1.91282
   10         1           1327            0.5        202.155        2.02155
   10         1           1377            0.5        213.369        2.13369
   10         1           1427            0.5        224.944        2.24944
   10         1           1472            0.5        235.688        2.35688
   10         2            133            0.5        3.98062      0.0398062
   10         2            208            0.5        12.9481       0.129481
   10         2            278            0.5        21.5971       0.215971
   10         2            348            0.5        30.4251       0.304251
   10         2            418            0.5        39.4202       0.394202
   10         2            488            0.5         48.578        0.48578
   10         2            558            0.5        57.8963       0.578963
   10         2            623            0.5        66.6915       0.666915
   10         2            688            0.5        75.6226       0.756226
   10         2            753            0.5        84.6899       0.846899
   10         2            818            0.5        93.8941       0.938941
   10         2            878            0.5        102.512        1.02512
   10         2            943            0.5        111.982        1.11982
   10         2           1003            0.5        120.847        1.20847
   10         2           1063            0.5        129.833        1.29833
   10         2           1123            0.5        138.939        1.38939
   10         2           1178            0.5        147.397        1.47397
   10         2           1238            0.5        156.745        1.56745
   10         2           1293            0.5        165.424        1.65424
   10         2           1348            0.5        174.214        1.74214
   10         2           1408            0.5         183.93         1.8393
   10         2           1463            0.5        192.955        1.92955
   10         3            117            0.5        5.78431      0.0578431
   10         3            205            0.5        17.9762       0.179762
   10         3            285            0.5        29.5694       0.295694
   10         3            365            0.5        41.6458       0.416458
   10         3            441            0.5        53.5846       0.535846
   10         3            513            0.5        65.3442       0.653442
   10         3            585            0.5        77.5744       0.775744
   10         3            653            0.5        89.5908       0.895908
   10         3            717            0.5        101.344        1.01344
   10         3            781            0.5        113.561        1.13561
   10         3            841            0.5        125.462        1.25462
   10         3            901            0.5        137.828        1.37828
   10         3            957            0.5        149.818        1.49818
   10         3           1009            0.5        161.364        1.61364
   10         3           1061            0.5        173.333        1.73333
   10         3           1113            0.5        185.752        1.85752
   10         3           1161            0.5         197.64         1.9764
   10         3           1209            0.5        209.962        2.09962
   10         3           1253            0.5        221.661        2.21661
   10         3           1297            0.5        233.772        2.33772
   10         3           1337            0.5        245.158        2.45158
   11         0            146            0.5        5.73651      0.0573651
   11         0            202            0.5        13.5612       0.135612
   11         0            258            0.5        21.7509       0.217509
   11         0            310            0.5        29.5401       0.295401
   11         0            362            0.5        37.4207       0.374207
   11         0            418            0.5        45.9485       0.459485
   11         0            470            0.5        53.8681       0.538681
   11         0            522            0.5        61.7631       0.617631
   11         0            574            0.5        69.6165       0.696165
   11         0            626            0.5        77.4148       0.774148
   11         0            682            0.5        85.7402       0.857402
   11         0            738            0.5        93.9823       0.939823
   11         0            790            0.5        101.555        1.01555
   11         0            846            0.5        109.618        1.09618
   11         0            902            0.5        117.582        1.17582
   11         0            958            0.5        125.444        1.25444
   11         0           1018            0.5        133.753        1.33753
   11         0           1078            0.5        141.942        1.41942
   11         0           1134            0.5        149.476        1.49476
   11         0           1198            0.5        157.957        1.57957
   11         0           1258            0.5        165.782        1.65782
   11         0           1322            0.5        173.997        1.73997
   11         1            119            0.5        4.84145      0.0484145
   11         1            179            0.5        13.9148       0.139148
   11         1            236            0.5        22.6202       0.226202
   11         1            296            0.5        31.9329       0.319329
   11         1            353            0.5        40.9905       0.409905
   11         1            407            0.5        49.8018       0.498018
   11         1            461            0.5        58.8653       0.588653
   11         1            512            0.5        67.6763       0.676763
   11         1            563            0.5        76.7475       0.767475
   11         1            611            0.5        85.5366       0.855366
   11         1            659            0.5        94.5838       0.945838
   11         1            707            0.5        103.902        1.03902
   11         1            752            0.5        112.898        1.12898
   11         1            794            0.5        121.531        1.21531
   11         1            836            0.5        130.405        1.30405
   11         1            878            0.5        139.528        1.39528
   11         1            920            0.5        148.916        1.48916
   11         1            959            0.5        157.881        1.57881
   11         1            995            0.5        166.376        1.66376
   11         1           1034            0.5         175.83         1.7583
   11         1           1070            0.5        184.797        1.84797
   11         1           1103            0.5        193.231        1.93231
   11         2            142            0.5        4.79135      0.0479135
   11         2            210            0.5        12.8114       0.128114
   11         2            274            0.5        20.5127       0.205127
   11         2            342            0.5        28.8948       0.288948
   11         2            406            0.5        36.9611       0.369611
   11         2            466            0.5        44.6787       0.446787
   11         2            526            0.5         52.552        0.52552
   11         2            586            0.5        60.5887       0.605887
   11         2            646            0.5        68.7982       0.687982
   11         2            702            0.5        76.6245       0.766245
   11         2            758            0.5        84.6181       0.846181
   11         2            814            0.5        92.7889       0.927889
   11         2            866            0.5        100.542        1.00542
   11         2            918            0.5        108.464        1.08464
   11         2            970            0.5        116.563        1.16563
   11         2           1022            0.5        124.846        1.24846
   11         2           1070            0.5        132.664        1.32664
   11         2           1118            0.5        140.655        1.40655
   11         2           1166            0.5        148.826        1.48826
   11         2           1210            0.5        156.482        1.56482
   11         2           1254            0.5        164.302        1.64302
   11         2           1298            0.5        172.294        1.72294
   11         2           1342            0.5        180.465        1.80465
   11         3            117            0.5        4.82082      0.0482082
   11         3            177            0.5         12.535        0.12535
   11         3            241            0.5        20.9978       0.209978
   11         3            297            0.5        28.5899       0.285899
   11         3            357            0.5        36.9033       0.369033
   11         3            413            0.5        44.8288       0.448288
   11         3            469            0.5        52.9213       0.529213
   11         3            521            0.5        60.5935       0.605935
   11         3            573            0.5        68.4266       0.684266
   11         3            625            0.5        76.4295       0.764295
   11         3            677            0.5        84.6121       0.846121
   11         3            729            0.5        92.9855       0.929855
   11         3            777            0.5        100.893        1.00893
   11         3            825            0.5         108.98         1.0898
   11         3            869            0.5         116.56         1.1656
   11         3            913            0.5        124.305        1.24305
   11         3            961            0.5        132.953        1.32953
   11         3           1001            0.5        140.325        1.40325
   11         3           1045            0.5        148.617        1.48617
   11         3           1085            0.5        156.327        1.56327
   11         3           1125            0.5        164.207        1.64207
   11         3           1165            0.5        172.267        1.72267
