 *tel    numcsi   CsIInVoltage     errCsIInVoltage           CsIE       errCsIE
    0         0      0.0209298    0.000209298        22.8506       0.228506
    0         0      0.0685448    0.000685448        35.8301       0.358301
    0         0       0.119929     0.00119929        47.7813       0.477813
    0         0       0.174566     0.00174566        59.3973       0.593973
    0         0       0.239652     0.00239652        71.9422       0.719422
    0         0       0.303366     0.00303366        83.8623       0.838623
    0         0       0.368896     0.00368896        95.3911       0.953911
    0         0       0.437597     0.00437597         107.35         1.0735
    0         0        0.51257      0.0051257        119.834        1.19834
    0         0       0.581479     0.00581479        131.295        1.31295
    0         0       0.655662     0.00655662        143.293        1.43293
    0         0       0.734167     0.00734167        155.839        1.55839
    0         0       0.808392     0.00808392        167.459        1.67459
    0         0       0.887449     0.00887449        179.622        1.79622
    0         0       0.966823     0.00966823        191.609        1.91609
    0         0        1.04756      0.0104756        203.432        2.03432
    0         0        1.13275      0.0113275        215.784        2.15784
    0         0        1.22022      0.0122022        227.978        2.27978
    0         0        1.30517      0.0130517        239.359        2.39359
    0         0        1.40053      0.0140053        251.935        2.51935
    0         0        1.49232      0.0149232        263.717        2.63717
    0         1      0.0204121    0.000204121        21.3127       0.213127
    0         1        0.09478      0.0009478        37.0745       0.370745
    0         1       0.173487     0.00173487        53.4158       0.534158
    0         1       0.252358     0.00252358        69.0072       0.690072
    0         1       0.339963     0.00339963        85.3112       0.853112
    0         1       0.426448     0.00426448        100.964        1.00964
    0         1       0.520194     0.00520194        117.242        1.17242
    0         1       0.614757     0.00614757        132.982        1.32982
    0         1        0.71662      0.0071662         149.38         1.4938
    0         1       0.817625     0.00817625        165.328        1.65328
    0         1        0.92655      0.0092655        181.969        1.81969
    0         1         1.0294       0.010294        197.139        1.97139
    0         1        1.14109      0.0114109        213.054        2.13054
    0         1        1.26375      0.0126375        229.692        2.29692
    0         1        1.38118      0.0138118        245.009        2.45009
    0         1        1.50958      0.0150958        261.086        2.61086
    0         1        1.64789      0.0164789        277.904        2.77904
    0         1        1.78083      0.0178083        293.513        2.93513
    0         1        1.92169      0.0192169        309.892        3.09892
    0         1         2.0565       0.020565        325.136        3.25136
    0         1        2.19865      0.0219865        341.168        3.41168
    0         2      0.0258548    0.000258548        22.2001       0.222001
    0         2       0.100728     0.00100728        37.8077       0.378077
    0         2       0.172218     0.00172218        52.2043       0.522043
    0         2       0.251429     0.00251429         67.154        0.67154
    0         2        0.33588      0.0033588         82.672        0.82672
    0         2       0.420182     0.00420182        97.6709       0.976709
    0         2       0.505746     0.00505746        112.134        1.12134
    0         2       0.596753     0.00596753        127.178        1.27178
    0         2       0.693575     0.00693575        142.769        1.42769
    0         2       0.790241     0.00790241        157.962        1.57962
    0         2       0.887402     0.00887402        172.796        1.72796
    0         2       0.986395     0.00986395        187.308        1.87308
    0         2        1.09166      0.0109166        202.414        2.02414
    0         2        1.19965      0.0119965        217.229        2.17229
    0         2        1.31615      0.0131615        232.632        2.32632
    0         2        1.43522      0.0143522        247.771        2.47771
    0         2        1.55641      0.0155641        262.673        2.62673
    0         2        1.68079      0.0168079         277.36         2.7736
    0         2        1.81208      0.0181208        292.651        2.92651
    0         2        1.94524      0.0194524        307.745        3.07745
    0         3      0.0233842    0.000233842        23.4055       0.234055
    0         3      0.0816275    0.000816275        35.8472       0.358472
    0         3       0.151999     0.00151999        49.4684       0.494684
    0         3       0.220146     0.00220146        62.4916       0.624916
    0         3       0.288357     0.00288357        75.0879       0.750879
    0         3       0.364144     0.00364144        88.4251       0.884251
    0         3       0.438632     0.00438632        101.356        1.01356
    0         3       0.520279     0.00520279        114.949        1.14949
    0         3        0.59551      0.0059551        127.171        1.27171
    0         3       0.676555     0.00676555         140.11         1.4011
    0         3       0.764543     0.00764543         153.74         1.5374
    0         3       0.846104     0.00846104        166.139        1.66139
    0         3       0.934292     0.00934292         179.24         1.7924
    0         3        1.02287      0.0102287        192.107        1.92107
    0         3        1.11935      0.0111935        205.658        2.05658
    0         3         1.2177       0.012177        218.988        2.18988
    0         3        1.31265      0.0131265        231.248        2.31248
    0         3        1.41467      0.0141467        244.208        2.44208
    0         3         1.5256       0.015256        257.847        2.57847
    0         3         1.6312       0.016312        270.477        2.70477
    0         3        1.74482      0.0174482        283.795        2.83795
    1         0      0.0262005    0.000262005        19.8715       0.198715
    1         0      0.0849804    0.000849804        35.4509       0.354509
    1         0       0.154897     0.00154897         51.325        0.51325
    1         0       0.238388     0.00238388        67.8964       0.678964
    1         0       0.322395     0.00322395         83.153        0.83153
    1         0       0.413831     0.00413831        98.8631       0.988631
    1         0       0.512757     0.00512757        115.077        1.15077
    1         0       0.617781     0.00617781        131.937        1.31937
    1         0       0.716356     0.00716356        147.276        1.47276
    1         0       0.821665     0.00821665        163.348        1.63348
    1         0        0.92876      0.0092876        179.083        1.79083
    1         0        1.04283      0.0104283        195.533        1.95533
    1         0        1.15947      0.0115947        211.668        2.11668
    1         0        1.27863      0.0127863        227.518        2.27518
    1         0        1.40122      0.0140122        243.107        2.43107
    1         0        1.53376      0.0153376         259.41         2.5941
    1         0        1.66813      0.0166813        275.467        2.75467
    1         0        1.80517      0.0180517        291.302        2.91302
    1         0        1.95146      0.0195146        307.847        3.07847
    1         0        2.08948      0.0208948        323.283        3.23283
    1         0        2.23687      0.0223687        339.444        3.39444
    1         1      0.0333099    0.000333099        23.8956       0.238956
    1         1       0.111605     0.00111605        39.0432       0.390432
    1         1       0.195048     0.00195048        54.9678       0.549678
    1         1       0.285537     0.00285537        71.6469       0.716469
    1         1       0.377131     0.00377131        87.8123       0.878123
    1         1       0.467359     0.00467359        103.469        1.03469
    1         1       0.564927     0.00564927        119.817        1.19817
    1         1       0.663272     0.00663272        135.722        1.35722
    1         1         0.7616       0.007616        151.248        1.51248
    1         1       0.866301     0.00866301        167.504        1.67504
    1         1       0.972027     0.00972027        183.409        1.83409
    1         1        1.07881      0.0107881        199.002        1.99002
    1         1        1.19599      0.0119599        215.323        2.15323
    1         1        1.31477      0.0131477        231.356        2.31356
    1         1        1.43725      0.0143725        247.129        2.47129
    1         1        1.56935      0.0156935        263.629        2.63629
    1         1        1.70426      0.0170426        279.889        2.79889
    1         1        1.84081      0.0184081        295.931        2.95931
    1         1        1.97762      0.0197762        311.775        3.11775
    1         1        2.11474      0.0211474        327.439        3.27439
    1         1        2.26184      0.0226184        343.846        3.43846
    1         2      0.0318352    0.000318352        24.9927       0.249927
    1         2       0.101115     0.00101115        38.3618       0.383618
    1         2       0.173346     0.00173346        52.4146       0.524146
    1         2       0.245803     0.00245803        66.0121       0.660121
    1         2       0.325562     0.00325562        80.2951       0.802951
    1         2       0.403893     0.00403893        94.1741       0.941741
    1         2       0.488865     0.00488865         108.62         1.0862
    1         2        0.57509      0.0057509        122.689        1.22689
    1         2       0.659866     0.00659866        136.381        1.36381
    1         2       0.750643     0.00750643        150.727        1.50727
    1         2       0.842862     0.00842862         164.76         1.6476
    1         2       0.934718     0.00934718        178.511        1.78511
    1         2        1.03366      0.0103366        192.901        1.92901
    1         2        1.12748      0.0112748        206.156        2.06156
    1         2        1.23636      0.0123636         220.93         2.2093
    1         2        1.34094      0.0134094        234.617        2.34617
    1         2        1.45516      0.0145516        248.949        2.48949
    1         2        1.56358      0.0156358        262.257        2.62257
    1         2         1.6806       0.016806        276.224        2.76224
    1         2        1.80669      0.0180669        290.833        2.90833
    1         2        1.92568      0.0192568        304.477        3.04477
    1         3      0.0256955    0.000256955        20.0223       0.200223
    1         3      0.0887217    0.000887217        34.9098       0.349098
    1         3       0.149603     0.00149603        47.8937       0.478937
    1         3       0.221499     0.00221499        62.4835       0.624835
    1         3       0.293597     0.00293597        76.3653       0.763653
    1         3       0.373204     0.00373204        90.8012       0.908012
    1         3       0.451302     0.00451302        104.663        1.04663
    1         3       0.530109     0.00530109        118.066        1.18066
    1         3       0.615767     0.00615767        132.065        1.32065
    1         3       0.706219     0.00706219        146.644        1.46644
    1         3       0.796757     0.00796757        160.858        1.60858
    1         3       0.889088     0.00889088        174.748        1.74748
    1         3       0.980894     0.00980894        188.355        1.88355
    1         3        1.07987      0.0107987        202.594        2.02594
    1         3        1.18042      0.0118042         216.58         2.1658
    1         3        1.28321      0.0128321        230.342        2.30342
    1         3        1.39508      0.0139508        244.745        2.44745
    1         3        1.50968      0.0150968        258.948        2.58948
    1         3        1.62547      0.0162547         272.97         2.7297
    1         3        1.74313      0.0174313        286.831        2.86831
    1         3        1.86176      0.0186176        300.546        3.00546
    2         0      0.0284385    0.000284385        19.9062       0.199062
    2         0      0.0760926    0.000760926         33.243        0.33243
    2         0       0.140717     0.00140717         47.858        0.47858
    2         0       0.211107     0.00211107        61.8621       0.618621
    2         0       0.280492     0.00280492         75.038        0.75038
    2         0       0.362502     0.00362502        89.8762       0.898762
    2         0       0.438244     0.00438244        103.263        1.03263
    2         0       0.520109     0.00520109        117.298        1.17298
    2         0       0.602179     0.00602179        131.045        1.31045
    2         0       0.689546     0.00689546        145.407        1.45407
    2         0       0.777089     0.00777089        159.473        1.59473
    2         0       0.865743     0.00865743        173.243        1.73243
    2         0        0.95956      0.0095956        187.629        1.87629
    2         0        1.05445      0.0105445        201.724        2.01724
    2         0        1.15172      0.0115172        215.552        2.15552
    2         0        1.25631      0.0125631        229.975        2.29975
    2         0        1.35791      0.0135791        243.316        2.43316
    2         0         1.4672       0.014672        257.264        2.57264
    2         0        1.58448      0.0158448        271.797        2.71797
    2         0        1.69745      0.0169745         285.32         2.8532
    2         0        1.81807      0.0181807        299.442        2.99442
    2         1      0.0228025    0.000228025        17.3921       0.173921
    2         1      0.0679264    0.000679264        30.3841       0.303841
    2         1        0.12314      0.0012314        44.5946       0.445946
    2         1       0.189915     0.00189915        59.9325       0.599325
    2         1       0.251264     0.00251264        72.7655       0.727655
    2         1       0.324183     0.00324183        87.2987       0.872987
    2         1       0.398475     0.00398475        101.144        1.01144
    2         1       0.477858     0.00477858        115.532        1.15532
    2         1       0.557052     0.00557052         129.48         1.2948
    2         1       0.637663     0.00637663        143.025        1.43025
    2         1       0.723158     0.00723158        157.276        1.57276
    2         1       0.808365     0.00808365         171.21         1.7121
    2         1       0.901623     0.00901623        185.833        1.85833
    2         1       0.988458     0.00988458        199.228        1.99228
    2         1        1.08226      0.0108226        213.338        2.13338
    2         1        1.17774      0.0117774        227.226        2.27226
    2         1        1.28183      0.0128183         241.82         2.4182
    2         1        1.38141      0.0138141        255.317        2.55317
    2         1        1.48977      0.0148977        269.537        2.69537
    2         1        1.59977      0.0159977        283.591        2.83591
    2         1        1.71136      0.0171136        297.498        2.97498
    2         2      0.0282488    0.000282488        21.1358       0.211358
    2         2      0.0774504    0.000774504        31.4647       0.314647
    2         2        0.12514      0.0012514         41.379        0.41379
    2         2        0.17828      0.0017828        51.8827       0.518827
    2         2       0.225376     0.00225376        61.1123       0.611123
    2         2       0.282639     0.00282639        71.8358       0.718358
    2         2       0.335747     0.00335747        81.3627       0.813627
    2         2       0.392326     0.00392326        91.4596       0.914596
    2         2       0.450255     0.00450255        101.264        1.01264
    2         2       0.511785     0.00511785        111.556        1.11556
    2         2       0.575041     0.00575041        121.592        1.21592
    2         2       0.636498     0.00636498        131.382        1.31382
    2         2       0.703742     0.00703742        141.685        1.41685
    2         2       0.770305     0.00770305        151.775        1.51775
    2         2       0.838096     0.00838096        161.665        1.61665
    2         2       0.904704     0.00904704        171.376        1.71376
    2         2       0.978486     0.00978486        181.599        1.81599
    2         2        1.05099      0.0105099        191.652        1.91652
    2         2        1.12443      0.0112443        201.551        2.01551
    2         2        1.20534      0.0120534        211.955        2.11955
    2         2        1.28148      0.0128148        221.576        2.21576
    2         2        1.36419      0.0136419        231.709        2.31709
    2         3      0.0235034    0.000235034        15.1856       0.151856
    2         3      0.0637324    0.000637324        27.2573       0.272573
    2         3       0.113083     0.00113083        39.6936       0.396936
    2         3       0.165606     0.00165606        51.6219       0.516219
    2         3       0.224251     0.00224251        63.5302       0.635302
    2         3        0.28677      0.0028677        75.7008       0.757008
    2         3       0.350182     0.00350182         87.391        0.87391
    2         3       0.418092     0.00418092        99.5797       0.995797
    2         3       0.486275     0.00486275        111.385        1.11385
    2         3       0.558383     0.00558383        123.741        1.23741
    2         3        0.63235      0.0063235        135.794        1.35794
    2         3       0.704524     0.00704524        147.614        1.47614
    2         3       0.782038     0.00782038        159.972        1.59972
    2         3       0.855786     0.00855786         171.34         1.7134
    2         3       0.938412     0.00938412        183.991        1.83991
    2         3         1.0172       0.010172        195.688        1.95688
    2         3        1.10285      0.0110285        207.911        2.07911
    2         3        1.18844      0.0118844        219.939        2.19939
    2         3          1.276        0.01276        231.786        2.31786
    2         3        1.36518      0.0136518        243.466        2.43466
    2         3         1.4615       0.014615        255.664        2.55664
    2         3        1.56017      0.0156017        267.703        2.67703
    3         0      0.0250569    0.000250569          21.62         0.2162
    3         0      0.0682025    0.000682025        33.8623       0.338623
    3         0       0.121565     0.00121565        46.2572       0.462572
    3         0       0.175774     0.00175774        58.0986       0.580986
    3         0       0.240683     0.00240683        70.7394       0.707394
    3         0       0.306699     0.00306699         82.655        0.82655
    3         0       0.376543     0.00376543        94.9093       0.949093
    3         0       0.447179     0.00447179        106.714        1.06714
    3         0       0.522013     0.00522013        118.974        1.18974
    3         0       0.597363     0.00597363        130.923        1.30923
    3         0       0.671734     0.00671734         142.61         1.4261
    3         0       0.751951     0.00751951        154.766        1.54766
    3         0       0.831532     0.00831532        166.682        1.66682
    3         0       0.911725     0.00911725        178.378        1.78378
    3         0       0.997328     0.00997328        190.543        1.90543
    3         0        1.08355      0.0108355          202.5          2.025
    3         0        1.17591      0.0117591        214.915        2.14915
    3         0        1.26509      0.0126509        226.496        2.26496
    3         0        1.36215      0.0136215        238.546        2.38546
    3         0        1.45973      0.0145973         250.43         2.5043
    3         0        1.56405      0.0156405        262.775        2.62775
    3         1      0.0282605    0.000282605        25.1148       0.251148
    3         1      0.0798842    0.000798842        36.5684       0.365684
    3         1       0.127902     0.00127902        47.4326       0.474326
    3         1        0.18094      0.0018094        58.8041       0.588041
    3         1       0.235127     0.00235127        69.6518       0.696518
    3         1       0.292733     0.00292733        80.9714       0.809714
    3         1       0.351778     0.00351778        91.8245       0.918245
    3         1        0.41019      0.0041019        102.227        1.02227
    3         1       0.478886     0.00478886        113.884        1.13884
    3         1       0.541607     0.00541607        124.317        1.24317
    3         1       0.615913     0.00615913        135.994        1.35994
    3         1       0.683612     0.00683612        146.542        1.46542
    3         1       0.757368     0.00757368        157.538        1.57538
    3         1       0.835499     0.00835499        168.963        1.68963
    3         1       0.909399     0.00909399        179.425        1.79425
    3         1       0.988779     0.00988779        190.353        1.90353
    3         1        1.07355      0.0107355        201.734        2.01734
    3         1        1.15922      0.0115922        212.906        2.12906
    3         1        1.24761      0.0124761        223.895        2.23895
    3         1        1.33717      0.0133717        234.723        2.34723
    3         1         1.4281       0.014281        245.407        2.45407
    3         2      0.0249064    0.000249064        23.0559       0.230559
    3         2       0.061439     0.00061439        34.8727       0.348727
    3         2      0.0982112    0.000982112        45.8692       0.458692
    3         2       0.133349     0.00133349        56.2223       0.562223
    3         2       0.175956     0.00175956        67.9588       0.679588
    3         2       0.215972     0.00215972        78.1799       0.781799
    3         2       0.262586     0.00262586        89.7092       0.897092
    3         2       0.308656     0.00308656        100.721        1.00721
    3         2       0.355964     0.00355964        111.277        1.11277
    3         2       0.406435     0.00406435        122.257        1.22257
    3         2       0.460076     0.00460076        133.641        1.33641
    3         2        0.51413      0.0051413        144.682        1.44682
    3         2       0.567774     0.00567774        155.438        1.55438
    3         2       0.626197     0.00626197        166.644        1.66644
    3         2       0.683093     0.00683093        177.613        1.77613
    3         2       0.741181     0.00741181        188.378        1.88378
    3         2       0.801586     0.00801586        199.622        1.99622
    3         2       0.863912     0.00863912        210.693        2.10693
    3         2       0.924927     0.00924927        221.614        2.21614
    3         2       0.987337     0.00987337        232.403        2.32403
    3         2        1.05281      0.0105281        243.703        2.43703
    3         2        1.12054      0.0112054        254.891        2.54891
    3         3      0.0217896    0.000217896        19.3368       0.193368
    3         3      0.0603479    0.000603479        30.3429       0.303429
    3         3       0.109677     0.00109677         41.831        0.41831
    3         3       0.154656     0.00154656         52.067        0.52067
    3         3        0.21158      0.0021158          63.42         0.6342
    3         3       0.271941     0.00271941        74.9694       0.749694
    3         3       0.334167     0.00334167        85.9555       0.859555
    3         3       0.394585     0.00394585        96.4904       0.964904
    3         3       0.461498     0.00461498        107.352        1.07352
    3         3       0.531851     0.00531851        118.584        1.18584
    3         3       0.603011     0.00603011        129.432        1.29432
    3         3       0.678055     0.00678055        140.692        1.40692
    3         3       0.754159     0.00754159        151.614        1.51614
    3         3       0.834398     0.00834398        162.916        1.62916
    3         3       0.914954     0.00914954        173.946        1.73946
    3         3       0.996527     0.00996527        184.735        1.84735
    3         3        1.08346      0.0108346        195.925        1.95925
    3         3        1.17157      0.0117157        206.904        2.06904
    3         3        1.26156      0.0126156        217.692        2.17692
    3         3        1.35917      0.0135917        228.898        2.28898
    3         3        1.45761      0.0145761        239.935        2.39935
    3         3        1.55755      0.0155755        250.822        2.50822
    4         0      0.0141645    0.000141645         15.307        0.15307
    4         0      0.0488945    0.000488945        26.8184       0.268184
    4         0       0.090471     0.00090471        38.8361       0.388361
    4         0       0.141371     0.00141371        51.3449       0.513449
    4         0       0.196981     0.00196981        63.5659       0.635659
    4         0       0.257468     0.00257468        75.8608       0.758608
    4         0       0.317633     0.00317633        87.5272       0.875272
    4         0       0.382238     0.00382238        99.5551       0.995551
    4         0       0.452121     0.00452121        111.901        1.11901
    4         0       0.522033     0.00522033        123.852        1.23852
    4         0       0.590828     0.00590828         135.47         1.3547
    4         0       0.665303     0.00665303        147.496        1.47496
    4         0       0.744391     0.00744391        159.933        1.59933
    4         0       0.818042     0.00818042        171.351        1.71351
    4         0       0.901784     0.00901784          183.9          1.839
    4         0        0.98135      0.0098135        195.493        1.95493
    4         0        1.06531      0.0106531        207.522        2.07522
    4         0        1.15629      0.0115629        219.972        2.19972
    4         0        1.24398      0.0124398        231.555        2.31555
    4         0        1.33791      0.0133791         243.58         2.4358
    4         0        1.43349      0.0143349        255.418        2.55418
    4         0        1.53564      0.0153564        267.697        2.67697
    4         1      0.0189584    0.000189584        16.8224       0.168224
    4         1      0.0557221    0.000557221        28.5407       0.285407
    4         1      0.0970535    0.000970535        39.9015       0.399015
    4         1       0.137385     0.00137385        49.9687       0.499687
    4         1       0.186868     0.00186868        61.0903       0.610903
    4         1        0.23983      0.0023983        72.2322       0.722322
    4         1        0.29817      0.0029817        83.5247       0.835247
    4         1       0.356786     0.00356786         94.259        0.94259
    4         1       0.419743     0.00419743        105.331        1.05331
    4         1         0.4872       0.004872        116.802        1.16802
    4         1       0.553598     0.00553598        127.979        1.27979
    4         1       0.621073     0.00621073        138.906        1.38906
    4         1       0.688451     0.00688451        149.613        1.49613
    4         1        0.76001      0.0076001        160.834        1.60834
    4         1       0.831395     0.00831395        171.871        1.71871
    4         1       0.903478     0.00903478        182.742        1.82742
    4         1       0.975817     0.00975817        193.464        1.93464
    4         1        1.05281      0.0105281        204.705        2.04705
    4         1        1.13058      0.0113058        215.803        2.15803
    4         1        1.21032      0.0121032        226.768        2.26768
    4         1        1.29031      0.0129031        237.612        2.37612
    4         2      0.0202763    0.000202763        14.8155       0.148155
    4         2      0.0655678    0.000655678        26.8269       0.268269
    4         2       0.108541     0.00108541        37.3521       0.373521
    4         2       0.156814     0.00156814        48.0618       0.480618
    4         2       0.209582     0.00209582          59.01         0.5901
    4         2       0.269315     0.00269315        70.2476       0.702476
    4         2       0.334184     0.00334184         81.817        0.81817
    4         2       0.397845     0.00397845         92.854        0.92854
    4         2       0.462919     0.00462919        103.435        1.03435
    4         2       0.532101     0.00532101        114.506        1.14506
    4         2       0.602193     0.00602193        125.234        1.25234
    4         2       0.676875     0.00676875        136.506        1.36506
    4         2       0.752478     0.00752478        147.483        1.47483
    4         2       0.832234     0.00832234        158.978        1.58978
    4         2        0.90841      0.0090841        169.487        1.69487
    4         2       0.988919     0.00988919        180.538        1.80538
    4         2        1.07158      0.0107158        191.395        1.91395
    4         2         1.1594       0.011594        202.782        2.02782
    4         2        1.24987      0.0124987        213.988        2.13988
    4         2         1.3362       0.013362        224.344        2.24344
    4         2        1.43502      0.0143502        235.921        2.35921
    4         3      0.0206936    0.000206936        15.1705       0.151705
    4         3      0.0638059    0.000638059        27.7833       0.277833
    4         3       0.109914     0.00109914        39.9032       0.399032
    4         3       0.161541     0.00161541        51.8797       0.518797
    4         3       0.217575     0.00217575        63.9419       0.639419
    4         3       0.273143     0.00273143        75.2414       0.752414
    4         3       0.340224     0.00340224         87.903        0.87903
    4         3        0.40584      0.0040584        99.9984       0.999984
    4         3       0.472858     0.00472858        111.588        1.11588
    4         3       0.544746     0.00544746        123.669        1.23669
    4         3       0.615565     0.00615565        135.405        1.35405
    4         3       0.692539     0.00692539        147.619        1.47619
    4         3        0.76874      0.0076874        159.522        1.59522
    4         3       0.850906     0.00850906        171.914        1.71914
    4         3       0.927314     0.00927314        183.277        1.83277
    4         3        1.01558      0.0101558        195.888        1.95888
    4         3        1.09803      0.0109803        207.523        2.07523
    4         3        1.18879      0.0118879         219.66         2.1966
    4         3         1.2799       0.012799        231.587        2.31587
    4         3        1.37411      0.0137411        243.322        2.43322
    4         3         1.4746       0.014746        255.556        2.55556
    5         0      0.0199709    0.000199709        21.6935       0.216935
    5         0      0.0656076    0.000656076        34.0094       0.340094
    5         0       0.120808     0.00120808        46.7292       0.467292
    5         0         0.1752       0.001752        58.1586       0.581586
    5         0       0.238803     0.00238803        70.7343       0.707343
    5         0        0.30338      0.0030338        82.6541       0.826541
    5         0       0.372253     0.00372253         94.952        0.94952
    5         0       0.441405     0.00441405        106.754        1.06754
    5         0       0.515954     0.00515954        118.964        1.18964
    5         0       0.589216     0.00589216        130.821        1.30821
    5         0       0.663589     0.00663589        142.328        1.42328
    5         0       0.742971     0.00742971        154.299        1.54299
    5         0       0.826241     0.00826241        166.698        1.66698
    5         0       0.910979     0.00910979        178.804        1.78804
    5         0       0.994728     0.00994728        190.645        1.90645
    5         0        1.08581      0.0108581        202.925        2.02925
    5         0        1.17708      0.0117708        214.966        2.14966
    5         0         1.2714       0.012714         226.79         2.2679
    5         0        1.36639      0.0136639        238.418        2.38418
    5         0        1.46866      0.0146866          250.5          2.505
    5         0        1.57316      0.0157316        262.403        2.62403
    5         1      0.0155099    0.000155099        16.3632       0.163632
    5         1      0.0572325    0.000572325        25.9436       0.259436
    5         1       0.104202     0.00104202        35.8331       0.358331
    5         1       0.155506     0.00155506        45.9741       0.459741
    5         1       0.212837     0.00212837        56.3347       0.563347
    5         1         0.2754       0.002754        66.9027       0.669027
    5         1       0.338839     0.00338839         76.802        0.76802
    5         1       0.407784     0.00407784        86.9987       0.869987
    5         1       0.476248     0.00476248        96.6969       0.966969
    5         1       0.551282     0.00551282        106.698        1.06698
    5         1       0.625988     0.00625988        116.319        1.16319
    5         1       0.705951     0.00705951        126.307        1.26307
    5         1       0.792532     0.00792532        136.674        1.36674
    5         1       0.878093     0.00878093        146.761        1.46761
    5         1       0.965025     0.00965025        156.609        1.56609
    5         1        1.05786      0.0105786        166.892        1.66892
    5         1        1.15255      0.0115255        176.984        1.76984
    5         1        1.24904      0.0124904        186.913        1.86913
    5         1        1.34758      0.0134758        196.704        1.96704
    5         1        1.45325      0.0145325        206.978        2.06978
    5         1         1.5554       0.015554        216.543        2.16543
    5         2      0.0198654    0.000198654        19.4996       0.194996
    5         2      0.0565432    0.000565432        29.0218       0.290218
    5         2       0.103729     0.00103729        39.1677       0.391677
    5         2       0.159698     0.00159698        49.8805       0.498805
    5         2       0.214673     0.00214673        59.6029       0.596029
    5         2       0.276064     0.00276064         69.569        0.69569
    5         2       0.341262     0.00341262        79.8763       0.798763
    5         2       0.407746     0.00407746        89.8268       0.898268
    5         2       0.474164     0.00474164        99.4713       0.994713
    5         2       0.544316     0.00544316         109.53         1.0953
    5         2        0.61569      0.0061569        119.335        1.19335
    5         2       0.691425     0.00691425        129.604        1.29604
    5         2       0.767437     0.00767437        139.601        1.39601
    5         2       0.843536     0.00843536        149.394        1.49394
    5         2       0.924581     0.00924581        159.617        1.59617
    5         2        1.00697      0.0100697        169.628        1.69628
    5         2         1.0889       0.010889        179.445        1.79445
    5         2        1.17863      0.0117863        189.678        1.89678
    5         2        1.26899      0.0126899        199.724        1.99724
    5         2         1.3612       0.013612        209.598        2.09598
    5         2        1.46152      0.0146152        219.879        2.19879
    5         2        1.56197      0.0156197        229.997        2.29997
    5         3      0.0213653    0.000213653        20.5737       0.205737
    5         3      0.0744688    0.000744688        30.8479       0.308479
    5         3       0.132475     0.00132475         40.216        0.40216
    5         3       0.205329     0.00205329        50.2323       0.502323
    5         3       0.284761     0.00284761        60.1664       0.601664
    5         3       0.372513     0.00372513        70.2958       0.702958
    5         3       0.467581     0.00467581        80.7287       0.807287
    5         3       0.561577     0.00561577        90.7384       0.907384
    5         3       0.656227     0.00656227        100.386        1.00386
    5         3       0.758446     0.00758446        110.395        1.10395
    5         3       0.866772     0.00866772        120.782        1.20782
    5         3       0.976565     0.00976565        130.871        1.30871
    5         3        1.08703      0.0108703        140.651        1.40651
    5         3        1.20805      0.0120805        150.825        1.50825
    5         3        1.33129      0.0133129        160.744        1.60744
    5         3        1.45753      0.0145753        170.435        1.70435
    5         3        1.59475      0.0159475        180.505        1.80505
    5         3         1.7413       0.017413         190.94         1.9094
    5         3         1.8808       0.018808        200.601        2.00601
    5         3        2.02959      0.0202959        210.646        2.10646
    5         3        2.17929      0.0217929        220.519        2.20519
    6         0      0.0169618    0.000169618        20.6694       0.206694
    6         0      0.0523581    0.000523581        32.6247       0.326247
    6         0      0.0927905    0.000927905        43.9911       0.439911
    6         0       0.141701     0.00141701        56.3154       0.563154
    6         0       0.194531     0.00194531        68.4832       0.684832
    6         0       0.253176     0.00253176        80.7395       0.807395
    6         0        0.31209      0.0031209        92.2754       0.922754
    6         0        0.37531      0.0037531        104.125        1.04125
    6         0       0.443688     0.00443688         116.31         1.1631
    6         0       0.517335     0.00517335        128.853        1.28853
    6         0        0.58971      0.0058971        140.937        1.40937
    6         0       0.663194     0.00663194        152.655        1.52655
    6         0       0.741756     0.00741756        164.794        1.64794
    6         0        0.81911      0.0081911        176.609        1.76609
    6         0       0.902804     0.00902804        188.853        1.88853
    6         0       0.985627     0.00985627        200.815        2.00815
    6         0        1.07037      0.0107037        212.527        2.12527
    6         0        1.16062      0.0116062        224.686        2.24686
    6         0        1.25319      0.0125319        236.624        2.36624
    6         0        1.34639      0.0134639        248.364        2.48364
    6         0        1.44765      0.0144765        260.564        2.60564
    6         0        1.55014      0.0155014        272.587        2.72587
    6         1      0.0245442    0.000245442        20.9366       0.209366
    6         1      0.0673219    0.000673219        33.2622       0.332622
    6         1       0.121735     0.00121735        46.2362       0.462362
    6         1       0.180922     0.00180922        58.8707       0.588707
    6         1       0.252313     0.00252313        72.8113       0.728113
    6         1       0.323508     0.00323508        85.9897       0.859897
    6         1       0.394899     0.00394899        98.6297       0.986297
    6         1       0.472735     0.00472735        111.791        1.11791
    6         1       0.549277     0.00549277        124.555        1.24555
    6         1       0.632907     0.00632907        137.879        1.37879
    6         1       0.716116     0.00716116        150.858        1.50858
    6         1       0.799239     0.00799239        163.518        1.63518
    6         1       0.889031     0.00889031        176.766        1.76766
    6         1       0.978462     0.00978462        189.721        1.89721
    6         1        1.06969      0.0106969        202.414        2.02414
    6         1        1.16731      0.0116731        215.692        2.15692
    6         1        1.26721      0.0126721         228.73         2.2873
    6         1        1.37026      0.0137026        241.552        2.41552
    6         1        1.48076      0.0148076        254.962        2.54962
    6         1        1.58604      0.0158604        267.402        2.67402
    6         1        1.69984      0.0169984        280.446        2.80446
    6         2      0.0201188    0.000201188        21.9747       0.219747
    6         2      0.0586293    0.000586293        32.8705       0.328705
    6         2      0.0924726    0.000924726        42.1069       0.421069
    6         2       0.129972     0.00129972         51.861        0.51861
    6         2       0.176949     0.00176949        62.9817       0.629817
    6         2       0.218803     0.00218803        72.1752       0.721752
    6         2       0.269994     0.00269994        82.5954       0.825954
    6         2       0.321951     0.00321951        92.3058       0.923058
    6         2       0.378714     0.00378714        102.236        1.02236
    6         2       0.439001     0.00439001        112.384        1.12384
    6         2       0.505063     0.00505063        122.791        1.22791
    6         2       0.571043     0.00571043         132.72         1.3272
    6         2       0.641601     0.00641601        142.984        1.42984
    6         2       0.711306     0.00711306        152.916        1.52916
    6         2       0.782316     0.00782316        162.579        1.62579
    6         2       0.857045     0.00857045         172.64         1.7264
    6         2       0.932427     0.00932427        182.493        1.82493
    6         2        1.01335      0.0101335        192.772        1.92772
    6         2        1.09489      0.0109489        202.889        2.02889
    6         2        1.17711      0.0117711        212.872        2.12872
    6         2        1.26171      0.0126171        222.744        2.22744
    6         3      0.0182378    0.000182378        21.6363       0.216363
    6         3      0.0478267    0.000478267        31.7349       0.317349
    6         3      0.0875566    0.000875566        43.0291       0.430291
    6         3       0.131131     0.00131131        53.9046       0.539046
    6         3       0.184563     0.00184563        65.6413       0.656413
    6         3       0.236733     0.00236733        76.3624       0.763624
    6         3       0.294734     0.00294734        87.3488       0.873488
    6         3       0.357832     0.00357832        98.7077       0.987077
    6         3        0.42024      0.0042024        109.599        1.09599
    6         3       0.482863     0.00482863        120.201        1.20201
    6         3        0.55061      0.0055061        131.324        1.31324
    6         3       0.622546     0.00622546        142.958        1.42958
    6         3       0.690037     0.00690037        153.608        1.53608
    6         3       0.762826     0.00762826        164.808        1.64808
    6         3       0.834236     0.00834236        175.808        1.75808
    6         3       0.907238     0.00907238        186.628        1.86628
    6         3       0.985296     0.00985296        197.987        1.97987
    6         3        1.05804      0.0105804        208.478        2.08478
    6         3        1.13755      0.0113755        219.515        2.19515
    6         3        1.21765      0.0121765        230.403        2.30403
    6         3        1.30488      0.0130488        241.823        2.41823
    7         0      0.0191649    0.000191649        17.4248       0.174248
    7         0      0.0593507    0.000593507        28.9751       0.289751
    7         0        0.10345      0.0010345        39.6485       0.396485
    7         0       0.152346     0.00152346        50.4947       0.504947
    7         0       0.205876     0.00205876        61.6833       0.616833
    7         0       0.258785     0.00258785        72.3055       0.723055
    7         0       0.317803     0.00317803        83.3884       0.833884
    7         0       0.381725     0.00381725        94.8979       0.948979
    7         0       0.444357     0.00444357        105.903        1.05903
    7         0       0.508235     0.00508235        116.544        1.16544
    7         0       0.576806     0.00576806        127.642        1.27642
    7         0       0.644344     0.00644344         138.41         1.3841
    7         0       0.717924     0.00717924        149.628        1.49628
    7         0       0.791488     0.00791488        160.562        1.60562
    7         0       0.868934     0.00868934        171.949        1.71949
    7         0       0.943012     0.00943012        182.397        1.82397
    7         0         1.0215       0.010215        193.324        1.93324
    7         0        1.10627      0.0110627        204.717        2.04717
    7         0        1.19276      0.0119276        215.908        2.15908
    7         0        1.28022      0.0128022        226.921        2.26921
    7         1      0.0215286    0.000215286        17.5187       0.175187
    7         1       0.056546     0.00056546        27.9145       0.279145
    7         1      0.0913028    0.000913028        36.9974       0.369974
    7         1       0.134655     0.00134655        47.3905       0.473905
    7         1        0.18282      0.0018282        57.7826       0.577826
    7         1       0.230141     0.00230141        67.3454       0.673454
    7         1       0.282909     0.00282909        77.1986       0.771986
    7         1       0.340841     0.00340841         87.363        0.87363
    7         1       0.403496     0.00403496        97.8707       0.978707
    7         1       0.465371     0.00465371        107.915        1.07915
    7         1       0.528268     0.00528268        117.651        1.17651
    7         1       0.595704     0.00595704        127.841        1.27841
    7         1       0.662286     0.00662286        137.774        1.37774
    7         1       0.730044     0.00730044        147.478        1.47478
    7         1       0.802219     0.00802219         157.66         1.5766
    7         1       0.873777     0.00873777        167.646        1.67646
    7         1       0.946513     0.00946513        177.458        1.77458
    7         1        1.02469      0.0102469        187.751        1.87751
    7         1         1.1023       0.011023        197.883        1.97883
    7         1        1.18241      0.0118241        207.868        2.07868
    7         1        1.26285      0.0126285        217.721        2.17721
    7         1        1.34559      0.0134559        227.452        2.27452
    7         2      0.0200859    0.000200859        16.0674       0.160674
    7         2      0.0470607    0.000470607        24.9249       0.249249
    7         2      0.0817387    0.000817387        34.7809       0.347809
    7         2       0.115929     0.00115929        43.5691       0.435691
    7         2       0.153838     0.00153838        52.5181       0.525181
    7         2       0.195797     0.00195797        61.6718       0.616718
    7         2       0.237903     0.00237903        70.2979       0.702979
    7         2       0.286764     0.00286764        79.9701       0.799701
    7         2       0.332509     0.00332509        88.5014       0.885014
    7         2       0.382336     0.00382336         97.385        0.97385
    7         2       0.435917     0.00435917        106.546        1.06546
    7         2       0.489348     0.00489348        115.405        1.15405
    7         2       0.546033     0.00546033        124.602        1.24602
    7         2        0.60339      0.0060339        133.537        1.33537
    7         2       0.664747     0.00664747         142.79         1.4279
    7         2       0.725125     0.00725125        151.804        1.51804
    7         2       0.786288     0.00786288        160.605        1.60605
    7         2       0.851334     0.00851334        169.748        1.69748
    7         2       0.915952     0.00915952        178.697        1.78697
    7         2       0.985192     0.00985192        187.983        1.87983
    7         2        1.05114      0.0105114        196.591        1.96591
    7         3      0.0158313    0.000158313        17.1846       0.171846
    7         3       0.052379     0.00052379        27.1743       0.271743
    7         3       0.101946     0.00101946        37.8113       0.378113
    7         3       0.150493     0.00150493        47.6079       0.476079
    7         3       0.202008     0.00202008        57.7276       0.577276
    7         3       0.254678     0.00254678         67.493        0.67493
    7         3       0.311252     0.00311252        77.7016       0.777016
    7         3       0.367542     0.00367542        87.6428       0.876428
    7         3       0.423602     0.00423602        97.3519       0.973519
    7         3       0.484678     0.00484678        107.449        1.07449
    7         3       0.544298     0.00544298        117.345        1.17345
    7         3       0.609067     0.00609067        127.678        1.27678
    7         3       0.674027     0.00674027         137.83         1.3783
    7         3       0.737803     0.00737803        147.781        1.47781
    7         3       0.802679     0.00802679        157.565        1.57565
    7         3       0.871668     0.00871668        167.792        1.67792
    7         3        0.93976      0.0093976         177.86         1.7786
    7         3        1.00971      0.0100971        187.782        1.87782
    7         3        1.07857      0.0107857        197.568        1.97568
    7         3        1.15373      0.0115373        207.793        2.07793
    7         3        1.23027      0.0123027        217.887        2.17887
    7         3        1.30675      0.0130675        227.859        2.27859
    8         0      0.0314237    0.000314237        17.8717       0.178717
    8         0      0.0544679    0.000544679        26.2178       0.262178
    8         0       0.084096     0.00084096        35.6657       0.356657
    8         0       0.113724     0.00113724        44.1718       0.441718
    8         0       0.149936     0.00149936        53.7081       0.537081
    8         0       0.186082     0.00186082        62.5694       0.625694
    8         0       0.226625     0.00226625        71.6663       0.716663
    8         0       0.267971     0.00267971        80.3027       0.803027
    8         0       0.316022     0.00316022        89.9141       0.899141
    8         0       0.360489     0.00360489        98.4522       0.984522
    8         0       0.411467     0.00411467        107.898        1.07898
    8         0       0.459521     0.00459521        116.402        1.16402
    8         0       0.514622     0.00514622        125.826        1.25826
    8         0       0.569619     0.00569619        134.936        1.34936
    8         0       0.624693     0.00624693        143.811        1.43811
    8         0       0.683216     0.00683216        152.999        1.52999
    8         0       0.741003     0.00741003        161.967        1.61967
    8         0       0.799335     0.00799335        170.741        1.70741
    8         0       0.861413     0.00861413        179.841        1.79841
    8         0       0.923869     0.00923869        188.767        1.88767
    8         0       0.986653     0.00986653        197.536        1.97536
    8         0        1.05313      0.0105313        206.639        2.06639
    8         1      0.0224893    0.000224893        21.3997       0.213997
    8         1      0.0573648    0.000573648        30.4236       0.304236
    8         1      0.0957278    0.000957278        39.7123       0.397123
    8         1       0.134091     0.00134091        48.4417       0.484417
    8         1       0.175941     0.00175941        57.4166       0.574166
    8         1       0.221279     0.00221279        66.5847       0.665847
    8         1       0.270106     0.00270106        75.9069       0.759069
    8         1       0.318928     0.00318928        84.7335       0.847335
    8         1       0.371266     0.00371266        93.7233       0.937233
    8         1       0.427232     0.00427232        102.836        1.02836
    8         1       0.482189     0.00482189         111.52         1.1152
    8         1       0.545034     0.00545034        120.914        1.20914
    8         1       0.607862     0.00607862        129.941        1.29941
    8         1        0.67072      0.0067072        138.659        1.38659
    8         1          0.737        0.00737        147.606        1.47606
    8         1       0.806601     0.00806601        156.771        1.56771
    8         1       0.876148     0.00876148        165.718        1.65718
    8         1       0.950131     0.00950131        174.916        1.74916
    8         1        1.02457      0.0102457        183.942        1.83942
    8         1        1.09957      0.0109957        192.823        1.92823
    8         2      0.0237586    0.000237586        18.0465       0.180465
    8         2      0.0509353    0.000509353        28.0107       0.280107
    8         2      0.0871708    0.000871708        38.8627       0.388627
    8         2       0.123406     0.00123406        48.1967       0.481967
    8         2       0.168697     0.00168697        58.6899       0.586899
    8         2       0.214835     0.00214835        68.4132       0.684132
    8         2       0.266787     0.00266787        78.5315       0.785315
    8         2       0.317293     0.00317293        88.2171       0.882171
    8         2        0.37245      0.0037245        98.3948       0.983948
    8         2       0.432929     0.00432929        108.985        1.08985
    8         2       0.488957     0.00488957        118.458        1.18458
    8         2       0.548402     0.00548402         128.44         1.2844
    8         2       0.613858     0.00613858        138.876        1.38876
    8         2       0.674262     0.00674262        148.326        1.48326
    8         2       0.744179     0.00744179        158.961        1.58961
    8         2       0.808529     0.00808529        168.651        1.68651
    8         2       0.878751     0.00878751        178.805        1.78805
    8         2       0.949381     0.00949381        188.743        1.88743
    8         2        1.01955      0.0101955        198.486        1.98486
    8         2        1.09605      0.0109605        208.681        2.08681
    8         2        1.17402      0.0117402        218.689        2.18689
    8         2        1.25178      0.0125178        228.528        2.28528
    8         3      0.0278791    0.000278791        20.4725       0.204725
    8         3      0.0576115    0.000576115        28.9203       0.289203
    8         3      0.0903171    0.000903171        36.8514       0.368514
    8         3       0.125996     0.00125996        44.8848       0.448848
    8         3       0.161654     0.00161654        52.5396       0.525396
    8         3       0.201174     0.00201174        60.5298       0.605298
    8         3       0.242925     0.00242925        68.8586       0.688586
    8         3       0.285395     0.00285395        76.9475       0.769475
    8         3       0.328047     0.00328047        84.8316       0.848316
    8         3       0.370811     0.00370811        92.5379       0.925379
    8         3       0.415992     0.00415992        100.588        1.00588
    8         3       0.463981     0.00463981        108.958        1.08958
    8         3       0.509829     0.00509829        116.641        1.16641
    8         3       0.558751     0.00558751        124.685        1.24685
    8         3       0.606984     0.00606984        132.585        1.32585
    8         3       0.657871     0.00657871        140.819        1.40819
    8         3       0.709944     0.00709944        148.919        1.48919
    8         3       0.761046     0.00761046        156.889        1.56889
    8         3       0.812175     0.00812175         164.74         1.6474
    8         3       0.867166     0.00867166        172.931        1.72931
    8         3       0.919296     0.00919296         180.56         1.8056
    9         0     0.00747264    7.47264e-05        14.7421       0.147421
    9         0      0.0378678    0.000378678         24.292        0.24292
    9         0      0.0758617    0.000758617        33.6476       0.336476
    9         0       0.117655     0.00117655        42.9154       0.429154
    9         0       0.159513     0.00159513        51.6321       0.516321
    9         0       0.200228     0.00200228        60.7288       0.607288
    9         0       0.242279     0.00242279        69.4991       0.694991
    9         0       0.287776     0.00287776        78.7033       0.787033
    9         0       0.332997     0.00332997        87.6422       0.876422
    9         0       0.378611     0.00378611        96.3576       0.963576
    9         0       0.426831     0.00426831        105.448        1.05448
    9         0       0.479065     0.00479065        114.968        1.14968
    9         0       0.528155     0.00528155        123.657        1.23657
    9         0       0.580639     0.00580639        132.761        1.32761
    9         0       0.633123     0.00633123        141.671        1.41671
    9         0       0.685664     0.00685664        150.427        1.50427
    9         0       0.740742     0.00740742        159.598        1.59598
    9         0       0.797058     0.00797058        168.609        1.68609
    9         0       0.853104     0.00853104        177.473        1.77473
    9         0       0.913164     0.00913164         186.74         1.8674
    9         0       0.973441     0.00973441        195.865        1.95865
    9         1      0.0242578    0.000242578        18.8472       0.188472
    9         1      0.0589399    0.000589399        29.7597       0.297597
    9         1      0.0970902    0.000970902         39.381        0.39381
    9         1       0.142177     0.00142177        49.7551       0.497551
    9         1         0.1884       0.001884        59.5704       0.595704
    9         1        0.23653      0.0023653        69.7361       0.697361
    9         1       0.286366     0.00286366        79.5842       0.795842
    9         1        0.33837      0.0033837        89.8543       0.898543
    9         1       0.391172     0.00391172        99.8545       0.998545
    9         1       0.444149     0.00444149        109.599        1.09599
    9         1       0.500745     0.00500745        119.784        1.19784
    9         1        0.55746      0.0055746        129.765        1.29765
    9         1        0.61359      0.0061359        139.542        1.39542
    9         1       0.673244     0.00673244        149.767        1.49767
    9         1       0.733377     0.00733377        159.822        1.59822
    9         1       0.793591     0.00793591         169.72         1.6972
    9         1       0.853813     0.00853813        179.473        1.79473
    9         1       0.917439     0.00917439        189.653        1.89653
    9         1       0.981549     0.00981549        199.693        1.99693
    9         1        1.04652      0.0104652        209.602        2.09602
    9         1        1.11591      0.0111591         219.93         2.1993
    9         2      0.0224403    0.000224403        21.8427       0.218427
    9         2      0.0583792    0.000583792          31.62         0.3162
    9         2       0.101506     0.00101506        41.2621       0.412621
    9         2        0.15182      0.0015182        51.5566       0.515566
    9         2       0.199931     0.00199931        61.3192       0.613192
    9         2       0.252259     0.00252259        71.3974       0.713974
    9         2        0.30781      0.0030781        81.8212       0.818212
    9         2       0.363537     0.00363537        91.9759       0.919759
    9         2       0.419273     0.00419273         101.87         1.0187
    9         2       0.474321     0.00474321        111.539        1.11539
    9         2         0.5333       0.005333        121.614        1.21614
    9         2        0.59261      0.0059261        131.492        1.31492
    9         2       0.655307     0.00655307        141.776        1.41776
    9         2       0.718268     0.00718268        151.898        1.51898
    9         2       0.780147     0.00780147        161.866        1.61866
    9         2       0.842994     0.00842994        171.694        1.71694
    9         2       0.909731     0.00909731        181.926        1.81926
    9         2       0.973044     0.00973044        191.496        1.91496
    9         2        1.04395      0.0104395        201.999        2.01999
    9         2        1.11131      0.0111131        211.857        2.11857
    9         2        1.18064      0.0118064        221.607        2.21607
    9         3      0.0262451    0.000262451        16.5642       0.165642
    9         3      0.0525288    0.000525288        24.8851       0.248851
    9         3       0.081733     0.00081733        32.3241       0.323241
    9         3       0.119698     0.00119698         40.936        0.40936
    9         3        0.15752      0.0015752        48.9238       0.489238
    9         3       0.196011     0.00196011        56.5175       0.565175
    9         3       0.239925     0.00239925        64.9271       0.649271
    9         3       0.280624     0.00280624        72.5092       0.725092
    9         3       0.327142     0.00327142        80.9163       0.809163
    9         3       0.371467     0.00371467        88.5811       0.885811
    9         3       0.418757     0.00418757        96.5658       0.965658
    9         3       0.468159     0.00468159        104.798        1.04798
    9         3       0.517678     0.00517678        112.849        1.12849
    9         3       0.567959     0.00567959        120.743        1.20743
    9         3       0.621197     0.00621197        128.923        1.28923
    9         3        0.67344      0.0067344        136.943        1.36943
    9         3       0.726149     0.00726149        144.836        1.44836
    9         3       0.779304     0.00779304        152.602        1.52602
    9         3       0.835291     0.00835291        160.672        1.60672
    9         3       0.890459     0.00890459        168.621        1.68621
    9         3       0.950007     0.00950007        176.869        1.76869
    9         3        1.00697      0.0100697        184.598        1.84598
   10         0      0.0244225    0.000244225        15.7823       0.157823
   10         0      0.0437368    0.000437368        22.9628       0.229628
   10         0      0.0727084    0.000727084        31.9465       0.319465
   10         0        0.10168      0.0010168        39.6804       0.396804
   10         0        0.13387      0.0013387        47.4357       0.474357
   10         0       0.170174     0.00170174        55.3521       0.553521
   10         0       0.208273     0.00208273        63.5178       0.635178
   10         0       0.251119     0.00251119        71.9812       0.719812
   10         0       0.290227     0.00290227        79.5263       0.795263
   10         0       0.332706     0.00332706        87.4551       0.874551
   10         0       0.378558     0.00378558        95.7566       0.957566
   10         0       0.424284     0.00424284        103.789        1.03789
   10         0       0.470136     0.00470136        111.615        1.11615
   10         0       0.519453     0.00519453        119.806        1.19806
   10         0       0.568122     0.00568122        127.796        1.27796
   10         0       0.616846     0.00616846        135.606        1.35606
   10         0       0.669322     0.00669322        143.751        1.43751
   10         0       0.721801     0.00721801        151.722        1.51722
   10         0       0.774375     0.00774375        159.533        1.59533
   10         0       0.829917     0.00829917         167.67         1.6767
   10         0       0.885979     0.00885979        175.653        1.75653
   10         1      0.0269828    0.000269828         16.982        0.16982
   10         1      0.0519878    0.000519878        24.4871       0.244871
   10         1       0.084137     0.00084137        32.2664       0.322664
   10         1       0.123431     0.00123431         40.786        0.40786
   10         1       0.162686     0.00162686        48.7677       0.487677
   10         1        0.20292      0.0020292         56.418        0.56418
   10         1       0.246908     0.00246908        64.4925       0.644925
   10         1       0.294556     0.00294556        72.9914       0.729914
   10         1        0.33752      0.0033752        80.6453       0.806453
   10         1       0.385054     0.00385054        88.7583       0.887583
   10         1       0.432842     0.00432842        96.7064       0.967064
   10         1       0.480427     0.00480427        104.465        1.04465
   10         1       0.531905     0.00531905        112.674        1.12674
   10         1       0.582316     0.00582316         120.74         1.2074
   10         1       0.633653     0.00633653        128.672        1.28672
   10         1       0.684983     0.00684983          136.5          1.365
   10         1       0.740045     0.00740045        144.746        1.44746
   10         1       0.795035     0.00795035        152.873        1.52873
   10         1         0.8493       0.008493        160.889        1.60889
   10         1       0.904928     0.00904928        168.802        1.68802
   10         1       0.960394     0.00960394        176.617        1.76617
   10         1        1.02022      0.0102022        184.852        1.84852
   10         2     0.00539038    5.39038e-05        17.4164       0.174164
   10         2      0.0411686    0.000411686        25.8363       0.258363
   10         2      0.0769467    0.000769467        33.5044       0.335044
   10         2         0.1167       0.001167        41.5096       0.415096
   10         2       0.159718     0.00159718        49.8379       0.498379
   10         2       0.197572     0.00197572        57.7481       0.577481
   10         2       0.239587     0.00239587        65.9634       0.659634
   10         2       0.281668     0.00281668        73.8128       0.738128
   10         2       0.327255     0.00327255        81.9473       0.819473
   10         2       0.372856     0.00372856        89.7474       0.897474
   10         2       0.422096     0.00422096        97.8214       0.978214
   10         2       0.470676     0.00470676        105.553        1.05553
   10         2       0.522981     0.00522981         113.56         1.1356
   10         2       0.579364     0.00579364        121.826        1.21826
   10         2       0.635661     0.00635661        129.823        1.29823
   10         2       0.691875     0.00691875        137.613        1.37613
   10         2       0.751352     0.00751352         145.66         1.4566
   10         2       0.813828     0.00813828        153.967        1.53967
   10         2       0.873837     0.00873837        161.635        1.61635
   10         2       0.937614     0.00937614        169.588        1.69588
   10         2        1.00534      0.0100534        177.818        1.77818
   10         2        1.07276      0.0107276        185.898        1.85898
   10         3      0.0328262    0.000328262        19.6837       0.196837
   10         3      0.0619436    0.000619436        27.1144       0.271144
   10         3      0.0983403    0.000983403        35.9694       0.359694
   10         3       0.131097     0.00131097        43.5962       0.435962
   10         3       0.167652     0.00167652        51.7425       0.517425
   10         3       0.205248     0.00205248        59.5872       0.595872
   10         3       0.246538     0.00246538        67.9105       0.679105
   10         3        0.28694      0.0028694        75.9469       0.759469
   10         3       0.328092     0.00328092        83.7313       0.837313
   10         3       0.373323     0.00373323        91.9587       0.919587
   10         3        0.41847      0.0041847        99.9215       0.999215
   10         3       0.463206     0.00463206        107.629        1.07629
   10         3       0.511539     0.00511539        115.766        1.15766
   10         3       0.560495     0.00560495        123.689        1.23689
   10         3       0.609307     0.00609307        131.438        1.31438
   10         3       0.662071     0.00662071         139.57         1.3957
   10         3       0.714212     0.00714212        147.519        1.47519
   10         3       0.770135     0.00770135        155.854        1.55854
   10         3       0.822877     0.00822877        163.478        1.63478
   10         3       0.879445     0.00879445        171.495        1.71495
   10         3       0.940008     0.00940008         179.89         1.7989
   10         3       0.996111     0.00996111        187.625        1.87625
   11         0      0.0319885    0.000319885         20.554        0.20554
   11         0      0.0554963    0.000554963        28.6155       0.286155
   11         0       0.081616     0.00081616        36.5689       0.365689
   11         0       0.110348     0.00110348        44.5557       0.445557
   11         0       0.141691     0.00141691        52.6474       0.526474
   11         0       0.175874     0.00175874        60.8732       0.608732
   11         0       0.209604     0.00209604         68.664        0.68664
   11         0       0.247729     0.00247729        76.6615       0.766615
   11         0       0.288285     0.00288285        84.8543       0.848543
   11         0       0.328756     0.00328756        92.7134       0.927134
   11         0       0.372064     0.00372064        100.768        1.00768
   11         0       0.417466     0.00417466        108.991        1.08991
   11         0       0.462944     0.00462944        116.945        1.16945
   11         0       0.509078     0.00509078        124.668        1.24668
   11         0       0.557782     0.00557782        132.601        1.32601
   11         0       0.609203     0.00609203        140.764        1.40764
   11         0        0.66047      0.0066047        148.725        1.48725
   11         0       0.713926     0.00713926        156.912        1.56912
   11         0       0.767741     0.00767741        164.925        1.64925
   11         0        0.82179      0.0082179        172.782        1.72782
   11         0       0.878639     0.00878639        180.882        1.80882
   11         0        0.93578      0.0093578        188.845        1.88845
   11         1       0.036405     0.00036405        36.8683       0.368683
   11         1      0.0708438    0.000708438         43.579        0.43579
   11         1       0.108152     0.00108152        50.7772       0.507772
   11         1       0.145461     0.00145461        57.8862       0.578862
   11         1       0.182828     0.00182828        64.8964       0.648964
   11         1       0.221326     0.00221326         71.794        0.71794
   11         1       0.259102     0.00259102        78.5763       0.785763
   11         1       0.300016     0.00300016        85.7383       0.857383
   11         1       0.341353     0.00341353        92.7466       0.927466
   11         1       0.382702     0.00382702        99.6046       0.996046
   11         1       0.426819     0.00426819        106.742        1.06742
   11         1       0.470571     0.00470571        113.737        1.13737
   11         1        0.51461      0.0051461        120.574        1.20574
   11         1       0.562038     0.00562038         127.71         1.2771
   11         1       0.609222     0.00609222          134.7          1.347
   11         1       0.658938     0.00658938        141.984        1.41984
   11         1       0.705892     0.00705892        148.718        1.48718
   11         1       0.756233     0.00756233        155.761        1.55761
   11         1        0.80624      0.0080624        162.704        1.62704
   11         1       0.858888     0.00858888        169.962        1.69962
   11         1       0.909177     0.00909177        176.743        1.76743
   11         1       0.962955     0.00962955        183.859        1.83859
   11         2       0.024587     0.00024587        18.3747       0.183747
   11         2      0.0508958    0.000508958        25.9542       0.259542
   11         2      0.0795963    0.000795963        32.6934       0.326934
   11         2        0.11308      0.0011308        39.8969       0.398969
   11         2       0.146564     0.00146564        46.7309       0.467309
   11         2        0.18261      0.0018261        53.7862       0.537862
   11         2       0.219058     0.00219058         60.641        0.60641
   11         2       0.257844     0.00257844        67.7735       0.677735
   11         2        0.29656      0.0029656        74.7496       0.747496
   11         2       0.334768     0.00334768        81.5945       0.815945
   11         2       0.375876     0.00375876        88.7309       0.887309
   11         2       0.417282     0.00417282        95.7457       0.957457
   11         2         0.4587       0.004587         102.61         1.0261
   11         2       0.502646     0.00502646        109.759        1.09759
   11         2       0.546428     0.00546428        116.814        1.16814
   11         2       0.590162     0.00590162        123.743        1.23743
   11         2       0.636322     0.00636322         130.97         1.3097
   11         2       0.680206     0.00680206        137.718        1.37718
   11         2       0.726389     0.00726389        144.757        1.44757
   11         2        0.77265      0.0077265        151.709        1.51709
   11         2       0.821451     0.00821451         158.94         1.5894
   11         3      0.0217563    0.000217563        19.9876       0.199876
   11         3      0.0538164    0.000538164        28.4025       0.284025
   11         3      0.0894388    0.000894388        36.2988       0.362988
   11         3       0.128623     0.00128623         44.485        0.44485
   11         3       0.167761     0.00167761        52.3453       0.523453
   11         3       0.210987     0.00210987         60.637        0.60637
   11         3       0.255665     0.00255665        68.6787       0.686787
   11         3        0.29922      0.0029922         76.505        0.76505
   11         3       0.345723     0.00345723        84.7585       0.847585
   11         3       0.393266     0.00393266        92.8052       0.928052
   11         3        0.44081      0.0044081        100.638        1.00638
   11         3          0.492        0.00492        108.848        1.08848
   11         3        0.54326      0.0054326        116.882        1.16882
   11         3       0.593527     0.00593527         124.73         1.2473
   11         3       0.648451     0.00648451        132.956        1.32956
   11         3       0.699704     0.00699704        140.493        1.40493
   11         3       0.758442     0.00758442        148.941        1.48941
   11         3       0.812671     0.00812671        156.713        1.56713
   11         3        0.87087      0.0087087        164.857        1.64857
   11         3       0.929871     0.00929871        172.861        1.72861
