 *tel    numcsi   CsIInChannel     errCsIInChannel           CsIE       errCsIE
    0         0             94            0.5        20.7233       0.207233
    0         0            130            0.5        30.9728       0.309728
    0         0            178            0.5        42.6611       0.426611
    0         0            226            0.5        53.1687       0.531687
    0         0            282            0.5        64.6306       0.646306
    0         0            338            0.5        75.5359       0.755359
    0         0            398            0.5        86.8734       0.868734
    0         0            458            0.5        97.9188       0.979188
    0         0            518            0.5        108.775        1.08775
    0         0            578            0.5        119.464        1.19464
    0         0            642            0.5        130.704        1.30704
    0         0            706            0.5        141.796        1.41796
    0         0            770            0.5        152.753        1.52753
    0         0            834            0.5        163.587        1.63587
    0         0            902            0.5        174.974        1.74974
    0         0            966            0.5        185.583        1.85583
    0         0           1034            0.5        196.749        1.96749
    0         0           1102            0.5        207.815        2.07815
    0         0           1170            0.5        218.787        2.18787
    0         0           1238            0.5        229.675        2.29675
    0         0           1306            0.5        240.483        2.40483
    0         1             76            0.5        22.1615       0.221615
    0         1            142            0.5        37.6645       0.376645
    0         1            208            0.5        52.3391       0.523391
    0         1            280            0.5        67.6625       0.676625
    0         1            352            0.5        82.3408       0.823408
    0         1            430            0.5        97.6714       0.976714
    0         1            508            0.5        112.532        1.12532
    0         1            586            0.5         126.99         1.2699
    0         1            670            0.5        142.181        1.42181
    0         1            754            0.5        157.036        1.57036
    0         1            844            0.5        172.632        1.72632
    0         1            934            0.5        187.946        1.87946
    0         1           1018            0.5        202.019        2.02019
    0         1           1114            0.5        217.878        2.17878
    0         1           1204            0.5        232.556        2.32556
    0         1           1294            0.5        247.075        2.47075
    0         1           1390            0.5        262.411        2.62411
    0         1           1486            0.5        277.611        2.77611
    0         1           1582            0.5        292.695        2.92695
    0         1           1678            0.5        307.678        3.07678
    0         1           1774            0.5        322.575        3.22575
    0         2             92            0.5        22.8664       0.228664
    0         2            157            0.5        37.8512       0.378512
    0         2            222            0.5        51.7849       0.517849
    0         2            287            0.5        65.1952       0.651952
    0         2            357            0.5        79.1219       0.791219
    0         2            432            0.5         93.591        0.93591
    0         2            507            0.5         107.63         1.0763
    0         2            582            0.5        121.345        1.21345
    0         2            662            0.5        135.647        1.35647
    0         2            742            0.5        149.655        1.49655
    0         2            822            0.5        163.402        1.63402
    0         2            907            0.5        177.757        1.77757
    0         2            992            0.5        191.882        1.91882
    0         2           1077            0.5        205.803        2.05803
    0         2           1162            0.5        219.542        2.19542
    0         2           1252            0.5        233.912        2.33912
    0         2           1337            0.5        247.334        2.47334
    0         2           1427            0.5        261.405        2.61405
    0         2           1517            0.5        275.345        2.75345
    0         2           1612            0.5        289.934        2.89934
    0         3             44            0.5         24.696        0.24696
    0         3             99            0.5        37.9322       0.379322
    0         3            149            0.5        48.9511       0.489511
    0         3            209            0.5        61.6938       0.616938
    0         3            264            0.5        72.9997       0.729997
    0         3            329            0.5         85.986        0.85986
    0         3            389            0.5        97.6522       0.976522
    0         3            449            0.5        109.083        1.09083
    0         3            514            0.5         121.22         1.2122
    0         3            579            0.5        133.133        1.33133
    0         3            649            0.5         145.74         1.4574
    0         3            714            0.5        157.263        1.57263
    0         3            784            0.5        169.495        1.69495
    0         3            854            0.5        181.563        1.81563
    0         3            924            0.5        193.483        1.93483
    0         3            994            0.5         205.27         2.0527
    0         3           1069            0.5        217.767        2.17767
    0         3           1139            0.5        229.318        2.29318
    0         3           1214            0.5        241.587        2.41587
    0         3           1289            0.5        253.755        2.53755
    0         3           1364            0.5        265.832        2.65832
    1         0            105            0.5        17.4212       0.174212
    1         0            159            0.5        32.7718       0.327718
    1         0            219            0.5        46.8736       0.468736
    1         0            291            0.5        61.8921       0.618921
    1         0            369            0.5        76.9408       0.769408
    1         0            453            0.5        92.3924       0.923924
    1         0            537            0.5        107.346        1.07346
    1         0            627            0.5        122.984        1.22984
    1         0            711            0.5        137.285        1.37285
    1         0            801            0.5        152.338        1.52338
    1         0            891            0.5        167.145        1.67145
    1         0            987            0.5        182.697        1.82697
    1         0           1077            0.5        197.072        1.97072
    1         0           1173            0.5        212.209        2.12209
    1         0           1269            0.5        227.164        2.27164
    1         0           1371            0.5        242.874        2.42874
    1         0           1467            0.5        257.508        2.57508
    1         0           1569            0.5        272.913        2.72913
    1         0           1665            0.5        287.291        2.87291
    1         0           1767            0.5        302.453        3.02453
    1         0           1869            0.5        317.509        3.17509
    1         1             97            0.5         24.673        0.24673
    1         1            169            0.5        39.5613       0.395613
    1         1            241            0.5        53.9486       0.539486
    1         1            319            0.5        69.0679       0.690679
    1         1            403            0.5        84.8237       0.848237
    1         1            481            0.5        99.0687       0.990687
    1         1            565            0.5        114.063        1.14063
    1         1            655            0.5        129.777        1.29777
    1         1            739            0.5        144.156        1.44156
    1         1            829            0.5        159.291        1.59291
    1         1            919            0.5        174.176        1.74176
    1         1           1015            0.5         189.81         1.8981
    1         1           1105            0.5        204.264        2.04264
    1         1           1201            0.5        219.488        2.19488
    1         1           1297            0.5        234.533        2.34533
    1         1           1393            0.5         249.42         2.4942
    1         1           1489            0.5        264.163        2.64163
    1         1           1591            0.5        279.689        2.79689
    1         1           1687            0.5        294.185        2.94185
    1         1           1789            0.5        309.475        3.09475
    1         1           1891            0.5        324.665        3.24665
    1         1           1993            0.5        339.765        3.39765
    1         2             82            0.5        25.3728       0.253728
    1         2            142            0.5        38.4736       0.384736
    1         2            202            0.5        51.1296       0.511296
    1         2            267            0.5        64.4316       0.644316
    1         2            332            0.5        77.3069       0.773069
    1         2            402            0.5        90.8123       0.908123
    1         2            472            0.5        103.963        1.03963
    1         2            542            0.5         116.84         1.1684
    1         2            612            0.5        129.465        1.29465
    1         2            687            0.5        142.747        1.42747
    1         2            762            0.5        155.802        1.55802
    1         2            837            0.5        168.657        1.68657
    1         2            912            0.5        181.332        1.81332
    1         2            992            0.5        194.676        1.94676
    1         2           1072            0.5        207.857        2.07857
    1         2           1152            0.5        220.891        2.20891
    1         2           1232            0.5        233.794        2.33794
    1         2           1312            0.5        246.578        2.46578
    1         2           1392            0.5        259.257        2.59257
    1         2           1477            0.5        272.624        2.72624
    1         2           1562            0.5        285.895        2.85895
    1         3            103            0.5        20.8734       0.208734
    1         3            153            0.5        34.1383       0.341383
    1         3            208            0.5        46.9318       0.469318
    1         3            268            0.5         60.057        0.60057
    1         3            333            0.5        73.5987       0.735987
    1         3            398            0.5        86.6134       0.866134
    1         3            463            0.5        99.2207       0.992207
    1         3            533            0.5        112.429        1.12429
    1         3            603            0.5        125.315        1.25315
    1         3            678            0.5        138.818        1.38818
    1         3            748            0.5        151.178        1.51178
    1         3            823            0.5        164.196        1.64196
    1         3            903            0.5        177.859        1.77859
    1         3            978            0.5        190.486        1.90486
    1         3           1058            0.5        203.784        2.03784
    1         3           1138            0.5         216.93         2.1693
    1         3           1218            0.5         229.94         2.2994
    1         3           1298            0.5        242.832        2.42832
    1         3           1378            0.5         255.62         2.5562
    1         3           1458            0.5        268.316        2.68316
    1         3           1543            0.5        281.717        2.81717
    2         0             73            0.5        15.8467       0.158467
    2         0            118            0.5         29.342        0.29342
    2         0            173            0.5         42.777        0.42777
    2         0            233            0.5        55.8642       0.558642
    2         0            293            0.5        68.2027       0.682027
    2         0            358            0.5        81.0504       0.810504
    2         0            428            0.5        94.5064       0.945064
    2         0            498            0.5        107.654        1.07654
    2         0            568            0.5        120.531        1.20531
    2         0            638            0.5        133.162        1.33162
    2         0            713            0.5        146.445        1.46445
    2         0            788            0.5        159.491        1.59491
    2         0            863            0.5        172.318        1.72318
    2         0            943            0.5        185.781        1.85781
    2         0           1018            0.5        198.214        1.98214
    2         0           1098            0.5        211.292        2.11292
    2         0           1183            0.5        224.998        2.24998
    2         0           1263            0.5        237.737        2.37737
    2         0           1343            0.5        250.335        2.50335
    2         0           1428            0.5        263.579        2.63579
    2         0           1513            0.5        276.692        2.76692
    2         1            102            0.5        14.5923       0.145923
    2         1            142            0.5        27.5764       0.275764
    2         1            187            0.5        40.1393       0.401393
    2         1            242            0.5        53.9516       0.539516
    2         1            297            0.5        66.7733       0.667733
    2         1            357            0.5        79.9964       0.799964
    2         1            417            0.5        92.7126       0.927126
    2         1            477            0.5        105.037        1.05037
    2         1            542            0.5        118.065        1.18065
    2         1            612            0.5        131.782        1.31782
    2         1            677            0.5        144.275        1.44275
    2         1            747            0.5        157.507        1.57507
    2         1            817            0.5        170.539        1.70539
    2         1            887            0.5        183.396        1.83396
    2         1            957            0.5        196.101        1.96101
    2         1           1032            0.5        209.563        2.09563
    2         1           1107            0.5         222.89         2.2289
    2         1           1177            0.5         235.22         2.3522
    2         1           1252            0.5         248.33         2.4833
    2         1           1327            0.5        261.346        2.61346
    2         1           1402            0.5        274.282        2.74282
    2         2             74            0.5        22.5288       0.225288
    2         2            114            0.5        31.7387       0.317387
    2         2            154            0.5        40.6126       0.406126
    2         2            194            0.5         49.201        0.49201
    2         2            238            0.5        58.3604       0.583604
    2         2            282            0.5         67.251        0.67251
    2         2            330            0.5         76.633        0.76633
    2         2            378            0.5        85.7743       0.857743
    2         2            426            0.5          94.67         0.9467
    2         2            474            0.5        103.382        1.03382
    2         2            526            0.5        112.622        1.12622
    2         2            578            0.5        121.679        1.21679
    2         2            630            0.5        130.572        1.30572
    2         2            686            0.5        139.987        1.39987
    2         2            738            0.5        148.594        1.48594
    2         2            794            0.5         157.73         1.5773
    2         2            850            0.5        166.743        1.66743
    2         2            906            0.5        175.645        1.75645
    2         2            962            0.5        184.446        1.84446
    2         2           1022            0.5        193.774        1.93774
    2         2           1078            0.5        202.394        2.02394
    2         2           1138            0.5        211.546        2.11546
    2         3             98            0.5        13.3619       0.133619
    2         3            134            0.5        25.2993       0.252993
    2         3            178            0.5        37.3853       0.373853
    2         3            230            0.5        49.9515       0.499515
    2         3            282            0.5        61.5561       0.615561
    2         3            338            0.5         73.414        0.73414
    2         3            398            0.5        85.6284       0.856284
    2         3            458            0.5        97.4981       0.974981
    2         3            522            0.5        109.858        1.09858
    2         3            586            0.5        121.955        1.21955
    2         3            650            0.5        133.822        1.33822
    2         3            714            0.5        145.482        1.45482
    2         3            782            0.5        157.668        1.57668
    2         3            850            0.5        169.662        1.69662
    2         3            918            0.5        181.482        1.81482
    2         3            990            0.5        193.825        1.93825
    2         3           1058            0.5        205.334        2.05334
    2         3           1130            0.5        217.376        2.17376
    2         3           1206            0.5        229.942        2.29942
    2         3           1278            0.5        241.721        2.41721
    3         0             79            0.5        19.7117       0.197117
    3         0            115            0.5        30.3791       0.303791
    3         0            159            0.5        41.4633       0.414633
    3         0            207            0.5        52.2374       0.522374
    3         0            263            0.5        63.8542       0.638542
    3         0            319            0.5         74.818        0.74818
    3         0            375            0.5        85.3752       0.853752
    3         0            435            0.5          96.38         0.9638
    3         0            499            0.5        107.815        1.07815
    3         0            559            0.5        118.312        1.18312
    3         0            627            0.5        129.984        1.29984
    3         0            691            0.5        140.776        1.40776
    3         0            755            0.5        151.401        1.51401
    3         0            823            0.5        162.522        1.62522
    3         0            891            0.5        173.488        1.73488
    3         0            963            0.5        184.944        1.84944
    3         0           1031            0.5         195.63         1.9563
    3         0           1103            0.5        206.816        2.06816
    3         0           1175            0.5        217.881        2.17881
    3         0           1247            0.5        228.836        2.28836
    3         0           1319            0.5         239.69         2.3969
    3         1            106            0.5        23.2562       0.232562
    3         1            146            0.5        33.1608       0.331608
    3         1            190            0.5        43.5381       0.435381
    3         1            234            0.5        53.4658       0.534658
    3         1            282            0.5        63.8557       0.638557
    3         1            330            0.5        73.8133       0.738133
    3         1            378            0.5        83.4301       0.834301
    3         1            430            0.5        93.5136       0.935136
    3         1            482            0.5        103.296        1.03296
    3         1            538            0.5        113.549        1.13549
    3         1            594            0.5        123.551        1.23551
    3         1            650            0.5        133.336        1.33336
    3         1            710            0.5        143.614        1.43614
    3         1            770            0.5        153.706        1.53706
    3         1            830            0.5        163.638        1.63638
    3         1            890            0.5        173.431        1.73431
    3         1            954            0.5        183.742        1.83742
    3         1           1018            0.5        193.934        1.93934
    3         1           1078            0.5        203.393        2.03393
    3         1           1142            0.5        213.394        2.13394
    3         1           1210            0.5        223.933        2.23933
    3         1           1274            0.5        233.781        2.33781
    3         2             97            0.5        24.6744       0.246744
    3         2            127            0.5        35.1341       0.351341
    3         2            163            0.5         46.829        0.46829
    3         2            199            0.5        57.7996       0.577996
    3         2            235            0.5        68.2023       0.682023
    3         2            277            0.5        79.6975       0.796975
    3         2            319            0.5        90.6991       0.906991
    3         2            361            0.5        101.292        1.01292
    3         2            409            0.5        112.988        1.12988
    3         2            454            0.5        123.632        1.23632
    3         2            502            0.5        134.702        1.34702
    3         2            550            0.5         145.53         1.4553
    3         2            601            0.5        156.814        1.56814
    3         2            652            0.5        167.907        1.67907
    3         2            703            0.5        178.841        1.78841
    3         2            754            0.5        189.642        1.89642
    3         2            808            0.5        200.955        2.00955
    3         2            859            0.5        211.542        2.11542
    3         2            913            0.5        222.667        2.22667
    3         2            967            0.5        233.718        2.33718
    3         2           1021            0.5        244.709        2.44709
    3         3             75            0.5        15.0126       0.150126
    3         3            111            0.5        26.0514       0.260514
    3         3            155            0.5        37.3875       0.373875
    3         3            203            0.5         48.451        0.48451
    3         3            255            0.5        59.5614       0.595614
    3         3            311            0.5        70.8298       0.708298
    3         3            367            0.5        81.5427       0.815427
    3         3            427            0.5        92.5822       0.925822
    3         3            491            0.5        103.922        1.03922
    3         3            555            0.5        114.902        1.14902
    3         3            619            0.5        125.576        1.25576
    3         3            687            0.5        136.632        1.36632
    3         3            755            0.5        147.436        1.47436
    3         3            827            0.5        158.637        1.58637
    3         3            899            0.5        169.626        1.69626
    3         3            971            0.5        180.431        1.80431
    3         3           1047            0.5        191.662        1.91662
    3         3           1123            0.5        202.737        2.02737
    3         3           1199            0.5        213.675        2.13675
    3         3           1275            0.5        224.494        2.24494
    4         0            106            0.5        12.2187       0.122187
    4         0            146            0.5        23.7888       0.237888
    4         0            201            0.5        36.6642       0.366642
    4         0            261            0.5        48.7621       0.487621
    4         0            326            0.5        60.6802       0.606802
    4         0            396            0.5        72.6652       0.726652
    4         0            471            0.5        84.8679       0.848679
    4         0            546            0.5        96.5919       0.965919
    4         0            626            0.5        108.672        1.08672
    4         0            706            0.5        120.395        1.20395
    4         0            791            0.5         132.52         1.3252
    4         0            876            0.5        144.349        1.44349
    4         0            966            0.5        156.593        1.56593
    4         0           1056            0.5        168.583        1.68583
    4         0           1151            0.5        180.997        1.80997
    4         0           1241            0.5        192.555        1.92555
    4         0           1336            0.5        204.566        2.04566
    4         0           1431            0.5        216.405        2.16405
    4         0           1531            0.5        228.701        2.28701
    4         0           1631            0.5        240.847        2.40847
    4         0           1731            0.5         252.86         2.5286
    4         1             82            0.5        15.9131       0.159131
    4         1            117            0.5        24.8273       0.248273
    4         1            167            0.5        35.9802       0.359802
    4         1            217            0.5        45.8968       0.458968
    4         1            272            0.5        55.8569       0.558569
    4         1            332            0.5        65.9661       0.659661
    4         1            392            0.5        75.4813       0.754813
    4         1            457            0.5        85.3711       0.853711
    4         1            527            0.5        95.6552       0.956552
    4         1            597            0.5        105.658        1.05658
    4         1            667            0.5        115.445        1.15445
    4         1            742            0.5        125.739        1.25739
    4         1            817            0.5        135.867        1.35867
    4         1            892            0.5        145.853        1.45853
    4         1            967            0.5        155.713        1.55713
    4         1           1042            0.5        165.463        1.65463
    4         1           1122            0.5        175.752        1.75752
    4         1           1202            0.5        185.938        1.85938
    4         1           1277            0.5        195.402        1.95402
    4         1           1357            0.5        205.414        2.05414
    4         1           1442            0.5        215.965        2.15965
    4         1           1522            0.5        225.821        2.25821
    4         2            103            0.5        13.7821       0.137821
    4         2            143            0.5         24.328        0.24328
    4         2            188            0.5        34.7413       0.347413
    4         2            233            0.5        44.2029       0.442029
    4         2            288            0.5        54.9114       0.549114
    4         2            343            0.5         64.966        0.64966
    4         2            398            0.5        74.5055       0.745055
    4         2            458            0.5        84.5154       0.845154
    4         2            523            0.5        94.9799       0.949799
    4         2            583            0.5        104.363        1.04363
    4         2            648            0.5        114.287        1.14287
    4         2            718            0.5        124.738        1.24738
    4         2            788            0.5         134.98         1.3498
    4         2            853            0.5        144.328        1.44328
    4         2            928            0.5        154.944        1.54944
    4         2            998            0.5        164.705        1.64705
    4         2           1068            0.5         174.34         1.7434
    4         2           1143            0.5        184.537        1.84537
    4         2           1218            0.5        194.616        1.94616
    4         2           1293            0.5        204.589        2.04589
    4         2           1368            0.5        214.465        2.14465
    4         3             98            0.5        13.1859       0.131859
    4         3            138            0.5        24.3184       0.243184
    4         3            183            0.5        35.1578       0.351578
    4         3            233            0.5        45.9915       0.459915
    4         3            293            0.5        57.9553       0.579553
    4         3            348            0.5        68.2633       0.682633
    4         3            413            0.5        79.8173       0.798173
    4         3            478            0.5        90.9288       0.909288
    4         3            543            0.5        101.669        1.01669
    4         3            613            0.5        112.901        1.12901
    4         3            683            0.5        123.846        1.23846
    4         3            753            0.5        134.545        1.34545
    4         3            828            0.5        145.771        1.45771
    4         3            903            0.5         156.78         1.5678
    4         3            978            0.5        167.597        1.67597
    4         3           1058            0.5        178.946        1.78946
    4         3           1133            0.5        189.426        1.89426
    4         3           1213            0.5        200.452        2.00452
    4         3           1293            0.5        211.335        2.11335
    4         3           1378            0.5        222.758        2.22758
    4         3           1458            0.5        233.389        2.33389
    4         3           1543            0.5         244.57         2.4457
    5         0             89            0.5        18.3221       0.183221
    5         0            134            0.5        29.3172       0.293172
    5         0            189            0.5        40.8351       0.408351
    5         0            244            0.5        51.2707       0.512707
    5         0            309            0.5        62.8081       0.628081
    5         0            374            0.5        73.7323       0.737323
    5         0            439            0.5        84.2364       0.842364
    5         0            514            0.5        95.9326       0.959326
    5         0            584            0.5        106.532        1.06532
    5         0            659            0.5        117.594        1.17594
    5         0            734            0.5        128.392        1.28392
    5         0            814            0.5        139.656        1.39656
    5         0            894            0.5        150.686        1.50686
    5         0            974            0.5         161.51         1.6151
    5         0           1059            0.5        172.809        1.72809
    5         0           1144            0.5        183.922        1.83922
    5         0           1229            0.5        194.869        1.94869
    5         0           1314            0.5        205.666        2.05666
    5         0           1404            0.5        216.953        2.16953
    5         0           1489            0.5        227.489        2.27489
    5         0           1579            0.5        238.527        2.38527
    5         1             91            0.5        17.9314       0.179314
    5         1            133            0.5        26.2932       0.262932
    5         1            181            0.5         34.997        0.34997
    5         1            241            0.5        44.9557       0.449557
    5         1            295            0.5         53.266        0.53266
    5         1            361            0.5         62.786        0.62786
    5         1            427            0.5        71.7457       0.717457
    5         1            493            0.5        80.2535       0.802535
    5         1            571            0.5        89.8821       0.898821
    5         1            643            0.5        98.4198       0.984198
    5         1            721            0.5        107.384        1.07384
    5         1            805            0.5        116.761        1.16761
    5         1            889            0.5        125.903        1.25903
    5         1            973            0.5        134.852        1.34852
    5         1           1057            0.5        143.641        1.43641
    5         1           1147            0.5         152.91         1.5291
    5         1           1231            0.5        161.446        1.61446
    5         1           1321            0.5        170.488        1.70488
    5         1           1411            0.5         179.44         1.7944
    5         1           1507            0.5        188.906        1.88906
    5         1           1597            0.5        197.717        1.97717
    5         1           1687            0.5        206.476        2.06476
    5         2             78            0.5        14.6881       0.146881
    5         2            123            0.5        25.4131       0.254131
    5         2            173            0.5        35.3168       0.353168
    5         2            233            0.5        45.7833       0.457833
    5         2            293            0.5        55.4026       0.554026
    5         2            363            0.5        65.9904       0.659904
    5         2            428            0.5        75.3668       0.753668
    5         2            503            0.5         85.816        0.85816
    5         2            578            0.5        95.9413       0.959413
    5         2            653            0.5        105.803        1.05803
    5         2            728            0.5        115.431        1.15431
    5         2            808            0.5        125.472        1.25472
    5         2            893            0.5         135.91         1.3591
    5         2            973            0.5        145.537        1.45537
    5         2           1058            0.5        155.577        1.55577
    5         2           1143            0.5         165.44         1.6544
    5         2           1233            0.5        175.708        1.75708
    5         2           1323            0.5        185.812        1.85812
    5         2           1413            0.5        195.768        1.95768
    5         2           1503            0.5        205.588        2.05588
    5         3             98            0.5         14.118        0.14118
    5         3            154            0.5        23.5482       0.235482
    5         3            218            0.5        32.3602       0.323602
    5         3            298            0.5        41.8926       0.418926
    5         3            378            0.5        50.5344       0.505344
    5         3            466            0.5        59.4288       0.594288
    5         3            562            0.5        68.6351       0.686351
    5         3            658            0.5        77.4125       0.774125
    5         3            762            0.5        86.5879       0.865879
    5         3            866            0.5        95.4651       0.954651
    5         3            978            0.5        104.741        1.04741
    5         3           1090            0.5        113.761        1.13761
    5         3           1202            0.5        122.556        1.22556
    5         3           1322            0.5        131.759        1.31759
    5         3           1442            0.5        140.759        1.40759
    5         3           1562            0.5        149.578        1.49578
    5         3           1690            0.5        158.808        1.58808
    5         3           1818            0.5        167.874        1.67874
    5         3           1946            0.5        176.793        1.76793
    5         3           2074            0.5         185.58         1.8558
    5         3           2210            0.5        194.786        1.94786
    5         3           2346            0.5        203.872        2.03872
    6         0             70            0.5        16.2601       0.162601
    6         0            110            0.5        28.2361       0.282361
    6         0            160            0.5        40.6815       0.406815
    6         0            215            0.5        52.6619       0.526619
    6         0            275            0.5        64.5549       0.645549
    6         0            340            0.5        76.5111       0.765111
    6         0            410            0.5        88.6632       0.886632
    6         0            480            0.5        100.264        1.00264
    6         0            555            0.5        112.226        1.12226
    6         0            635            0.5        124.549        1.24549
    6         0            715            0.5        136.501        1.36501
    6         0            800            0.5        148.858        1.48858
    6         0            885            0.5        160.915        1.60915
    6         0            970            0.5        172.715        1.72715
    6         0           1060            0.5        184.967        1.84967
    6         0           1145            0.5        196.339        1.96339
    6         0           1240            0.5        208.849        2.08849
    6         0           1330            0.5        220.532        2.20532
    6         0           1425            0.5        232.708        2.32708
    6         0           1520            0.5        244.742        2.44742
    6         0           1615            0.5        256.655        2.56655
    6         1             77            0.5         15.269        0.15269
    6         1            125            0.5        27.8658       0.278658
    6         1            179            0.5        39.6839       0.396839
    6         1            239            0.5        51.4035       0.514035
    6         1            305            0.5        63.3761       0.633761
    6         1            377            0.5         75.714        0.75714
    6         1            449            0.5        87.5525       0.875525
    6         1            527            0.5        99.9407       0.999407
    6         1            605            0.5        111.978        1.11978
    6         1            683            0.5        123.712        1.23712
    6         1            761            0.5        135.185        1.35185
    6         1            845            0.5        147.285        1.47285
    6         1            935            0.5        159.989        1.59989
    6         1           1019            0.5        171.632        1.71632
    6         1           1109            0.5        183.905        1.83905
    6         1           1199            0.5        195.992        1.95992
    6         1           1289            0.5        207.914        2.07914
    6         1           1379            0.5         219.69         2.1969
    6         1           1469            0.5        231.335        2.31335
    6         1           1565            0.5        243.629        2.43629
    6         1           1661            0.5        255.806        2.55806
    6         2             86            0.5         18.946        0.18946
    6         2            121            0.5        27.7927       0.277927
    6         2            156            0.5        36.1744       0.361744
    6         2            196            0.5         44.999        0.44999
    6         2            241            0.5        54.1107       0.541107
    6         2            291            0.5        63.4367       0.634367
    6         2            346            0.5          72.93         0.7293
    6         2            401            0.5        81.8017       0.818017
    6         2            461            0.5        90.9786       0.909786
    6         2            521            0.5        99.6936       0.996936
    6         2            586            0.5        108.774        1.08774
    6         2            651            0.5         117.54         1.1754
    6         2            721            0.5          126.7          1.267
    6         2            791            0.5        135.625        1.35625
    6         2            866            0.5        144.979        1.44979
    6         2            936            0.5        153.552        1.53552
    6         2           1011            0.5        162.599        1.62599
    6         2           1086            0.5         171.53         1.7153
    6         2           1166            0.5        180.954        1.80954
    6         2           1241            0.5        189.712        1.89712
    6         2           1321            0.5        198.989        1.98989
    6         2           1396            0.5        207.639        2.07639
    6         3             87            0.5        17.3683       0.173683
    6         3            122            0.5         27.619        0.27619
    6         3            162            0.5        37.5292       0.375292
    6         3            207            0.5        47.2695       0.472695
    6         3            262            0.5        57.9506       0.579506
    6         3            317            0.5        67.8065       0.678065
    6         3            377            0.5        77.9157       0.779157
    6         3            437            0.5        87.6167       0.876167
    6         3            502            0.5        97.7894       0.977894
    6         3            567            0.5        107.706        1.07706
    6         3            632            0.5        117.412        1.17412
    6         3            702            0.5        127.668        1.27668
    6         3            772            0.5        137.747        1.37747
    6         3            842            0.5        147.669        1.47669
    6         3            912            0.5        157.452        1.57452
    6         3            987            0.5        167.794        1.67794
    6         3           1057            0.5        177.327        1.77327
    6         3           1132            0.5        187.426        1.87426
    6         3           1207            0.5        197.414        1.97414
    6         3           1287            0.5        207.958        2.07958
    6         3           1362            0.5        217.748        2.17748
    6         3           1437            0.5        227.455        2.27455
    7         0             97            0.5        18.9678       0.189678
    7         0            137            0.5        29.1783       0.291783
    7         0            187            0.5        39.7007       0.397007
    7         0            237            0.5         49.361        0.49361
    7         0            292            0.5        59.3914       0.593914
    7         0            352            0.5        69.7965       0.697965
    7         0            412            0.5         79.738        0.79738
    7         0            472            0.5        89.3352       0.893352
    7         0            537            0.5        99.3932       0.993932
    7         0            607            0.5        109.893        1.09893
    7         0            672            0.5        119.384        1.19384
    7         0            742            0.5        129.365        1.29365
    7         0            817            0.5        139.817        1.39817
    7         0            887            0.5        149.378        1.49378
    7         0            962            0.5        159.437        1.59437
    7         0           1042            0.5        169.982        1.69982
    7         0           1117            0.5        179.715        1.79715
    7         0           1197            0.5        189.953        1.89953
    7         0           1272            0.5        199.432        1.99432
    7         0           1352            0.5        209.427        2.09427
    7         0           1437            0.5        219.933        2.19933
    7         1             95            0.5        15.9854       0.159854
    7         1            130            0.5        24.9162       0.249162
    7         1            175            0.5        34.9707       0.349707
    7         1            230            0.5        45.8666       0.458666
    7         1            285            0.5        55.7679       0.557679
    7         1            345            0.5        65.8111       0.658111
    7         1            405            0.5        75.2533       0.752533
    7         1            475            0.5         85.771        0.85771
    7         1            545            0.5        95.8882       0.958882
    7         1            615            0.5        105.686        1.05686
    7         1            690            0.5        115.909        1.15909
    7         1            765            0.5        125.897        1.25897
    7         1            840            0.5        135.688        1.35688
    7         1            920            0.5        145.945        1.45945
    7         1            995            0.5        155.409        1.55409
    7         1           1080            0.5        165.978        1.65978
    7         1           1160            0.5        175.792        1.75792
    7         1           1240            0.5        185.489        1.85489
    7         1           1325            0.5        195.679        1.95679
    7         1           1410            0.5        205.764        2.05764
    7         2            110            0.5        14.5382       0.145382
    7         2            138            0.5        22.2195       0.222195
    7         2            174            0.5        30.9189       0.309189
    7         2            210            0.5        38.7858       0.387858
    7         2            250            0.5        46.8705       0.468705
    7         2            290            0.5        54.4653       0.544653
    7         2            334            0.5        62.3884       0.623884
    7         2            382            0.5        70.6184       0.706184
    7         2            430            0.5        78.4808       0.784808
    7         2            482            0.5        86.7086       0.867086
    7         2            534            0.5        94.6661       0.946661
    7         2            590            0.5         102.97         1.0297
    7         2            642            0.5        110.476        1.10476
    7         2            702            0.5        118.922        1.18922
    7         2            758            0.5        126.624        1.26624
    7         2            818            0.5        134.704        1.34704
    7         2            878            0.5        142.626        1.42626
    7         2            942            0.5         150.92         1.5092
    7         2           1002            0.5        158.565        1.58565
    7         2           1066            0.5        166.595        1.66595
    7         2           1134            0.5        174.999        1.74999
    7         2           1198            0.5        182.799        1.82799
    7         3             78            0.5        19.0895       0.190895
    7         3            122            0.5        29.5932       0.295932
    7         3            174            0.5         39.666        0.39666
    7         3            230            0.5        49.7603       0.497603
    7         3            286            0.5        59.4297       0.594297
    7         3            346            0.5        69.4526       0.694526
    7         3            410            0.5        79.7983       0.797983
    7         3            474            0.5        89.9022       0.899022
    7         3            538            0.5        99.7755       0.997755
    7         3            602            0.5        109.456        1.09456
    7         3            670            0.5        119.557        1.19557
    7         3            738            0.5        129.488        1.29488
    7         3            810            0.5        139.838        1.39838
    7         3            878            0.5        149.472        1.49472
    7         3            950            0.5        159.537        1.59537
    7         3           1022            0.5        169.474        1.69474
    7         3           1098            0.5        179.839        1.79839
    7         3           1170            0.5        189.549        1.89549
    7         3           1246            0.5        199.692        1.99692
    7         3           1322            0.5        209.737        2.09737
    8         0            103            0.5         13.631        0.13631
    8         0            135            0.5         22.032        0.22032
    8         0            175            0.5        31.2902       0.312902
    8         0            219            0.5        40.4778       0.404778
    8         0            267            0.5        49.7049       0.497049
    8         0            315            0.5        58.3377       0.583377
    8         0            371            0.5        67.8492       0.678492
    8         0            427            0.5        76.8499       0.768499
    8         0            483            0.5        85.4758       0.854758
    8         0            547            0.5        94.9603       0.949603
    8         0            607            0.5        103.553        1.03553
    8         0            675            0.5        112.995        1.12995
    8         0            739            0.5        121.639        1.21639
    8         0            807            0.5        130.601        1.30601
    8         0            879            0.5        139.874        1.39874
    8         0            951            0.5        148.953        1.48953
    8         0           1023            0.5        157.865        1.57865
    8         0           1095            0.5        166.628        1.66628
    8         0           1171            0.5        175.736        1.75736
    8         0           1247            0.5        184.715        1.84715
    8         0           1323            0.5         193.58         1.9358
    8         1            131            0.5        18.8314       0.188314
    8         1            171            0.5        26.7672       0.267672
    8         1            215            0.5        34.9842       0.349842
    8         1            259            0.5        42.7539       0.427539
    8         1            307            0.5        50.7924       0.507924
    8         1            355            0.5        58.4378       0.584378
    8         1            411            0.5        66.9251       0.669251
    8         1            467            0.5         74.975        0.74975
    8         1            523            0.5        82.6893       0.826893
    8         1            583            0.5        90.6376       0.906376
    8         1            647            0.5         98.792        0.98792
    8         1            711            0.5        106.684        1.06684
    8         1            779            0.5        114.821        1.14821
    8         1            847            0.5        122.743        1.22743
    8         1            919            0.5        130.934        1.30934
    8         1            991            0.5        138.954        1.38954
    8         1           1063            0.5        146.831        1.46831
    8         1           1135            0.5        154.586        1.54586
    8         1           1211            0.5        162.661        1.62661
    8         1           1287            0.5         170.64         1.7064
    8         1           1367            0.5        178.952        1.78952
    8         1           1443            0.5        186.778        1.86778
    8         2            105            0.5        13.2948       0.132948
    8         2            140            0.5        23.5327       0.235327
    8         2            180            0.5        33.2105       0.332105
    8         2            230            0.5        43.7097       0.437097
    8         2            280            0.5        53.2121       0.532121
    8         2            340            0.5        63.8295       0.638295
    8         2            400            0.5        73.8475       0.738475
    8         2            460            0.5        83.4283       0.834283
    8         2            525            0.5        93.4508       0.934508
    8         2            595            0.5        103.854        1.03854
    8         2            665            0.5        113.962        1.13962
    8         2            735            0.5        123.798        1.23798
    8         2            805            0.5        133.395        1.33395
    8         2            880            0.5        143.441        1.43441
    8         2            960            0.5        153.918        1.53918
    8         2           1035            0.5        163.539        1.63539
    8         2           1115            0.5        173.611        1.73611
    8         2           1195            0.5        183.504        1.83504
    8         2           1280            0.5        193.841        1.93841
    8         2           1360            0.5        203.421        2.03421
    8         2           1445            0.5        213.457        2.13457
    8         3            111            0.5        21.5197       0.215197
    8         3            138            0.5        28.3372       0.283372
    8         3            171            0.5        35.4889       0.354889
    8         3            207            0.5        42.7325       0.427325
    8         3            243            0.5        49.6461       0.496461
    8         3            282            0.5        56.8786       0.568786
    8         3            321            0.5        63.8972       0.638972
    8         3            360            0.5        70.7248       0.707248
    8         3            402            0.5         77.883        0.77883
    8         3            444            0.5        84.9077       0.849077
    8         3            486            0.5        91.7746       0.917746
    8         3            528            0.5        98.5259       0.985259
    8         3            573            0.5        105.639        1.05639
    8         3            618            0.5        112.637        1.12637
    8         3            666            0.5        119.986        1.19986
    8         3            711            0.5        126.776        1.26776
    8         3            759            0.5        133.922        1.33922
    8         3            807            0.5        140.976        1.40976
    8         3            855            0.5        147.944        1.47944
    8         3            903            0.5        154.834        1.54834
    8         3            951            0.5         161.65         1.6165
    9         0            109            0.5        17.1523       0.171523
    9         0            141            0.5        25.5603       0.255603
    9         0            181            0.5          33.86         0.3386
    9         0            221            0.5        41.3933       0.413933
    9         0            269            0.5        49.9211       0.499211
    9         0            313            0.5         57.412        0.57412
    9         0            365            0.5        65.9754       0.659754
    9         0            413            0.5        73.6024       0.736024
    9         0            465            0.5        81.6721       0.816721
    9         0            517            0.5         89.544        0.89544
    9         0            573            0.5        97.8136       0.978136
    9         0            629            0.5        105.929        1.05929
    9         0            685            0.5        113.891        1.13891
    9         0            741            0.5        121.716        1.21716
    9         0            801            0.5        129.961        1.29961
    9         0            857            0.5        137.539        1.37539
    9         0            917            0.5        145.541        1.45541
    9         0            981            0.5        153.956        1.53956
    9         0           1041            0.5         161.74         1.6174
    9         0           1105            0.5        169.939        1.69939
    9         0           1165            0.5        177.536        1.77536
    9         0           1229            0.5        185.551        1.85551
    9         1             96            0.5        20.1276       0.201276
    9         1            136            0.5        29.7822       0.297822
    9         1            180            0.5        38.3623       0.383623
    9         1            232            0.5         47.655        0.47655
    9         1            284            0.5        56.4763       0.564763
    9         1            340            0.5        65.6362       0.656362
    9         1            396            0.5        74.4919       0.744919
    9         1            456            0.5        83.7473       0.837473
    9         1            516            0.5        92.8054       0.928054
    9         1            576            0.5        101.672        1.01672
    9         1            640            0.5        110.972        1.10972
    9         1            700            0.5        119.551        1.19551
    9         1            764            0.5        128.567        1.28567
    9         1            828            0.5        137.458        1.37458
    9         1            896            0.5        146.779        1.46779
    9         1            964            0.5        155.982        1.55982
    9         1           1028            0.5        164.543        1.64543
    9         1           1096            0.5        173.542        1.73542
    9         1           1168            0.5        182.968        1.82968
    9         1           1236            0.5         191.78         1.9178
    9         1           1304            0.5        200.512        2.00512
    9         2            123            0.5         22.391        0.22391
    9         2            167            0.5        31.7901       0.317901
    9         2            219            0.5        40.9748       0.409748
    9         2            271            0.5        49.4722       0.494722
    9         2            331            0.5        58.8326       0.588326
    9         2            391            0.5        67.8708       0.678708
    9         2            451            0.5        76.6303       0.766303
    9         2            515            0.5        85.7615       0.857615
    9         2            579            0.5        94.7099       0.947099
    9         2            643            0.5        103.505        1.03505
    9         2            711            0.5        112.701        1.12701
    9         2            779            0.5         121.76         1.2176
    9         2            847            0.5        130.696        1.30696
    9         2            915            0.5        139.522        1.39522
    9         2            987            0.5        148.757        1.48757
    9         2           1059            0.5        157.889        1.57889
    9         2           1131            0.5        166.927        1.66927
    9         2           1203            0.5        175.876        1.75876
    9         2           1275            0.5        184.745        1.84745
    9         2           1347            0.5        193.539        1.93539
    9         2           1423            0.5        202.746        2.02746
    9         3            112            0.5        17.8786       0.178786
    9         3            136            0.5        24.4877       0.244877
    9         3            169            0.5        31.8047       0.318047
    9         3            205            0.5        38.9125       0.389125
    9         3            241            0.5        45.5544       0.455544
    9         3            283            0.5         52.934        0.52934
    9         3            322            0.5        59.5268       0.595268
    9         3            367            0.5        66.8941       0.668941
    9         3            409            0.5        73.5484       0.735484
    9         3            457            0.5        80.9771       0.809771
    9         3            502            0.5        87.7786       0.877786
    9         3            550            0.5        94.8689       0.948689
    9         3            598            0.5         101.84         1.0184
    9         3            646            0.5        108.692        1.08692
    9         3            697            0.5        115.853        1.15853
    9         3            748            0.5        122.905        1.22905
    9         3            799            0.5        129.857        1.29857
    9         3            850            0.5        136.717        1.36717
    9         3            904            0.5         143.89         1.4389
    9         3            958            0.5        150.975        1.50975
    9         3           1012            0.5         157.98         1.5798
    9         3           1066            0.5        164.912        1.64912
    9         3           1120            0.5        171.774        1.71774
   10         0             99            0.5        10.9309       0.109309
   10         0            127            0.5        18.6043       0.186043
   10         0            159            0.5        25.9811       0.259811
   10         0            191            0.5        32.4747       0.324747
   10         0            231            0.5        39.8348       0.398348
   10         0            271            0.5        46.6607       0.466607
   10         0            315            0.5        53.7635       0.537635
   10         0            359            0.5        60.5608       0.605608
   10         0            407            0.5        67.7022       0.677022
   10         0            455            0.5        74.5999       0.745999
   10         0            507            0.5        81.8613       0.818613
   10         0            559            0.5        88.9254       0.889254
   10         0            611            0.5         95.833        0.95833
   10         0            663            0.5         102.58         1.0258
   10         0            719            0.5        109.692        1.09692
   10         0            775            0.5        116.659        1.16659
   10         0            835            0.5        123.977        1.23977
   10         0            891            0.5         130.68         1.3068
   10         0            951            0.5        137.739        1.37739
   10         0           1011            0.5        144.679        1.44679
   10         0           1075            0.5        151.961        1.51961
   10         0           1135            0.5        158.684        1.58684
   10         1            106            0.5        17.1285       0.171285
   10         1            142            0.5        25.7702       0.257702
   10         1            186            0.5        33.9976       0.339976
   10         1            230            0.5          41.45         0.4145
   10         1            282            0.5        49.7698       0.497698
   10         1            334            0.5        57.7522       0.577522
   10         1            386            0.5        65.4974       0.654974
   10         1            442            0.5        73.5851       0.735851
   10         1            498            0.5        81.4927       0.814927
   10         1            558            0.5        89.7885       0.897885
   10         1            618            0.5         97.932        0.97932
   10         1            678            0.5        105.929        1.05929
   10         1            738            0.5        113.801        1.13801
   10         1            798            0.5        121.561        1.21561
   10         1            862            0.5        129.725        1.29725
   10         1            926            0.5        137.781        1.37781
   10         1            990            0.5        145.739        1.45739
   10         1           1054            0.5        153.606        1.53606
   10         1           1122            0.5        161.871        1.61871
   10         1           1186            0.5        169.568        1.69568
   10         2            121            0.5          11.92         0.1192
   10         2            153            0.5        19.2318       0.192318
   10         2            193            0.5        27.4197       0.274197
   10         2            237            0.5        35.7277       0.357277
   10         2            281            0.5        43.5147       0.435147
   10         2            329            0.5        51.5392       0.515392
   10         2            381            0.5        59.7795       0.597795
   10         2            433            0.5         67.624        0.67624
   10         2            489            0.5        75.6635       0.756635
   10         2            549            0.5        83.9185       0.839185
   10         2            609            0.5        91.8546       0.918546
   10         2            669            0.5         99.516        0.99516
   10         2            737            0.5        107.919        1.07919
   10         2            801            0.5        115.596        1.15596
   10         2            869            0.5        123.541        1.23541
   10         2            941            0.5        131.747        1.31747
   10         2           1013            0.5        139.771        1.39771
   10         2           1085            0.5        147.636        1.47636
   10         2           1161            0.5        155.787        1.55787
   10         2           1237            0.5        163.804        1.63804
   10         2           1313            0.5        171.703        1.71703
   10         3            105            0.5        20.6582       0.206582
   10         3            137            0.5        27.2621       0.272621
   10         3            173            0.5        34.3845       0.343845
   10         3            213            0.5        41.9791       0.419791
   10         3            249            0.5        48.5643       0.485643
   10         3            289            0.5        55.6434       0.556434
   10         3            329            0.5        62.4937       0.624937
   10         3            373            0.5         69.786        0.69786
   10         3            417            0.5        76.8333       0.768333
   10         3            461            0.5         83.704        0.83704
   10         3            509            0.5        90.9755       0.909755
   10         3            553            0.5        97.5071       0.975071
   10         3            601            0.5        104.453        1.04453
   10         3            653            0.5        111.809        1.11809
   10         3            701            0.5        118.458        1.18458
   10         3            753            0.5        125.523        1.25523
   10         3            809            0.5        132.986        1.32986
   10         3            861            0.5        139.794        1.39794
   10         3            913            0.5        146.495        1.46495
   10         3            969            0.5        153.602        1.53602
   10         3           1025            0.5        160.605        1.60605
   10         3           1081            0.5        167.513        1.67513
   10         3           1141            0.5        174.818        1.74818
   11         0            135            0.5         15.964        0.15964
   11         0            162            0.5        23.2605       0.232605
   11         0            198            0.5        31.9247       0.319247
   11         0            234            0.5        39.8217       0.398217
   11         0            273            0.5        47.7853       0.477853
   11         0            315            0.5        55.8475       0.558475
   11         0            357            0.5        63.4942       0.634942
   11         0            405            0.5        71.8054       0.718054
   11         0            453            0.5          79.75         0.7975
   11         0            504            0.5        87.8553       0.878553
   11         0            555            0.5         95.675        0.95675
   11         0            609            0.5        103.702        1.03702
   11         0            666            0.5        111.929        1.11929
   11         0            723            0.5        119.938        1.19938
   11         0            780            0.5         127.76         1.2776
   11         0            840            0.5        135.817        1.35817
   11         0            900            0.5        143.718        1.43718
   11         0            963            0.5        151.867        1.51867
   11         0           1026            0.5        159.883        1.59883
   11         0           1089            0.5        167.784        1.67784
   11         1            116            0.5        29.7131       0.297131
   11         1            158            0.5        36.9114       0.369114
   11         1            197            0.5        43.5303       0.435303
   11         1            239            0.5        50.5734       0.505734
   11         1            281            0.5        57.5176       0.575176
   11         1            326            0.5        64.8311       0.648311
   11         1            371            0.5        71.9779       0.719779
   11         1            416            0.5        78.9744       0.789744
   11         1            461            0.5         85.827        0.85827
   11         1            509            0.5        92.9776       0.929776
   11         1            557            0.5        99.9807       0.999807
   11         1            605            0.5        106.843        1.06843
   11         1            656            0.5        113.994        1.13994
   11         1            704            0.5        120.606        1.20606
   11         1            758            0.5        127.923        1.27923
   11         1            809            0.5        134.733        1.34733
   11         1            863            0.5        141.852        1.41852
   11         1            917            0.5        148.893        1.48893
   11         1            971            0.5        155.871        1.55871
   11         1           1025            0.5        162.799        1.62799
   11         1           1079            0.5        169.688        1.69688
   11         2            132            0.5        19.3746       0.193746
   11         2            162            0.5        25.5831       0.255831
   11         2            198            0.5        31.6891       0.316891
   11         2            237            0.5        37.7581       0.377581
   11         2            279            0.5        43.9704       0.439704
   11         2            321            0.5        49.9674       0.499674
   11         2            363            0.5        55.8088       0.558088
   11         2            408            0.5        61.9305       0.619305
   11         2            453            0.5         67.932        0.67932
   11         2            498            0.5        73.7944       0.737944
   11         2            546            0.5        79.9555       0.799555
   11         2            591            0.5        85.6473       0.856473
   11         2            639            0.5        91.6238       0.916238
   11         2            690            0.5        97.8896       0.978896
   11         2            738            0.5        103.718        1.03718
   11         2            789            0.5        109.839        1.09839
   11         2            840            0.5        115.891        1.15891
   11         2            891            0.5        121.878        1.21878
   11         2            942            0.5        127.805        1.27805
   11         2            993            0.5        133.676        1.33676
   11         2           1047            0.5        139.834        1.39834
   11         2           1101            0.5        145.937        1.45937
   11         3            105            0.5        21.6109       0.216109
   11         3            141            0.5        28.7038       0.287038
   11         3            181            0.5        35.6512       0.356512
   11         3            225            0.5        42.9062       0.429062
   11         3            269            0.5        49.9035       0.499035
   11         3            313            0.5        56.6936       0.566936
   11         3            361            0.5        63.9007       0.639007
   11         3            409            0.5        70.9091       0.709091
   11         3            457            0.5        77.7466       0.777466
   11         3            509            0.5        84.9839       0.849839
   11         3            557            0.5        91.5106       0.915106
   11         3            613            0.5        98.9791       0.989791
   11         3            665            0.5         105.78         1.0578
   11         3            721            0.5         112.97         1.1297
   11         3            773            0.5        119.531        1.19531
   11         3            833            0.5        126.975        1.26975
   11         3            889            0.5         133.81         1.3381
   11         3            945            0.5        140.544        1.40544
   11         3           1005            0.5        147.655        1.47655
   11         3           1065            0.5        154.665        1.54665
   11         3           1125            0.5        161.582        1.61582
