 *tel    numcsi   CsIInChannel     errCsIInChannel           CsIE       errCsIE
    0         0             92            0.5        14.2663       0.142663
    0         0            152            0.5        27.8964       0.278964
    0         0            218            0.5        40.4665       0.404665
    0         0            290            0.5        53.3065       0.533065
    0         0            368            0.5        66.7817       0.667817
    0         0            440            0.5        79.0023       0.790023
    0         0            518            0.5        92.0818       0.920818
    0         0            596            0.5        105.021        1.05021
    0         0            680            0.5        118.813        1.18813
    0         0            758            0.5        131.502        1.31502
    0         0            836            0.5        144.086        1.44086
    0         0            920            0.5        157.536        1.57536
    0         0           1004            0.5         170.89         1.7089
    0         0           1082            0.5        183.218        1.83218
    0         0           1166            0.5        196.425        1.96425
    0         0           1250            0.5        209.574        2.09574
    0         0           1334            0.5        222.673        2.22673
    0         0           1418            0.5        235.733        2.35733
    0         0           1502            0.5        248.762        2.48762
    0         0           1586            0.5        261.768        2.61768
    0         0           1670            0.5         274.76         2.7476
    0         1             76            0.5        14.1701       0.141701
    0         1            148            0.5        29.0397       0.290397
    0         1            226            0.5        44.4231       0.444231
    0         1            304            0.5        59.2616       0.592616
    0         1            388            0.5        74.6714       0.746714
    0         1            472            0.5        89.6639       0.896639
    0         1            556            0.5        104.321        1.04321
    0         1            646            0.5        119.726        1.19726
    0         1            736            0.5        134.877        1.34877
    0         1            826            0.5        149.823        1.49823
    0         1            916            0.5        164.599        1.64599
    0         1           1006            0.5        179.237        1.79237
    0         1           1102            0.5        194.727        1.94727
    0         1           1192            0.5        209.156        2.09156
    0         1           1288            0.5        224.467        2.24467
    0         1           1384            0.5        239.716        2.39716
    0         1           1480            0.5        254.918        2.54918
    0         1           1570            0.5         269.14         2.6914
    0         1           1666            0.5        284.291        2.84291
    0         1           1762            0.5        299.433        2.99433
    0         1           1858            0.5        314.578        3.14578
    0         2             93            0.5        15.0039       0.150039
    0         2            165            0.5        29.4894       0.294894
    0         2            237            0.5        43.2028       0.432028
    0         2            315            0.5        57.6035       0.576035
    0         2            393            0.5        71.5443       0.715443
    0         2            471            0.5        85.1515       0.851515
    0         2            555            0.5         99.497        0.99497
    0         2            639            0.5        113.574        1.13574
    0         2            723            0.5        127.423        1.27423
    0         2            807            0.5        141.077        1.41077
    0         2            897            0.5        155.522        1.55522
    0         2            987            0.5        169.803        1.69803
    0         2           1077            0.5        183.944        1.83944
    0         2           1167            0.5        197.965        1.97965
    0         2           1257            0.5        211.885        2.11885
    0         2           1347            0.5         225.72         2.2572
    0         2           1437            0.5        239.482        2.39482
    0         2           1527            0.5        253.184        2.53184
    0         2           1623            0.5        267.746        2.67746
    0         2           1713            0.5        281.358        2.81358
    0         2           1809            0.5        295.844        2.95844
    0         2           1899            0.5        309.403        3.09403
    0         3             45            0.5        16.2179       0.162179
    0         3            111            0.5        29.9043       0.299043
    0         3            183            0.5        43.8726       0.438726
    0         3            261            0.5        58.5442       0.585442
    0         3            339            0.5        72.7591       0.727591
    0         3            417            0.5        86.6585       0.866585
    0         3            495            0.5          100.3          1.003
    0         3            579            0.5        114.751        1.14751
    0         3            663            0.5        128.997        1.28997
    0         3            741            0.5        142.069        1.42069
    0         3            831            0.5        156.996        1.56996
    0         3            915            0.5          170.8          1.708
    0         3            999            0.5        184.501        1.84501
    0         3           1083            0.5        198.116        1.98116
    0         3           1173            0.5        212.625        2.12625
    0         3           1257            0.5        226.106        2.26106
    0         3           1347            0.5        240.499        2.40499
    0         3           1437            0.5         254.85         2.5485
    0         3           1521            0.5        268.217        2.68217
    0         3           1611            0.5         282.52         2.8252
    0         3           1701            0.5         296.81         2.9681
    1         0            106            0.5        12.8682       0.128682
    1         0            176            0.5        28.7906       0.287906
    1         0            274            0.5        46.8491       0.468491
    1         0            372            0.5        63.5711       0.635711
    1         0            477            0.5         80.914        0.80914
    1         0            582            0.5        97.9258       0.979258
    1         0            687            0.5        114.675        1.14675
    1         0            792            0.5        131.197        1.31197
    1         0            904            0.5        148.599        1.48599
    1         0           1016            0.5        165.805        1.65805
    1         0           1128            0.5        182.844        1.82844
    1         0           1240            0.5        199.744        1.99744
    1         0           1352            0.5        216.529        2.16529
    1         0           1464            0.5        233.222        2.33222
    1         0           1583            0.5         250.88         2.5088
    1         0           1695            0.5        267.444        2.67444
    1         0           1807            0.5        283.971        2.83971
    1         0           1926            0.5        301.508        3.01508
    1         0           2038            0.5        318.006        3.18006
    1         0           2157            0.5        335.539        3.35539
    1         0           2269            0.5        352.056        3.52056
    1         1             93            0.5        14.8179       0.148179
    1         1            189            0.5        32.6364       0.326364
    1         1            285            0.5        49.8898       0.498898
    1         1            381            0.5        66.6379       0.666379
    1         1            477            0.5        82.9334       0.829334
    1         1            581            0.5        100.196        1.00196
    1         1            685            0.5        117.123        1.17123
    1         1            789            0.5         133.77         1.3377
    1         1            901            0.5        151.434        1.51434
    1         1           1013            0.5         168.87         1.6887
    1         1           1117            0.5        184.889        1.84889
    1         1           1229            0.5        201.985        2.01985
    1         1           1341            0.5        218.947        2.18947
    1         1           1453            0.5          235.8          2.358
    1         1           1573            0.5        253.758        2.53758
    1         1           1685            0.5        270.447        2.70447
    1         1           1797            0.5        287.082        2.87082
    1         1           1917            0.5        304.862        3.04862
    1         1           2029            0.5        321.432        3.21432
    1         1           2141            0.5        337.989        3.37989
    1         1           2261            0.5        355.724        3.55724
    1         2             84            0.5        16.8245       0.168245
    1         2            162            0.5        31.8861       0.318861
    1         2            240            0.5        46.4905       0.464905
    1         2            324            0.5        61.7858       0.617858
    1         2            408            0.5          76.64         0.7664
    1         2            492            0.5        91.1733       0.911733
    1         2            582            0.5        106.449        1.06449
    1         2            672            0.5        121.471        1.21471
    1         2            762            0.5        136.279        1.36279
    1         2            858            0.5        151.876        1.51876
    1         2            948            0.5        166.342        1.66342
    1         2           1044            0.5        181.632        1.81632
    1         2           1140            0.5        196.801        1.96801
    1         2           1236            0.5        211.869        2.11869
    1         2           1332            0.5        226.856        2.26856
    1         2           1428            0.5        241.775        2.41775
    1         2           1524            0.5        256.642        2.56642
    1         2           1620            0.5        271.469        2.71469
    1         2           1716            0.5        286.266        2.86266
    1         2           1818            0.5        301.967        3.01967
    1         3            104            0.5         14.423        0.14423
    1         3            170            0.5        28.9962       0.289962
    1         3            248            0.5        44.5208       0.445208
    1         3            326            0.5        59.3244       0.593244
    1         3            410            0.5         74.645        0.74645
    1         3            494            0.5         89.542        0.89542
    1         3            578            0.5        104.112        1.04112
    1         3            668            0.5        119.437        1.19437
    1         3            758            0.5        134.525        1.34525
    1         3            848            0.5        149.423        1.49423
    1         3            938            0.5        164.167        1.64167
    1         3           1034            0.5        179.757        1.79757
    1         3           1124            0.5        194.269        1.94269
    1         3           1220            0.5        209.663        2.09663
    1         3           1316            0.5        224.987        2.24987
    1         3           1406            0.5        239.307        2.39307
    1         3           1502            0.5        254.547        2.54547
    1         3           1598            0.5        269.764        2.69764
    1         3           1694            0.5        284.969        2.84969
    1         3           1784            0.5        299.224        2.99224
    1         3           1880            0.5        314.439        3.14439
    2         0             74            0.5        12.5023       0.125023
    2         0            134            0.5        26.1554       0.261554
    2         0            212            0.5        40.9131       0.409131
    2         0            290            0.5        54.9641       0.549641
    2         0            368            0.5          68.68         0.6868
    2         0            446            0.5        82.1436       0.821436
    2         0            530            0.5        96.3873       0.963873
    2         0            614            0.5        110.382        1.10382
    2         0            698            0.5        124.146        1.24146
    2         0            788            0.5        138.666        1.38666
    2         0            878            0.5        152.976        1.52976
    2         0            962            0.5        166.168        1.66168
    2         0           1052            0.5         180.15         1.8015
    2         0           1148            0.5        194.916        1.94916
    2         0           1238            0.5        208.641        2.08641
    2         0           1328            0.5         222.27         2.2227
    2         0           1424            0.5        236.721        2.36721
    2         0           1514            0.5        250.201        2.50201
    2         0           1610            0.5        264.523        2.64523
    2         0           1706            0.5        278.799        2.78799
    2         0           1796            0.5        292.153        2.92153
    2         1            102            0.5        11.0611       0.110611
    2         1            157            0.5        25.5653       0.255653
    2         1            222            0.5        39.9656       0.399656
    2         1            287            0.5        53.2637       0.532637
    2         1            362            0.5        67.9186       0.679186
    2         1            432            0.5        81.2033       0.812033
    2         1            507            0.5        95.1628       0.951628
    2         1            587            0.5        109.819        1.09819
    2         1            662            0.5        123.386        1.23386
    2         1            742            0.5        137.708        1.37708
    2         1            822            0.5        151.904        1.51904
    2         1            897            0.5        165.122        1.65122
    2         1            977            0.5        179.141        1.79141
    2         1           1062            0.5        193.967        1.93967
    2         1           1142            0.5        207.872        2.07872
    2         1           1222            0.5        221.743        2.21743
    2         1           1302            0.5        235.593        2.35593
    2         1           1382            0.5        249.432        2.49432
    2         1           1462            0.5        263.271        2.63271
    2         1           1547            0.5        277.983        2.77983
    2         1           1627            0.5        291.846        2.91846
    2         2             76            0.5        14.4575       0.144575
    2         2            131            0.5        25.4867       0.254867
    2         2            186            0.5         36.071        0.36071
    2         2            246            0.5        47.2212       0.472212
    2         2            311            0.5         58.912        0.58912
    2         2            371            0.5        69.3395       0.693395
    2         2            436            0.5        80.3581       0.803581
    2         2            506            0.5        91.9545       0.919545
    2         2            571            0.5        102.515        1.02515
    2         2            641            0.5        113.703        1.13703
    2         2            711            0.5         124.73         1.2473
    2         2            781            0.5        135.621        1.35621
    2         2            851            0.5        146.398        1.46398
    2         2            926            0.5         157.84         1.5784
    2         2            996            0.5        168.435        1.68435
    2         2           1071            0.5        179.714        1.79714
    2         2           1146            0.5        190.929        1.90929
    2         2           1216            0.5         201.35         2.0135
    2         2           1291            0.5        212.475        2.12475
    2         2           1366            0.5        223.567        2.23567
    2         2           1441            0.5        234.635        2.34635
    2         3             99            0.5        10.9074       0.109074
    2         3            154            0.5        24.9568       0.249568
    2         3            214            0.5        37.4007       0.374007
    2         3            284            0.5        50.8324       0.508324
    2         3            354            0.5        63.7748       0.637748
    2         3            424            0.5        76.4007       0.764007
    2         3            499            0.5        89.6778       0.896778
    2         3            574            0.5        102.731        1.02731
    2         3            649            0.5        115.585        1.15585
    2         3            724            0.5        128.261        1.28261
    2         3            804            0.5        141.608        1.41608
    2         3            884            0.5        154.798        1.54798
    2         3            964            0.5         167.85         1.6785
    2         3           1044            0.5        180.784        1.80784
    2         3           1124            0.5        193.615        1.93615
    2         3           1204            0.5         206.36         2.0636
    2         3           1289            0.5        219.822        2.19822
    2         3           1369            0.5         232.43         2.3243
    2         3           1454            0.5        245.771        2.45771
    2         3           1534            0.5        258.287        2.58287
    2         3           1619            0.5        271.552        2.71552
    2         3           1704            0.5        284.793        2.84793
    3         0             76            0.5        12.7526       0.127526
    3         0            126            0.5        24.6772       0.246772
    3         0            181            0.5        35.5865       0.355865
    3         0            241            0.5        46.5189       0.465189
    3         0            306            0.5        57.8775       0.578775
    3         0            371            0.5        68.8737       0.688737
    3         0            436            0.5        79.6579       0.796579
    3         0            501            0.5        90.2687       0.902687
    3         0            571            0.5        101.529        1.01529
    3         0            641            0.5        112.636        1.12636
    3         0            711            0.5        123.609        1.23609
    3         0            781            0.5         134.46         1.3446
    3         0            856            0.5        145.967        1.45967
    3         0            926            0.5         156.61         1.5661
    3         0           1001            0.5        167.921        1.67921
    3         0           1071            0.5        178.402        1.78402
    3         0           1146            0.5        189.562        1.89562
    3         0           1221            0.5        200.659        2.00659
    3         0           1296            0.5        211.703        2.11703
    3         0           1371            0.5        222.701        2.22701
    3         0           1446            0.5        233.662        2.33662
    3         1            106            0.5        14.7695       0.147695
    3         1            146            0.5        23.5077       0.235077
    3         1            190            0.5         32.665        0.32665
    3         1            234            0.5        41.4396       0.414396
    3         1            282            0.5        50.6548       0.506548
    3         1            330            0.5        59.5376       0.595376
    3         1            382            0.5        68.8078       0.688078
    3         1            434            0.5        77.8185       0.778185
    3         1            486            0.5        86.6141       0.866141
    3         1            542            0.5        95.8899       0.958899
    3         1            594            0.5        104.354        1.04354
    3         1            654            0.5        113.975        1.13975
    3         1            710            0.5        122.841        1.22841
    3         1            766            0.5        131.616        1.31616
    3         1            826            0.5        140.938        1.40938
    3         1            882            0.5        149.577        1.49577
    3         1            942            0.5        158.782        1.58782
    3         1           1002            0.5        167.944        1.67944
    3         1           1058            0.5        176.467        1.76467
    3         1           1118            0.5        185.575        1.85575
    3         1           1178            0.5        194.666        1.94666
    3         1           1238            0.5        203.747        2.03747
    3         2             97            0.5        16.1008       0.161008
    3         2            133            0.5         26.825        0.26825
    3         2            169            0.5        36.8836       0.368836
    3         2            205            0.5        46.4655       0.464655
    3         2            244            0.5        56.4232       0.564232
    3         2            286            0.5        66.7018       0.667018
    3         2            328            0.5        76.6585       0.766585
    3         2            370            0.5        86.3646       0.863646
    3         2            415            0.5        96.5468       0.965468
    3         2            460            0.5        106.552        1.06552
    3         2            505            0.5        116.418        1.16418
    3         2            553            0.5        126.821        1.26821
    3         2            598            0.5        136.485        1.36485
    3         2            646            0.5        146.719        1.46719
    3         2            694            0.5        156.896        1.56896
    3         2            739            0.5        166.397        1.66397
    3         2            787            0.5        176.501        1.76501
    3         2            835            0.5        186.585        1.86585
    3         2            883            0.5        196.657        1.96657
    3         2            931            0.5        206.726        2.06726
    3         2            979            0.5        216.798        2.16798
    3         3             76            0.5        11.3882       0.113882
    3         3            121            0.5        22.2028       0.222028
    3         3            176            0.5        33.3991       0.333991
    3         3            236            0.5        44.6643       0.446643
    3         3            296            0.5        55.4054       0.554054
    3         3            361            0.5          66.55         0.6655
    3         3            426            0.5        77.3338       0.773338
    3         3            496            0.5        88.6308       0.886308
    3         3            566            0.5        99.6625       0.996625
    3         3            636            0.5        110.477        1.10477
    3         3            711            0.5        121.866        1.21866
    3         3            781            0.5        132.342        1.32342
    3         3            856            0.5         143.43         1.4343
    3         3            931            0.5        154.404        1.54404
    3         3           1006            0.5        165.282        1.65282
    3         3           1086            0.5          176.8          1.768
    3         3           1161            0.5        187.535        1.87535
    3         3           1241            0.5        198.932        1.98932
    3         3           1316            0.5        209.578        2.09578
    3         3           1396            0.5        220.904        2.20904
    3         3           1471            0.5        231.503        2.31503
    4         0            106            0.5        8.75763      0.0875763
    4         0            156            0.5        20.1196       0.201196
    4         0            221            0.5        31.8648       0.318648
    4         0            286            0.5        42.3695       0.423695
    4         0            361            0.5        53.8277       0.538277
    4         0            436            0.5        64.8047       0.648047
    4         0            511            0.5        75.4453       0.754453
    4         0            591            0.5          86.51         0.8651
    4         0            676            0.5        97.9993       0.979993
    4         0            756            0.5        108.599        1.08599
    4         0            841            0.5        119.668        1.19668
    4         0            926            0.5        130.563        1.30563
    4         0           1016            0.5        141.939        1.41939
    4         0           1101            0.5        152.551        1.52551
    4         0           1191            0.5        163.669        1.63669
    4         0           1281            0.5        174.683        1.74683
    4         0           1371            0.5        185.607        1.85607
    4         0           1461            0.5        196.457        1.96457
    4         0           1556            0.5        207.841        2.07841
    4         0           1646            0.5        218.573        2.18573
    4         0           1741            0.5        229.855        2.29855
    4         1             78            0.5        10.3031       0.103031
    4         1            132            0.5        21.7475       0.217475
    4         1            192            0.5         32.285        0.32285
    4         1            264            0.5        43.4365       0.434365
    4         1            342            0.5        54.6162       0.546162
    4         1            420            0.5        65.2622       0.652622
    4         1            504            0.5        76.3988       0.763988
    4         1            588            0.5        87.3228       0.873228
    4         1            678            0.5        98.8596       0.988596
    4         1            762            0.5        109.505        1.09505
    4         1            852            0.5        120.801        1.20801
    4         1            936            0.5        131.258        1.31258
    4         1           1026            0.5        142.379        1.42379
    4         1           1116            0.5        153.427        1.53427
    4         1           1206            0.5        164.411        1.64411
    4         1           1296            0.5        175.339        1.75339
    4         1           1392            0.5        186.941        1.86941
    4         1           1482            0.5        197.776        1.97776
    4         1           1572            0.5        208.576        2.08576
    4         1           1662            0.5        219.347        2.19347
    4         1           1758            0.5        230.811        2.30811
    4         2            104            0.5        9.99524      0.0999524
    4         2            158            0.5        21.7973       0.217973
    4         2            218            0.5        32.9401       0.329401
    4         2            278            0.5        43.0596       0.430596
    4         2            350            0.5        54.4832       0.544832
    4         2            422            0.5        65.3594       0.653594
    4         2            500            0.5        76.7535       0.767535
    4         2            578            0.5         87.866        0.87866
    4         2            656            0.5        98.7646       0.987646
    4         2            734            0.5        109.492        1.09492
    4         2            818            0.5        120.885        1.20885
    4         2            896            0.5        131.341        1.31341
    4         2            980            0.5        142.487        1.42487
    4         2           1064            0.5        153.532        1.53532
    4         2           1148            0.5        164.491        1.64491
    4         2           1232            0.5        175.376        1.75376
    4         2           1322            0.5        186.969        1.86969
    4         2           1406            0.5        197.734        1.97734
    4         2           1490            0.5        208.455        2.08455
    4         2           1580            0.5        219.902        2.19902
    4         2           1664            0.5        230.555        2.30555
    4         3             98            0.5        9.85175      0.0985175
    4         3            143            0.5        20.1286       0.201286
    4         3            198            0.5        30.7361       0.307361
    4         3            253            0.5        40.3311       0.403311
    4         3            318            0.5        50.9931       0.509931
    4         3            378            0.5        60.4073       0.604073
    4         3            448            0.5        70.9947       0.709947
    4         3            513            0.5        80.5692       0.805692
    4         3            583            0.5        90.6587       0.906587
    4         3            653            0.5        100.557        1.00557
    4         3            728            0.5        110.982        1.10982
    4         3            798            0.5        120.568        1.20568
    4         3            873            0.5        130.704        1.30704
    4         3            948            0.5         140.72         1.4072
    4         3           1023            0.5         150.63         1.5063
    4         3           1098            0.5        160.447        1.60447
    4         3           1178            0.5        170.831        1.70831
    4         3           1253            0.5        180.493        1.80493
    4         3           1333            0.5        190.733        1.90733
    4         3           1413            0.5        200.913        2.00913
    4         3           1488            0.5        210.411        2.10411
    5         0             94            0.5        13.2598       0.132598
    5         0            149            0.5        23.9188       0.239188
    5         0            204            0.5        33.2498       0.332498
    5         0            269            0.5        43.5497       0.435497
    5         0            334            0.5        53.4221       0.534221
    5         0            404            0.5        63.6934       0.636934
    5         0            474            0.5        73.6747       0.736747
    5         0            544            0.5        83.4309       0.834309
    5         0            619            0.5        93.6739       0.936739
    5         0            694            0.5         103.73         1.0373
    5         0            769            0.5        113.624        1.13624
    5         0            844            0.5        123.376        1.23376
    5         0            924            0.5        133.642        1.33642
    5         0           1004            0.5        143.785        1.43785
    5         0           1084            0.5        153.822        1.53822
    5         0           1164            0.5        163.766        1.63766
    5         0           1244            0.5        173.628        1.73628
    5         0           1324            0.5        183.421        1.83421
    5         0           1409            0.5         193.76         1.9376
    5         0           1489            0.5        203.437        2.03437
    5         0           1574            0.5        213.671        2.13671
    5         0           1659            0.5        223.863        2.23863
    5         1             86            0.5        10.1488       0.101488
    5         1            149            0.5          20.61         0.2061
    5         1            219            0.5        30.9849       0.309849
    5         1            289            0.5        40.5359       0.405359
    5         1            366            0.5        50.3885       0.503885
    5         1            450            0.5        60.5741       0.605741
    5         1            534            0.5        70.2901       0.702901
    5         1            625            0.5        80.4631       0.804631
    5         1            716            0.5        90.3623       0.903623
    5         1            814            0.5        100.795        1.00795
    5         1            905            0.5        110.324        1.10324
    5         1           1003            0.5        120.456        1.20456
    5         1           1101            0.5        130.488        1.30488
    5         1           1199            0.5        140.446        1.40446
    5         1           1297            0.5        150.351        1.50351
    5         1           1402            0.5        160.922        1.60922
    5         1           1500            0.5        170.764        1.70764
    5         1           1598            0.5        180.594        1.80594
    5         1           1696            0.5        190.421        1.90421
    5         1           1801            0.5        200.956        2.00956
    5         1           1899            0.5          210.8          2.108
    5         1           1997            0.5        220.661        2.20661
    5         2             79            0.5        10.7803       0.107803
    5         2            133            0.5        20.7943       0.207943
    5         2            193            0.5        29.9676       0.299676
    5         2            253            0.5        38.3357       0.383357
    5         2            325            0.5        47.8891       0.478891
    5         2            391            0.5        56.3708       0.563708
    5         2            463            0.5        65.3557       0.653557
    5         2            541            0.5        74.8647       0.748647
    5         2            613            0.5         83.462        0.83462
    5         2            691            0.5        92.6043       0.926043
    5         2            769            0.5        101.587        1.01587
    5         2            847            0.5        110.427        1.10427
    5         2            931            0.5        119.803        1.19803
    5         2           1009            0.5         128.39         1.2839
    5         2           1093            0.5        137.523        1.37523
    5         2           1177            0.5        146.549        1.46549
    5         2           1261            0.5        155.479        1.55479
    5         2           1351            0.5        164.954        1.64954
    5         2           1435            0.5         173.72         1.7372
    5         2           1519            0.5        182.418        1.82418
    5         2           1609            0.5        191.673        1.91673
    5         2           1699            0.5        200.868        2.00868
    5         3             99            0.5        10.0926       0.100926
    5         3            171            0.5        19.2373       0.192373
    5         3            261            0.5        28.4301       0.284301
    5         3            360            0.5        37.5049       0.375049
    5         3            468            0.5          46.85         0.4685
    5         3            576            0.5        55.8248       0.558248
    5         3            684            0.5        64.4933       0.644933
    5         3            801            0.5        73.6162       0.736162
    5         3            918            0.5        82.5043       0.825043
    5         3           1044            0.5        91.8533       0.918533
    5         3           1161            0.5        100.356        1.00356
    5         3           1296            0.5        109.982        1.09982
    5         3           1422            0.5        118.812        1.18812
    5         3           1548            0.5        127.514        1.27514
    5         3           1683            0.5        136.714        1.36714
    5         3           1818            0.5        145.802        1.45802
    5         3           1953            0.5        154.796        1.54796
    5         3           2088            0.5        163.708        1.63708
    5         3           2223            0.5        172.548        1.72548
    5         3           2367            0.5        181.912        1.81912
    5         3           2502            0.5        190.638        1.90638
    6         0             75            0.5        12.9451       0.129451
    6         0            120            0.5        23.4602       0.234602
    6         0            175            0.5        34.1282       0.341282
    6         0            240            0.5        45.4083       0.454083
    6         0            310            0.5        56.7249       0.567249
    6         0            380            0.5        67.4661       0.674661
    6         0            455            0.5        78.5561       0.785561
    6         0            530            0.5        89.3177       0.893177
    6         0            610            0.5        100.511        1.00511
    6         0            690            0.5        111.466        1.11466
    6         0            775            0.5        122.891        1.22891
    6         0            855            0.5        133.477        1.33477
    6         0            940            0.5        144.577        1.44577
    6         0           1025            0.5        155.551        1.55551
    6         0           1110            0.5         166.42         1.6642
    6         0           1200            0.5        177.834        1.77834
    6         0           1285            0.5        188.542        1.88542
    6         0           1375            0.5        199.817        1.99817
    6         0           1460            0.5        210.419        2.10419
    6         0           1550            0.5        221.606        2.21606
    6         0           1640            0.5        232.764        2.32764
    6         1             77            0.5        11.8104       0.118104
    6         1            131            0.5        22.9646       0.229646
    6         1            197            0.5        34.3437       0.343437
    6         1            269            0.5        45.7846       0.457846
    6         1            341            0.5        56.7579       0.567579
    6         1            413            0.5        67.3834       0.673834
    6         1            491            0.5        78.6274       0.786274
    6         1            569            0.5        89.6414       0.896414
    6         1            647            0.5        100.459        1.00459
    6         1            731            0.5        111.921        1.11921
    6         1            809            0.5        122.411        1.22411
    6         1            893            0.5        133.566        1.33566
    6         1            977            0.5        144.594        1.44594
    6         1           1061            0.5        155.513        1.55513
    6         1           1145            0.5        166.339        1.66339
    6         1           1235            0.5        177.849        1.77849
    6         1           1319            0.5        188.522        1.88522
    6         1           1409            0.5        199.896        1.99896
    6         1           1493            0.5        210.463        2.10463
    6         1           1583            0.5        221.745        2.21745
    6         1           1673            0.5        232.992        2.32992
    6         2             86            0.5        12.9259       0.129259
    6         2            126            0.5        21.1235       0.211235
    6         2            176            0.5        30.6382       0.306382
    6         2            226            0.5        39.3267       0.393267
    6         2            286            0.5        48.9518       0.489518
    6         2            346            0.5         57.936        0.57936
    6         2            406            0.5        66.4231       0.664231
    6         2            476            0.5        75.9089       0.759089
    6         2            541            0.5        84.4186       0.844186
    6         2            616            0.5        93.9785       0.939785
    6         2            686            0.5        102.717        1.02717
    6         2            761            0.5        111.936        1.11936
    6         2            831            0.5        120.443        1.20443
    6         2            906            0.5        129.483        1.29483
    6         2            981            0.5        138.472        1.38472
    6         2           1056            0.5        147.427        1.47427
    6         2           1136            0.5        156.963        1.56963
    6         2           1211            0.5        165.899        1.65899
    6         2           1286            0.5        174.842        1.74842
    6         2           1361            0.5        183.802        1.83802
    6         2           1436            0.5        192.786        1.92786
    6         3             92            0.5        12.8256       0.128256
    6         3            127            0.5        21.0829       0.210829
    6         3            177            0.5        30.8888       0.308888
    6         3            227            0.5        39.5155       0.395155
    6         3            282            0.5         48.332        0.48332
    6         3            342            0.5        57.5202       0.575202
    6         3            402            0.5        66.3969       0.663969
    6         3            467            0.5         75.813        0.75813
    6         3            527            0.5         84.362        0.84362
    6         3            592            0.5        93.4987       0.934987
    6         3            657            0.5        102.524        1.02524
    6         3            722            0.5        111.451        1.11451
    6         3            792            0.5        120.967        1.20967
    6         3            857            0.5        129.721        1.29721
    6         3            922            0.5        138.403        1.38403
    6         3            992            0.5        147.682        1.47682
    6         3           1062            0.5        156.893        1.56893
    6         3           1127            0.5        165.392        1.65392
    6         3           1197            0.5        174.493        1.74493
    6         3           1267            0.5        183.546        1.83546
    6         3           1337            0.5        192.556        1.92556
    6         3           1407            0.5        201.528        2.01528
    7         0             97            0.5        12.2367       0.122367
    7         0            142            0.5        21.5919       0.215919
    7         0            192            0.5        30.4857       0.304857
    7         0            247            0.5          39.64         0.3964
    7         0            302            0.5        48.3934       0.483934
    7         0            362            0.5        57.6045       0.576045
    7         0            422            0.5        66.4705       0.664705
    7         0            487            0.5        75.8116       0.758116
    7         0            552            0.5        84.9228       0.849228
    7         0            617            0.5         93.844        0.93844
    7         0            682            0.5        102.605        1.02605
    7         0            752            0.5        111.888        1.11888
    7         0            817            0.5        120.388        1.20388
    7         0            887            0.5        129.428        1.29428
    7         0            957            0.5        138.369        1.38369
    7         0           1032            0.5        147.852        1.47852
    7         0           1102            0.5        156.626        1.56626
    7         0           1177            0.5        165.955        1.65955
    7         0           1247            0.5        174.604        1.74604
    7         0           1322            0.5        183.818        1.83818
    7         0           1397            0.5        192.984        1.92984
    7         1             95            0.5        11.5266       0.115266
    7         1            135            0.5        20.0457       0.200457
    7         1            190            0.5        29.9856       0.299856
    7         1            245            0.5        38.8112       0.388112
    7         1            305            0.5        47.7305       0.477305
    7         1            370            0.5        56.9151       0.569151
    7         1            435            0.5        65.7106       0.657106
    7         1            505            0.5        74.9257       0.749257
    7         1            575            0.5        83.9424       0.839424
    7         1            645            0.5         92.807        0.92807
    7         1            715            0.5        101.548        1.01548
    7         1            790            0.5          110.8          1.108
    7         1            865            0.5        119.952        1.19952
    7         1            935            0.5        128.417        1.28417
    7         1           1010            0.5        137.414        1.37414
    7         1           1090            0.5        146.939        1.46939
    7         1           1165            0.5        155.812        1.55812
    7         1           1240            0.5        164.636        1.64636
    7         1           1315            0.5        173.419        1.73419
    7         1           1395            0.5        182.747        1.82747
    7         1           1470            0.5         191.46         1.9146
    7         2            110            0.5        10.7888       0.107888
    7         2            142            0.5        17.8939       0.178939
    7         2            178            0.5        24.8659       0.248659
    7         2            218            0.5        31.9056       0.319056
    7         2            258            0.5          38.49         0.3849
    7         2            306            0.5        45.9864       0.459864
    7         2            350            0.5        52.5822       0.525822
    7         2            398            0.5        59.5263       0.595263
    7         2            450            0.5        66.7829       0.667829
    7         2            502            0.5        73.8502       0.738502
    7         2            554            0.5        80.7518       0.807518
    7         2            606            0.5        87.5145       0.875145
    7         2            662            0.5        94.6636       0.946636
    7         2            718            0.5        101.693        1.01693
    7         2            774            0.5        108.618        1.08618
    7         2            834            0.5        115.937        1.15937
    7         2            890            0.5        122.685        1.22685
    7         2            950            0.5        129.838        1.29838
    7         2           1010            0.5        136.921        1.36921
    7         2           1070            0.5        143.941        1.43941
    7         2           1130            0.5        150.907        1.50907
    7         2           1190            0.5        157.825        1.57825
    7         3             82            0.5         12.927        0.12927
    7         3            126            0.5         21.388        0.21388
    7         3            182            0.5        30.7256       0.307256
    7         3            238            0.5        39.5962       0.395962
    7         3            298            0.5        48.8264       0.488264
    7         3            358            0.5         57.834        0.57834
    7         3            418            0.5        66.6134       0.666134
    7         3            482            0.5        75.8148       0.758148
    7         3            546            0.5        84.8676       0.848676
    7         3            610            0.5        93.7933       0.937933
    7         3            674            0.5        102.608        1.02608
    7         3            742            0.5        111.866        1.11866
    7         3            806            0.5         120.49         1.2049
    7         3            874            0.5        129.567        1.29567
    7         3            942            0.5        138.565        1.38565
    7         3           1010            0.5        147.491        1.47491
    7         3           1082            0.5        156.873        1.56873
    7         3           1150            0.5        165.674        1.65674
    7         3           1222            0.5        174.937        1.74937
    7         3           1290            0.5        183.636        1.83636
    7         3           1362            0.5        192.802        1.92802
    8         0            103            0.5        10.4447       0.104447
    8         0            143            0.5         18.851        0.18851
    8         0            187            0.5        26.8765       0.268765
    8         0            235            0.5        34.8364       0.348364
    8         0            287            0.5        42.8722       0.428722
    8         0            339            0.5        50.4992       0.504992
    8         0            399            0.5        58.9227       0.589227
    8         0            459            0.5        66.9916       0.669916
    8         0            519            0.5        74.8203       0.748203
    8         0            583            0.5        82.9513       0.829513
    8         0            647            0.5        90.8981       0.908981
    8         0            711            0.5        98.6927       0.986927
    8         0            779            0.5        106.835        1.06835
    8         0            847            0.5        114.857        1.14857
    8         0            915            0.5        122.778        1.22778
    8         0            983            0.5        130.613        1.30613
    8         0           1055            0.5        138.829        1.38829
    8         0           1127            0.5        146.977        1.46977
    8         0           1195            0.5         154.62         1.5462
    8         0           1267            0.5        162.665        1.62665
    8         0           1339            0.5         170.67         1.7067
    8         1            127            0.5         11.282        0.11282
    8         1            167            0.5        18.3779       0.183779
    8         1            211            0.5        25.6986       0.256986
    8         1            255            0.5        32.6053       0.326053
    8         1            303            0.5        39.7461       0.397461
    8         1            351            0.5        46.5428       0.465428
    8         1            403            0.5         53.571        0.53571
    8         1            459            0.5        60.8092       0.608092
    8         1            515            0.5        67.7472       0.677472
    8         1            575            0.5        74.9397       0.749397
    8         1            635            0.5        81.9278       0.819278
    8         1            695            0.5        88.7535       0.887535
    8         1            759            0.5        95.8919       0.958919
    8         1            823            0.5        102.914        1.02914
    8         1            887            0.5        109.843        1.09843
    8         1            951            0.5          116.7          1.167
    8         1           1019            0.5        123.922        1.23922
    8         1           1083            0.5        130.675        1.30675
    8         1           1151            0.5        137.811        1.37811
    8         1           1219            0.5        144.919        1.44919
    8         1           1283            0.5         151.59         1.5159
    8         1           1351            0.5        158.664        1.58664
    8         1           1419            0.5        165.728        1.65728
    8         2            110            0.5        10.7829       0.107829
    8         2            150            0.5        19.7008       0.197008
    8         2            200            0.5        28.8851       0.288851
    8         2            255            0.5        37.9204       0.379204
    8         2            310            0.5        46.4157       0.464157
    8         2            370            0.5        55.3047       0.553047
    8         2            435            0.5        64.5833       0.645833
    8         2            500            0.5        73.5866       0.735866
    8         2            565            0.5        82.3628       0.823628
    8         2            635            0.5        91.5982       0.915982
    8         2            705            0.5        100.638        1.00638
    8         2            775            0.5        109.507        1.09507
    8         2            850            0.5        118.843        1.18843
    8         2            920            0.5        127.419        1.27419
    8         2            995            0.5        136.478        1.36478
    8         2           1070            0.5        145.419        1.45419
    8         2           1150            0.5         154.84         1.5484
    8         2           1225            0.5        163.578        1.63578
    8         2           1305            0.5         172.81         1.7281
    8         2           1385            0.5        181.961        1.81961
    8         2           1460            0.5        190.476        1.90476
    8         3            111            0.5        13.5068       0.135068
    8         3            141            0.5        19.8031       0.198031
    8         3            174            0.5         25.941        0.25941
    8         3            207            0.5        31.7648       0.317648
    8         3            243            0.5        37.9037       0.379037
    8         3            279            0.5        43.8862       0.438862
    8         3            315            0.5        49.7461       0.497461
    8         3            354            0.5        55.9585       0.559585
    8         3            390            0.5         61.584        0.61584
    8         3            429            0.5        67.5704       0.675704
    8         3            471            0.5        73.9219       0.739219
    8         3            510            0.5         79.736        0.79736
    8         3            552            0.5        85.9182       0.859182
    8         3            591            0.5        91.5919       0.915919
    8         3            633            0.5        97.6365       0.976365
    8         3            675            0.5        103.619        1.03619
    8         3            720            0.5        109.966        1.09966
    8         3            762            0.5        115.836        1.15836
    8         3            804            0.5        121.658        1.21658
    8         3            849            0.5        127.846        1.27846
    8         3            894            0.5        133.988        1.33988
    8         3            936            0.5        139.681        1.39681
    8         3            981            0.5        145.742        1.45742
    9         0            113            0.5         11.945        0.11945
    9         0            145            0.5         18.503        0.18503
    9         0            185            0.5        25.4544       0.254544
    9         0            229            0.5        32.5583       0.325583
    9         0            277            0.5        39.9692       0.399692
    9         0            321            0.5        46.5627       0.465627
    9         0            369            0.5        53.5647       0.535647
    9         0            421            0.5        60.9722       0.609722
    9         0            469            0.5        67.6475       0.676475
    9         0            521            0.5         74.754        0.74754
    9         0            573            0.5        81.7411       0.817411
    9         0            625            0.5        88.6237       0.886237
    9         0            681            0.5        95.9316       0.959316
    9         0            733            0.5        102.631        1.02631
    9         0            789            0.5         109.76         1.0976
    9         0            845            0.5         116.81         1.1681
    9         0            901            0.5        123.788        1.23788
    9         0            957            0.5        130.699        1.30699
    9         0           1013            0.5         137.55         1.3755
    9         0           1073            0.5        144.828        1.44828
    9         0           1129            0.5        151.568        1.51568
    9         0           1189            0.5        158.738        1.58738
    9         1            100            0.5        13.5262       0.135262
    9         1            144            0.5         21.956        0.21956
    9         1            192            0.5        29.8916       0.298916
    9         1            244            0.5        37.9996       0.379996
    9         1            296            0.5        45.8396       0.458396
    9         1            348            0.5        53.4779       0.534779
    9         1            404            0.5        61.5266       0.615266
    9         1            464            0.5        69.9625       0.699625
    9         1            520            0.5        77.7084       0.777084
    9         1            580            0.5        85.8894       0.858894
    9         1            640            0.5        93.9624       0.939624
    9         1            700            0.5         101.94         1.0194
    9         1            760            0.5        109.831        1.09831
    9         1            820            0.5        117.643        1.17643
    9         1            884            0.5        125.899        1.25899
    9         1            944            0.5         133.57         1.3357
    9         1           1008            0.5        141.688        1.41688
    9         1           1072            0.5        149.742        1.49742
    9         1           1136            0.5        157.739        1.57739
    9         1           1200            0.5        165.683        1.65683
    9         1           1264            0.5        173.578        1.73578
    9         1           1332            0.5        181.916        1.81916
    9         2            127            0.5        14.9994       0.149994
    9         2            171            0.5        22.6334       0.226334
    9         2            223            0.5        30.5405       0.305405
    9         2            279            0.5        38.5968       0.385968
    9         2            339            0.5        46.9483       0.469483
    9         2            395            0.5         54.558        0.54558
    9         2            455            0.5        62.5446       0.625446
    9         2            519            0.5        70.9056       0.709056
    9         2            579            0.5        78.6314       0.786314
    9         2            643            0.5        86.7709       0.867709
    9         2            707            0.5        94.8184       0.948184
    9         2            771            0.5        102.785        1.02785
    9         2            835            0.5        110.679        1.10679
    9         2            903            0.5        118.994        1.18994
    9         2            967            0.5         126.76         1.2676
    9         2           1035            0.5        134.952        1.34952
    9         2           1099            0.5        142.611        1.42611
    9         2           1167            0.5          150.7          1.507
    9         2           1235            0.5        158.743        1.58743
    9         2           1303            0.5        166.743        1.66743
    9         2           1371            0.5        174.704        1.74704
    9         2           1439            0.5         182.63         1.8263
    9         3            112            0.5        11.5906       0.115906
    9         3            145            0.5        18.6593       0.186593
    9         3            184            0.5        25.6178       0.256178
    9         3            226            0.5         32.524        0.32524
    9         3            271            0.5        39.5651       0.395651
    9         3            319            0.5        46.8138       0.468138
    9         3            367            0.5        53.8563       0.538563
    9         3            415            0.5        60.7268       0.607268
    9         3            466            0.5        67.8487       0.678487
    9         3            517            0.5        74.8418       0.748418
    9         3            568            0.5        81.7195       0.817195
    9         3            622            0.5        88.8931       0.888931
    9         3            676            0.5        95.9681       0.959681
    9         3            730            0.5        102.956        1.02956
    9         3            784            0.5        109.866        1.09866
    9         3            838            0.5        116.705        1.16705
    9         3            895            0.5        123.856        1.23856
    9         3            952            0.5        130.942        1.30942
    9         3           1009            0.5        137.971        1.37971
    9         3           1066            0.5        144.946        1.44946
    9         3           1123            0.5        151.874        1.51874
   10         0            103            0.5        8.29339      0.0829339
   10         0            135            0.5        14.9308       0.149308
   10         0            167            0.5        20.5249       0.205249
   10         0            207            0.5        26.7912       0.267912
   10         0            247            0.5        32.6226       0.326226
   10         0            291            0.5        38.7456       0.387456
   10         0            335            0.5        44.6692       0.446692
   10         0            383            0.5         50.971        0.50971
   10         0            427            0.5        56.6111       0.566111
   10         0            475            0.5        62.6103       0.626103
   10         0            527            0.5        68.9712       0.689712
   10         0            575            0.5        74.7325       0.747325
   10         0            627            0.5        80.8642       0.808642
   10         0            679            0.5        86.8926       0.868926
   10         0            731            0.5        92.8266       0.928266
   10         0            783            0.5         98.674        0.98674
   10         0            839            0.5        104.883        1.04883
   10         0            891            0.5        110.573        1.10573
   10         0            947            0.5        116.626        1.16626
   10         0           1003            0.5        122.609        1.22609
   10         0           1063            0.5        128.947        1.28947
   10         0           1119            0.5        134.801        1.34801
   10         0           1175            0.5        140.602        1.40602
   10         1            110            0.5        11.2567       0.112567
   10         1            150            0.5        18.6605       0.186605
   10         1            194            0.5        25.5296       0.255296
   10         1            242            0.5        32.5327       0.325327
   10         1            294            0.5         39.818        0.39818
   10         1            346            0.5        46.9094       0.469094
   10         1            398            0.5        53.8484       0.538484
   10         1            450            0.5        60.6437       0.606437
   10         1            506            0.5        67.8101       0.678101
   10         1            562            0.5        74.8697       0.748697
   10         1            618            0.5        81.8305       0.818305
   10         1            674            0.5        88.7041       0.887041
   10         1            734            0.5        95.9821       0.959821
   10         1            790            0.5        102.701        1.02701
   10         1            850            0.5        109.829        1.09829
   10         1            910            0.5        116.888        1.16888
   10         1            970            0.5        123.885        1.23885
   10         1           1030            0.5        130.825        1.30825
   10         1           1090            0.5         137.71         1.3771
   10         1           1150            0.5        144.546        1.44546
   10         1           1214            0.5        151.787        1.51787
   10         2            121            0.5         8.4933       0.084933
   10         2            161            0.5        15.4617       0.154617
   10         2            205            0.5        22.4938       0.224938
   10         2            253            0.5        29.7277       0.297277
   10         2            301            0.5        36.6179       0.366179
   10         2            353            0.5        43.7576       0.437576
   10         2            405            0.5        50.6227       0.506227
   10         2            461            0.5        57.7449       0.577449
   10         2            517            0.5        64.5926       0.645926
   10         2            577            0.5         71.714        0.71714
   10         2            637            0.5        78.6411       0.786411
   10         2            701            0.5        85.8542       0.858542
   10         2            765            0.5        92.9137       0.929137
   10         2            829            0.5        99.8441       0.998441
   10         2            893            0.5        106.665        1.06665
   10         2            961            0.5        113.811        1.13811
   10         2           1029            0.5        120.867        1.20867
   10         2           1097            0.5        127.848        1.27848
   10         2           1165            0.5        134.765        1.34765
   10         2           1233            0.5        141.627        1.41627
   10         2           1305            0.5        148.843        1.48843
   10         3            113            0.5        13.9457       0.139457
   10         3            149            0.5        20.3283       0.203283
   10         3            193            0.5        27.7961       0.277961
   10         3            237            0.5         34.968        0.34968
   10         3            281            0.5        41.8974       0.418974
   10         3            325            0.5        48.6232       0.486232
   10         3            373            0.5        55.7504       0.557504
   10         3            421            0.5        62.6501       0.626501
   10         3            473            0.5         69.921        0.69921
   10         3            521            0.5        76.4757       0.764757
   10         3            577            0.5        83.9577       0.839577
   10         3            629            0.5        90.7653       0.907653
   10         3            685            0.5        97.9646       0.979646
   10         3            737            0.5        104.541        1.04541
   10         3            793            0.5         111.52         1.1152
   10         3            853            0.5        118.892        1.18892
   10         3            909            0.5        125.685        1.25685
   10         3            969            0.5        132.879        1.32879
   10         3           1029            0.5        139.995        1.39995
   10         3           1085            0.5        146.575        1.46575
   10         3           1145            0.5        153.565        1.53565
   11         0            138            0.5        12.7923       0.127923
   11         0            171            0.5        19.6601       0.196601
   11         0            210            0.5        26.9441       0.269441
   11         0            249            0.5        33.7017       0.337017
   11         0            291            0.5        40.5864       0.405864
   11         0            336            0.5        47.6259       0.476259
   11         0            384            0.5        54.8368       0.548368
   11         0            432            0.5        61.7804       0.617804
   11         0            483            0.5        68.9167       0.689167
   11         0            534            0.5        75.8653       0.758653
   11         0            585            0.5        82.6572       0.826572
   11         0            639            0.5        89.7063       0.897063
   11         0            693            0.5        96.6332       0.966332
   11         0            750            0.5        103.834        1.03834
   11         0            807            0.5        110.939        1.10939
   11         0            864            0.5        117.965        1.17965
   11         0            921            0.5        124.923        1.24923
   11         0            978            0.5        131.825        1.31825
   11         0           1035            0.5         138.68         1.3868
   11         0           1095            0.5        145.853        1.45853
   11         1            116            0.5        16.7721       0.167721
   11         1            152            0.5        22.6733       0.226733
   11         1            188            0.5        28.5161       0.285161
   11         1            227            0.5        34.7679       0.347679
   11         1            266            0.5         40.922        0.40922
   11         1            305            0.5         46.974        0.46974
   11         1            344            0.5        52.8947       0.528947
   11         1            383            0.5        58.7047       0.587047
   11         1            425            0.5        64.7976       0.647976
   11         1            467            0.5        70.7723       0.707723
   11         1            509            0.5        76.6315       0.766315
   11         1            554            0.5        82.8007       0.828007
   11         1            599            0.5        88.8739       0.888739
   11         1            644            0.5        94.8678       0.948678
   11         1            689            0.5        100.798        1.00798
   11         1            734            0.5        106.678        1.06678
   11         1            782            0.5        112.909        1.12909
   11         1            827            0.5        118.723        1.18723
   11         1            875            0.5        124.905        1.24905
   11         1            920            0.5        130.691        1.30691
   11         1            968            0.5         136.86         1.3686
   11         1           1013            0.5        142.647        1.42647
   11         1           1061            0.5        148.827        1.48827
   11         2            135            0.5        12.8231       0.128231
   11         2            171            0.5        18.7302       0.187302
   11         2            213            0.5        24.7065       0.247065
   11         2            258            0.5        30.7414       0.307414
   11         2            306            0.5        36.9607       0.369607
   11         2            351            0.5        42.6572       0.426572
   11         2            402            0.5        48.9891       0.489891
   11         2            450            0.5         54.841        0.54841
   11         2            501            0.5        60.9611       0.609611
   11         2            552            0.5         66.976        0.66976
   11         2            603            0.5        72.9205       0.729205
   11         2            654            0.5        78.7945       0.787945
   11         2            708            0.5        84.9473       0.849473
   11         2            759            0.5           90.7          0.907
   11         2            813            0.5        96.7348       0.967348
   11         2            867            0.5        102.716        1.02716
   11         2            924            0.5        108.976        1.08976
   11         2            978            0.5        114.859        1.14859
   11         2           1032            0.5        120.699        1.20699
   11         2           1089            0.5        126.821        1.26821
   11         2           1146            0.5        132.901        1.32901
   11         3            105            0.5        13.4571       0.134571
   11         3            141            0.5        19.6406       0.196406
   11         3            181            0.5        25.8583       0.258583
   11         3            221            0.5        31.8251       0.318251
   11         3            261            0.5        37.6295       0.376295
   11         3            305            0.5        43.8628       0.438628
   11         3            349            0.5        49.9505       0.499505
   11         3            393            0.5        55.9221       0.559221
   11         3            437            0.5         61.759        0.61759
   11         3            485            0.5        67.9961       0.679961
   11         3            529            0.5        73.6176       0.736176
   11         3            577            0.5        79.6509       0.796509
   11         3            625            0.5        85.5915       0.855915
   11         3            677            0.5        91.9311       0.919311
   11         3            725            0.5        97.7019       0.977019
   11         3            777            0.5        103.873        1.03873
   11         3            829            0.5        109.966        1.09966
   11         3            881            0.5        115.989        1.15989
   11         3            933            0.5        121.945        1.21945
   11         3            985            0.5         127.84         1.2784
   11         3           1037            0.5        133.679        1.33679
   11         3           1093            0.5        139.907        1.39907
   11         3           1145            0.5         145.64         1.4564
