*tel  numcsi     CsI V err CsI V    energy err energyESi (MeV) err ESi (MeV)
    0        0    0.031403  0.00061479     4.88796  0.00670713   12.0239  0.00404009
    0        0   0.0525942  0.000623554     7.79813   0.0060673   10.4647  0.00288528
    0        0   0.0740709  0.000655586     10.8341  0.00612559   9.17419  0.00233149
    0        0   0.0955692  0.000566065     13.9821  0.00658022   8.10496  0.00199264
    0        0    0.115976  0.000564806     17.2134  0.00755604   7.22698  0.00183723
    0        1   0.0260188  0.000632985     4.22342  0.00498174   12.4353  0.00316358
    0        1   0.0485623  0.000614165     7.21258  0.00729164   10.7497  0.00363684
    0        1   0.0708288  0.000600063      10.356  0.00476473   9.35941  0.00187793
    0        1   0.0927484  0.000672214     13.6038   0.0071606   8.22111  0.00223191
    0        1    0.116143  0.000596602     16.9763  0.00963213   7.28512  0.00238029
    0        2   0.0341824  0.000637115     5.06515  0.00376622    11.918  0.00223887
    0        2   0.0564185  0.000631788     8.00675  0.00282715   10.3663  0.00132347
    0        2   0.0793196  0.000709837     11.0905  0.00653736   9.07764  0.00243551
    0        2    0.101335  0.000605518     14.2667  0.00674805   8.01961  0.00200554
    0        2    0.122804  0.00058976     17.5221  0.00799861   7.15263  0.00190821
    0        3   0.0706591  0.000631461     10.3519  0.00458145   9.36103  0.00180765
    0        3   0.0937692  0.000639197     13.5796  0.00532847   8.22863   0.0016576
    0        3    0.116939  0.000645415     16.9366  0.00612122   7.29494   0.0015172
    1        0   0.0181056  0.000613859     3.04008  0.00393715   13.1354  0.00276507
    1        0   0.0405246  0.000597048     5.78171  0.00324348   11.4179  0.00181269
    1        0   0.0631328  0.000675709     8.66538  0.00444595   9.98408  0.00196904
    1        0   0.0843968  0.000583537      11.658   0.0049322   8.79436  0.00175255
    1        0     0.10508  0.000580217     14.7301  0.00543493   7.81369  0.00155072
    1        1   0.0134642  0.00058305     2.55535  0.00379317   13.4824   0.0027694
    1        1   0.0351598  0.000610874     5.28241  0.00359698   11.7021  0.00209138
    1        1   0.0564926  0.00060284     8.15014  0.00444685   10.2167  0.00205132
    1        1   0.0783908  0.000688569     11.1409  0.00395588   8.98177  0.00146281
    1        1   0.0996583  0.000569474     14.1979  0.00616792   7.96865  0.00183351
    1        1    0.120138  0.00056918     17.3573  0.00816658   7.12614  0.00195527
    1        2   0.0299121  0.000638984     4.59693  0.00418211    12.112  0.00257158
    1        2   0.0523323  0.000624681     7.48931   0.0042797   10.5292   0.0020767
    1        2   0.0745528  0.000621178     10.5252  0.00423094   9.21476  0.00164482
    1        2   0.0976006  0.000708308     13.6138  0.00522158    8.1455   0.0016122
    1        2    0.120925  0.000595058      16.878  0.00532746   7.24269  0.00131784
    1        3   0.0199737  0.000629588     3.51791  0.00543515   12.8069  0.00366861
    1        3   0.0427636  0.000607223     6.48784  0.00393006   11.0354  0.00206625
    1        3   0.0650303  0.000703881     9.64025  0.00654907   9.56857  0.00269206
    1        3   0.0881215  0.000600125     12.8912  0.00542049   8.37467  0.00176444
    1        3    0.109827  0.000610503     16.1986  0.00841124   7.41441  0.00217562
    2        0   0.0375173  0.000585615     5.57777  0.00482014    11.417  0.00272643
    2        0    0.059086  0.000602411     8.50239  0.00487406    9.9483  0.00216696
    2        0    0.080207  0.00059094     11.5379  0.00532943   8.73666  0.00189854
    2        0    0.101396  0.000582126     14.7009  0.00848827   7.72919  0.00241246
    2        1   0.0182125  0.000664314     3.11757  0.00364378   12.9606  0.00253547
    2        1   0.0415983  0.000615718      6.2811  0.00316585   11.0312  0.00168351
    2        1   0.0643976  0.00069808     9.65742  0.00344995   9.45612  0.00140914
    2        1   0.0874052  0.000615804     13.1542  0.00404616   8.19332  0.00128237
    2        1    0.109008  0.000607714     16.7554  0.00624339   7.18496  0.00154057
    2        2   0.0364655  0.000617161     5.13024  0.00427114   11.6745  0.00250329
    2        2   0.0584107  0.000620954     8.04219   0.0044317   10.1571  0.00204951
    2        2   0.0804317  0.000595408     11.0862  0.00487249   8.90028  0.00179574
    2        2    0.101776  0.000592833     14.2145  0.00670226   7.86971  0.00197291
    2        2    0.123329  0.000603493     17.4418   0.0106852    7.0193  0.00252263
    2        3   0.0241313  0.000629819     3.74255  0.00349847   12.5375  0.00230365
    2        3   0.0470857  0.000625228     6.73273   0.0045717    10.795  0.00234792
    2        3   0.0700498  0.000709156     9.89389  0.00430378   9.36031  0.00172848
    2        3   0.0922247  0.000600654     13.1462  0.00578678   8.19585  0.00183611
    2        3    0.113676  0.000593504      16.524  0.00627399   7.24253   0.0015751
    3        0   0.0317636  0.000625012      4.5992  0.00471826   11.9712  0.00289444
    3        0   0.0533799  0.000597508     7.41504  0.00461611   10.4338  0.00223689
    3        0    0.074684  0.000591285     10.3713   0.0051008   9.15215  0.00198384
    3        0   0.0964027  0.000668017     13.4385   0.0103975   8.08653  0.00322384
    3        0    0.118723  0.000571937     16.5561   0.0125938   7.21822   0.0031447
    3        1   0.0236769  0.000655498     3.36279  0.00506911   12.7698  0.00345353
    3        1   0.0469237  0.00063363     6.21599  0.00689789    11.045  0.00369082
    3        1   0.0701903  0.000712906     9.19747    0.007334   9.62726  0.00309063
    3        1   0.0925459  0.000611582     12.2984  0.00845922   8.45494  0.00285152
    3        1    0.114298  0.000594408     15.4619  0.00896113    7.5019  0.00241089
    3        2   0.0304882  0.000632322     5.97658  0.00552228   11.1744  0.00301782
    3        2   0.0522481  0.000603229     10.1456   0.0051907    9.2407  0.00205528
    3        2   0.0739364  0.000671083     14.4906  0.00601515   7.77222  0.00173163
    3        3   0.0283438  0.000615575     4.23608  0.00438383   12.1971  0.00277698
    3        3    0.050053  0.000591664     7.04379  0.00403593   10.6167  0.00201528
    3        3   0.0715946  0.000587701      9.9924  0.00419724   9.30158  0.00167439
    3        3    0.092998  0.000669475     13.0251  0.00474859   8.21662   0.0015182
    3        3    0.116357  0.00058954     16.1338  0.00613671    7.3252  0.00157909
    4        0   0.0244864  0.000486497     4.08298  0.00392513   12.4134  0.00252573
    4        0   0.0424739  0.000534069     6.45813  0.00400659   11.0303  0.00211446
    4        0   0.0597149  0.000464388     8.93481   0.0042779   9.84647  0.00185411
    4        0   0.0762812  0.00045828     11.4671  0.00465765   8.84426  0.00168006
    4        1   0.0221759  0.00045718     3.85697  0.00460198   12.5599   0.0030124
    4        1   0.0387263  0.000461862     6.09012  0.00578187   11.2272  0.00313774
    4        1   0.0552751  0.000447017     8.43142  0.00789959   10.0687  0.00355494
    4        1   0.0723181  0.000484495     10.8432  0.00794341   9.07428  0.00299987
    4        1   0.0885499  0.000448665      13.303  0.00687072   8.22501   0.0021707
    4        1    0.104646  0.000447001     15.8182  0.00951052   7.49752  0.00251945
    4        2   0.0152539  0.000556791     2.67548  0.00334348   13.3729  0.00242072
    4        2   0.0352745  0.000553914     5.10945  0.00398036    11.782  0.00234418
    4        2   0.0553818  0.000599039     7.67316  0.00420298   10.4204  0.00201357
    4        2   0.0757295  0.000530891     10.3173  0.00484085   9.27699  0.00190441
    4        2   0.0950383  0.000538911     13.0333  0.00509977   8.31094  0.00163764
    4        3   0.0212164  0.000523241     3.60015  0.00363793   12.7298  0.00242985
    4        3   0.0403023  0.000534152      6.0178  0.00471139   11.2666   0.0025687
    4        3   0.0596871  0.000600326     8.54186  0.00461423   10.0192  0.00205753
    4        3   0.0786858  0.000518725     11.1421  0.00461265   8.96273  0.00170519
    4        3   0.0971471  0.000509261     13.8084  0.00569479    8.0684  0.00173414
    5        0   0.0114315  0.000497446     2.52495  0.00482727   13.4526  0.00353782
    5        0   0.0296459  0.000510451     4.81179  0.00382863   11.9308  0.00230654
    5        0   0.0478759  0.000512886     7.17074   0.0034548    10.638  0.00171749
    5        0   0.0661707  0.000567276     9.63791  0.00534309    9.5244  0.00219051
    5        0   0.0846807  0.000492945     12.1658  0.00450444   8.57463  0.00154112
    5        0    0.102458  0.000492342     14.7573  0.00656465   7.76622  0.00186811
    5        1   0.0291457  0.000492541     4.08842  0.00409374   12.3808  0.00262741
    5        1   0.0469717  0.000494461     6.03472  0.00385472   11.2293  0.00210215
    5        1   0.0648045  0.00053252      8.0691  0.00553195   10.2073   0.0025548
    5        1   0.0827446  0.000466119     10.1749   0.0052673   9.30777  0.00208992
    5        1   0.0999043  0.000478244     12.3109  0.00664217   8.52528  0.00224583
    5        2   0.0225032  0.000527678     3.31095  0.00958698   12.8961  0.00656243
    5        2   0.0413952  0.000526534     5.24104  0.00713305   11.6764  0.00415224
    5        2   0.0602153  0.000520736     7.25029  0.00612977   10.5986   0.0030266
    5        2   0.0794913  0.000584452     9.31683  0.00595824   9.65752  0.00249951
    5        2   0.0980314  0.000517667      11.449  0.00623061    8.8261   0.0022445
    5        2    0.116633  0.000514482     13.6208  0.00671782   8.10247   0.0020694
    5        3    0.021848  0.000482652     2.53562  0.00721731   13.4448   0.0052728
    5        3   0.0389445  0.000473255     3.79547  0.00699606    12.571  0.00459158
    5        3   0.0558864  0.000498923     5.05438  0.00587906   11.7859  0.00348135
    5        3   0.0731337  0.000443744     6.34298  0.00706555   11.0634  0.00375433
    5        3   0.0893007  0.00044838      7.6795  0.00725967   10.3903   0.0034636
    6        0   0.0275807  0.000498147     4.54736  0.00528547    11.974  0.00324916
    6        0   0.0458173  0.000502065     7.05002   0.0055341    10.586  0.00276338
    6        0   0.0638805  0.000489118     9.64979  0.00528188   9.41392  0.00215039
    6        0   0.0819821  0.00052599     12.2926  0.00624516   8.43263  0.00209684
    6        0    0.100097  0.000484129     15.0094     0.00745   7.60292  0.00206165
    6        1   0.0280411  0.000502281     4.33569  0.00430643   12.1053  0.00270103
    6        1   0.0465194  0.000513834     6.71473  0.00455646   10.7557  0.00233696
    6        1   0.0647947  0.000505695     9.17778  0.00505744   9.60932  0.00213591
    6        1   0.0829151  0.000547375     11.7111  0.00523753    8.6323  0.00183989
    6        1    0.101644  0.000484227     14.2883  0.00961824   7.80779  0.00280528
    6        1    0.119264  0.000493799       16.95  0.00688446   7.09955  0.00167374
    6        2   0.0196418  0.00047703     3.37498  0.00571404   12.7319  0.00387874
    6        2   0.0370959  0.000488611     5.68555  0.00442188   11.3068  0.00247207
    6        2   0.0544301  0.000470417     8.09827  0.00467614   10.0842  0.00215068
    6        2   0.0724414  0.000508217     10.5903  0.00497959   9.04232  0.00190534
    6        2   0.0891671  0.00047229     13.1266  0.00954287   8.16054  0.00301975
    6        2    0.106099  0.000468791     15.7088    0.011373   7.41377  0.00300197
    6        3   0.0117994  0.000499211     2.46796  0.00964309   13.3724  0.00707764
    6        3   0.0295456  0.00049449     4.89063  0.00509923    11.766   0.0030473
    6        3    0.047328  0.000498664     7.41079  0.00554851   10.4085  0.00268901
    6        3   0.0650696  0.000533757      10.006  0.00619676   9.27045  0.00246861
    6        3   0.0831797  0.000481009     12.6703  0.00659631   8.30735  0.00215837
    6        3    0.100675  0.000482335     15.4029  0.00746509   7.49537   0.0020112
    7        0    0.020655  0.000496761      3.4157  0.00363991   12.5261  0.00245728
    7        0   0.0385833  0.00050553     5.79767  0.00462037   11.0739  0.00253925
    7        0   0.0565805  0.000548162     8.29031  0.00435495   9.83548   0.0019491
    7        0   0.0749921  0.000473874     10.8568  0.00494934   8.79021  0.00183339
    7        0    0.092436  0.000482246     13.4704  0.00558808   7.91149  0.00170376
    7        1   0.0107076  0.000634597     2.05602  0.00481632   13.4983  0.00364395
    7        1   0.0301547  0.000508035     4.26261  0.00465951   11.9755  0.00291912
    7        1   0.0483024  0.000504515     6.53055  0.00431225    10.683  0.00222641
    7        1   0.0660654  0.000543021     8.90277  0.00661541   9.56759  0.00282502
    7        1   0.0840859  0.000475905     11.3109  0.00714736   8.62505   0.0025551
    7        1    0.101448  0.000482431     13.7771  0.00567953   7.81894  0.00169556
    7        2   0.0131248  0.00046012     2.29501  0.00764773   13.3192  0.00567691
    7        2   0.0301855  0.000491464     4.52499  0.00687901   11.8129  0.00421857
    7        2   0.0476512  0.000594033     6.80925  0.00877611   10.5405  0.00443671
    7        2   0.0654289  0.000480345     9.17784  0.00828137   9.45145  0.00346236
    7        2   0.0822005  0.000462564     11.6336  0.00794045   8.51113  0.00276938
    7        3   0.0183008  0.000499118     3.08797  0.00467445   12.7502  0.00324533
    7        3   0.0365009  0.000510303     5.43485  0.00540232   11.2765  0.00306195
    7        3   0.0549253  0.000511968     7.88451   0.0043555   10.0203  0.00202252
    7        3   0.0733725  0.000549428     10.4353  0.00470406   8.94888  0.00180457
    7        3   0.0922787  0.000499504     13.0338  0.00528299   8.04683  0.00166389
    7        3    0.110637   0.0005103     15.6915   0.0063811   7.28461  0.00166475
    8        0   0.0277202  0.000411503     2.94319   0.0052928   13.2953  0.00374843
    8        0   0.0425343  0.000411503     5.12599   0.0076085    11.882  0.00449148
    8        0   0.0573484  0.000411503     7.47856  0.00606803   10.6186  0.00296204
    8        0   0.0721625  0.000411503     9.97612  0.00589129   9.51126  0.00238224
    8        0   0.0869766  0.000411503     12.5597  0.00670323   8.55828   0.0022456
    8        1   0.0290285  0.000435943     4.15557  0.00458378   12.4786  0.00292676
    8        1   0.0447224  0.000435943     6.45969  0.00607105   11.1363  0.00321233
    8        1   0.0604164  0.000435943      8.9214  0.00563764   9.95332  0.00245855
    8        2   0.0341763  0.000452944     4.15807  0.00556491    12.477  0.00355516
    8        2   0.0504823  0.000452944     6.55644  0.00545905   11.0853  0.00286941
    8        2   0.0667883  0.000452944     9.13145  0.00646317   9.86254  0.00277201
    8        2   0.0830943  0.000452944      11.815  0.00671857   8.81468  0.00237686
    8        3     0.03333  0.00049554     4.20662   0.0040315    12.446  0.00256265
    8        3   0.0511695  0.00049554     6.91209  0.00373041   10.9012  0.00190195
    8        3   0.0690089  0.00049554     9.85376  0.00582995   9.56097  0.00237702
    8        3   0.0868484  0.00049554     12.9014  0.00696265   8.44515  0.00228197
    9        0   0.0145965  0.000474924     3.71211  0.00495656   12.7621  0.00328998
    9        0   0.0316938  0.000474924     6.06382  0.00475712   11.3438  0.00259953
    9        0    0.048791  0.000474924     8.57049  0.00539338   10.1032  0.00241328
    9        0   0.0658883  0.000474924     11.2399  0.00629237   9.01748  0.00231767
    9        1   0.0264254  0.000433526     3.47005  0.00572769   12.9245  0.00388316
    9        1   0.0420324  0.000433526     6.05156  0.00536902   11.3505  0.00293935
    9        1   0.0576393  0.000433526      8.6784  0.00632514   10.0551  0.00280548
    9        1   0.0732462  0.000433526      11.416  0.00642923   8.95302  0.00233665
    9        1   0.0888532  0.000433526     14.2552   0.0105496   8.01856  0.00313734
    9        2   0.0166002  0.000449236     2.88936  0.00574047   13.3278  0.00408437
    9        2   0.0327727  0.000449236     5.08604  0.00497559   11.9001  0.00294288
    9        2   0.0489452  0.000449236     7.44895  0.00565542   10.6278  0.00276655
    9        2   0.0651177  0.000449236     9.96476  0.00799741    9.5109  0.00323823
    9        3   0.0306257  0.000486736     3.89677  0.00541451   12.6404  0.00353607
    9        3   0.0481482  0.000486736     6.28523    0.005047   11.2239  0.00270767
    9        3   0.0656707  0.000486736     8.93289  0.00591267   9.94324  0.00257527
    9        3   0.0831932  0.000486736     11.7503  0.00652014   8.83289  0.00231441
   10        0   0.0352868  0.000402382     4.09469  0.00501363   12.1445  0.00319291
   10        0   0.0497726  0.000402382     6.16102  0.00515448   10.9376  0.00275773
   10        0   0.0642583  0.000402382     8.37102   0.0060509   9.85695  0.00270432
   10        0   0.0787441  0.000402382     10.6971  0.00823351   8.90401   0.0031008
   10        1   0.0327876  0.000446517     3.70529  0.00469577   12.3967  0.00309927
   10        1   0.0488622  0.000446517     5.94363  0.00590485   11.0549  0.00321927
   10        1   0.0649368  0.000446517     8.30386   0.0142567   9.88702  0.00640581
   10        1   0.0810114  0.000446517     10.7693    0.009639   8.87692  0.00360535
   10        2   0.0188072  0.000496919     3.71745  0.00537081   12.3887  0.00354069
   10        2   0.0366963  0.000496919     5.84578  0.00558401   11.1084  0.00306868
   10        2   0.0545854  0.000496919     8.11095   0.0059292    9.9743  0.00270278
   10        3   0.0269117  0.000454959     2.52777  0.00393267   13.2127  0.00287169
   10        3   0.0432903  0.000454959     4.97465   0.0049456   11.6046  0.00292086
   10        3   0.0596688  0.000454959     7.45982  0.00426447   10.2791  0.00204844
   10        3   0.0760473  0.000454959     10.0579   0.0062278   9.15055  0.00245377
   10        3   0.0924258  0.000454959     12.7967  0.00702379   8.17358  0.00226124
   11        0   0.0341651  0.000435329     3.78361  0.00708832   12.4591  0.00465244
   11        0    0.049837  0.000435329     6.07669  0.00692913   11.0918  0.00374952
   11        0   0.0655089  0.000435329     8.60833   0.0073031   9.85481  0.00321646
   11        1   0.0368833  0.000478316     4.07905   0.0072217   12.2677  0.00462062
   11        1   0.0541027  0.000478316     6.62096  0.00978619    10.804  0.00505912
   11        1   0.0713221  0.000478316     9.33426   0.0131537   9.54378  0.00548216
   11        1   0.0885415  0.000478316      12.224   0.0105358   8.45573  0.00356072
   11        2   0.0265801  0.000398618     3.18949   0.0112666   12.8589  0.00777475
   11        2   0.0409304  0.000398618     5.26071  0.00812784   11.5484  0.00470837
   11        2   0.0552806  0.000398618     7.49461  0.00923192    10.368  0.00444659
   11        3     0.03556  0.00044528     4.32977  0.00620685    12.109  0.00388885
   11        3     0.05159  0.00044528     6.63527  0.00900628   10.7966  0.00466008
   11        3   0.0676201  0.00044528     9.05097  0.00932015   9.66303  0.00397136
   11        3   0.0836502  0.00044528     11.5905   0.0113916   8.67477  0.00403009
