*tel  numcsi     CsI V err CsI V    energy err energyESi (MeV) err ESi (MeV)
    0        0   0.0610791  0.000580359     8.98902   0.0103581   18.4942  0.00573191
    0        0     0.12275  0.000564303     17.6092   0.0132255   14.6399   0.0047343
    0        0    0.183241  0.000579481     26.6862   0.0210202   11.9679  0.00507615
    0        0    0.244824  0.000573103     35.9363   0.0317608   10.0626  0.00554436
    0        0      0.3051  0.000578754     45.4538    0.030843   8.63829  0.00395458
    0        0    0.367146  0.000583472     55.0459   0.0429279    7.5667   0.0041807
    0        0    0.427891  0.00056919     64.8357   0.0849377   6.72578  0.00644352
    0        0    0.489641  0.000589723     74.7973   0.0737201   6.05195  0.00445239
    0        0    0.551289  0.000569731     84.6271   0.0757181   5.51583  0.00373445
    0        1    0.013505  0.00064171     2.79753   0.0170417   22.5495   0.0128838
    0        1   0.0792577  0.000600569     11.4417   0.0123514   17.2184  0.00602996
    0        1    0.143332  0.000561717     20.5698   0.0163682   13.6487  0.00512381
    0        1    0.206996  0.000594823     30.1831    0.017611   11.1769  0.00377687
    0        1    0.269842  0.000607632     39.8113   0.0198863   9.42895   0.0030464
    0        1    0.334542  0.000603625     49.6719   0.0345049   8.13049  0.00390396
    0        1    0.397745  0.00060562     59.7507   0.0459793    7.1363  0.00395501
    0        1    0.462029  0.000594391      69.873   0.0478094    6.3659  0.00322102
    0        1    0.525689  0.000611288     80.2773   0.0750928   5.73975  0.00404098
    0        1     0.59036  0.000599882     90.6883   0.0797919   5.23394  0.00350466
    0        2   0.0650704  0.000586155     9.19579  0.00807763   18.3803  0.00442279
    0        2    0.129872  0.000588467     17.8826  0.00885754   14.5427  0.00312994
    0        2    0.193586  0.000612863     27.0612  0.00992256   11.8781  0.00235807
    0        2    0.257984  0.000594565     36.4146   0.0129577   9.97985  0.00222452
    0        2    0.321782  0.000614145     45.9532   0.0225103   8.57478  0.00284215
    0        2    0.385607  0.000597569     55.6495   0.0373883   7.50844  0.00358187
    0        2    0.450414  0.000617577     65.5072   0.0480997    6.6753  0.00358936
    0        2     0.51466  0.000594103     75.5546   0.0782979   6.00661  0.00465363
    0        2    0.579135  0.000613884     85.5306    0.107763    5.4717  0.00522324
    0        3   0.0581812  0.000652337     8.68038   0.0115687   18.6665  0.00650798
    0        3    0.125964  0.000643303     17.5646   0.0150888   14.6559  0.00541193
    0        3    0.191931  0.00061709     27.0847   0.0278901   11.8725  0.00662772
    0        3    0.258378   0.0006145     36.7998   0.0240076   9.91416  0.00407042
    0        3    0.323984  0.000634294     46.7589   0.0347802   8.47432  0.00428705
    0        3    0.391265  0.000622403     56.9857   0.0437669   7.38276  0.00404642
    0        3    0.456902  0.000636541     67.3716   0.0698145    6.5393  0.00498584
    0        3    0.523346  0.000613685     77.8707   0.0840506   5.87243  0.00475486
    0        3    0.589874  0.00062768     88.1458   0.0871472   5.34823  0.00401541
    1        0    0.048617  0.000569428      6.9962  0.00910068   19.5126  0.00558789
    1        0    0.112075  0.000585783     15.2065   0.0119609   15.4196  0.00478295
    1        0    0.173746  0.000568715     23.9505   0.0163657   12.5515  0.00438882
    1        0    0.235431  0.000591747     32.8863   0.0222858   10.5234  0.00429881
    1        0    0.297279  0.000581654      42.064   0.0327972   9.00824  0.00463421
    1        0    0.359552  0.000591768     51.2953   0.0362902   7.87276  0.00388445
    1        0    0.421291  0.000574086     60.6472   0.0495501   6.98964  0.00412931
    1        0     0.48351  0.000597764     70.2359   0.0545084   6.27773  0.00360911
    1        0    0.546215  0.000577814     79.9705    0.069813   5.69798  0.00374511
    1        1   0.0647456  0.000566877     9.27144   0.0076796    18.198  0.00417704
    1        1    0.126973  0.000570324     17.6925   0.0134392   14.4842   0.0047609
    1        1    0.188557  0.000589854     26.5544   0.0158453   11.8899  0.00381903
    1        1    0.250686  0.000574865     35.5994     0.01833   10.0255  0.00320869
    1        1    0.311593  0.000585675     44.8404    0.024876   8.63274  0.00322331
    1        1    0.374197  0.000587208     54.1547   0.0374495   7.57872  0.00370353
    1        1    0.435138  0.000575457     63.7069   0.0397374   6.74432  0.00306828
    1        1    0.497349  0.000579425     73.3634   0.0584909   6.07791  0.00361071
    1        1    0.558467  0.000586212     83.1387    0.079289   5.53353  0.00398907
    1        2   0.0173468  0.00066658     3.22864  0.00798184   22.0727  0.00612166
    1        2   0.0832434  0.00060626      11.544  0.00764298   17.0317  0.00369223
    1        2    0.148534  0.000582781     20.3042   0.0228426   13.6114   0.0071994
    1        2    0.213186  0.000595704     29.5198   0.0187237   11.2153  0.00405896
    1        2    0.276847  0.000616306     38.8579    0.020665   9.48534  0.00324099
    1        2    0.341984  0.000603906      48.255   0.0359397   8.21273  0.00420125
    1        2    0.405735  0.000614508     58.1143   0.0593782   7.20759  0.00528285
    1        2    0.470296  0.000597593     68.1585   0.0550275    6.4185   0.0038219
    1        2    0.534796  0.000619956     78.1726   0.0927333   5.79616  0.00516464
    1        2    0.600009  0.000600074     88.3681   0.0950211   5.28371  0.00431763
    1        3   0.0513611  0.000615866     7.76947  0.00865089    19.048  0.00509275
    1        3    0.117173  0.000613873     16.6564  0.00992765   14.8605  0.00369444
    1        3    0.181085  0.000591652     26.0839   0.0213866   12.0043  0.00525176
    1        3    0.245308  0.000604601     35.7013   0.0222982   10.0077  0.00389143
    1        3    0.308724  0.000609779     45.7671   0.0272718   8.51443   0.0034347
    1        3    0.373813  0.000608668     55.8237   0.0441486   7.41748   0.0041721
    1        3    0.437313  0.000603085      65.958   0.0444525   6.57524  0.00325081
    1        3    0.502125  0.000599054     76.3968   0.0581702   5.89683  0.00336222
    1        3    0.565827  0.000614151     86.9571   0.0884749   5.34864  0.00413067
    2        0   0.0250582  0.000691511      4.1597  0.00723826    21.195  0.00515233
    2        0   0.0885226  0.000593248     12.4065  0.00872651   16.4453  0.00401412
    2        0    0.150777  0.000592521      21.112   0.0118941   13.2044  0.00358706
    2        0    0.212822  0.000571147     30.2091   0.0139942   10.9305  0.00294798
    2        0    0.273997  0.000589744     39.4913   0.0306004   9.26726  0.00465034
    2        0    0.336516  0.000582896     48.8976   0.0301709   8.03233  0.00342188
    2        0      0.3976  0.000581668     58.6703   0.0542353   7.06395  0.00469863
    2        0    0.460245  0.000593788     68.3861   0.0645344   6.31735   0.0044035
    2        0    0.521827  0.000572841     78.3246   0.0669444   5.70999  0.00366799
    2        0    0.584129  0.000589082     88.4831    0.119467   5.20724   0.0053485
    2        1   0.0502252  0.00062323     7.60324  0.00719719   18.9567  0.00425888
    2        1    0.116346  0.000615466     17.2527  0.00618534   14.4746  0.00221952
    2        1    0.180939  0.000596836     27.3147   0.0108081   11.5666  0.00249895
    2        1    0.245778  0.000611389     37.6902   0.0235955   9.54927  0.00380885
    2        1    0.309954  0.000615891     48.2281   0.0304305   8.10897  0.00351921
    2        1     0.37587  0.000617578     59.0887   0.0370063   7.02792  0.00317062
    2        1    0.439944  0.000609988     70.1913   0.0681508   6.19679  0.00446112
    2        1    0.505534  0.000605102     81.1449   0.0793197   5.55998  0.00410087
    2        1    0.570057  0.000621477     92.4829    0.100072    5.0349  0.00415812
    2        2   0.0234888  0.000693604     3.68542    0.011171   21.5385  0.00812713
    2        2   0.0887676  0.000594067     11.9228   0.0103935   16.6707  0.00491029
    2        2     0.15239  0.000605047     20.6196   0.0104897   13.3544  0.00323056
    2        2    0.215456  0.000583591     29.7089   0.0146494   11.0366  0.00312812
    2        2     0.27839  0.000606713     38.9489   0.0190319   9.35039  0.00294435
    2        2    0.342279  0.000592064     48.3375   0.0370537   8.09634  0.00427202
    2        2    0.404962  0.00060563     58.1147   0.0528467   7.11239  0.00464599
    2        2     0.46848  0.000585573     67.8303    0.076361    6.3555   0.0052794
    2        2    0.531843  0.000610096     77.8131    0.114738   5.73815  0.00635845
    2        2    0.595918  0.000589922     87.8817    0.100972   5.23429  0.00457194
    2        3   0.0557868  0.000596697     7.91702  0.00978291   18.7726   0.0056957
    2        3    0.120796  0.000593194      16.819  0.00928603    14.632  0.00340807
    2        3     0.18443  0.000609812     26.2793   0.0191578   11.8113  0.00462763
    2        3    0.249168  0.000601526     35.9577   0.0241449   9.83731  0.00413415
    2        3    0.312715  0.000609356     45.9218   0.0570007   8.38495  0.00706595
    2        3     0.37786  0.000610921     55.9916   0.0428057   7.30419  0.00397992
    2        3    0.441424  0.000605621     66.2873   0.0769869   6.46404  0.00552026
    2        3    0.506188   0.0005968     76.7526   0.0982575   5.79751  0.00556802
    2        3    0.570069  0.000617159     87.3933    0.139381   5.25649  0.00637283
    3        0   0.0196398  0.000617041     3.27225   0.0227336   21.8045   0.0177071
    3        0   0.0828901  0.000575745     11.3137   0.0109913   16.9295  0.00534946
    3        0     0.14512  0.000550807     19.8481   0.0113605   13.5667  0.00361549
    3        0    0.207064  0.000576135     28.7875   0.0220682     11.21   0.0048192
    3        0    0.268053  0.000591291     37.8856   0.0286778   9.49535  0.00459067
    3        0    0.330891  0.000585907     47.0292   0.0336355   8.23013  0.00402348
    3        0    0.392139  0.000581202     56.4081   0.0603704   7.24791  0.00553892
    3        0    0.454936  0.000596246      65.775   0.0750185   6.48488   0.0054317
    3        0    0.516851  0.000573242     75.1209    0.180813   5.87683   0.0105967
    3        0    0.579128  0.000593823      85.649    0.217327   5.32411   0.0102616
    3        1   0.0557479  0.000606541      7.4611    0.015223   19.0062  0.00907325
    3        1     0.12141  0.000590941     15.9566   0.0230491   14.9237  0.00880681
    3        1    0.185262  0.000617868     24.9243   0.0456453   12.1202   0.0116354
    3        1    0.250249  0.000600694     34.2361   0.0409047    10.117  0.00741508
    3        1    0.314101  0.00061587     43.6028   0.0705843   8.66188  0.00938407
    3        1    0.379314  0.000608497     53.0089   0.0952113   7.57434  0.00958868
    3        1    0.443615  0.000614962     62.7221    0.171952   6.71414   0.0134308
    3        1    0.508626  0.000598221     72.9037    0.142374    6.0097  0.00875597
    3        1     0.57305  0.000622613     82.4998    0.183161   5.47719  0.00920226
    3        2   0.0608308  0.000608211     11.5656   0.0124274   16.8077  0.00597299
    3        2    0.124636  0.000581052     23.8972   0.0145643   12.3875  0.00387573
    3        2    0.187442  0.000606037     36.9192   0.0447186   9.65257   0.0074019
    3        2    0.251387  0.000591561     50.1105   0.0740763   7.87808  0.00809659
    3        2    0.314067  0.000602431     63.9527   0.0766058   6.61967  0.00579739
    3        2    0.378411  0.000603197     77.6391    0.124626   5.73345  0.00691628
    3        2    0.441321  0.000599142     92.3693     0.18145   5.02695   0.0075424
    3        3   0.0162604  0.000640908     2.85404   0.0120842     22.12  0.00989978
    3        3   0.0799582  0.00059082     10.9208   0.0086075   17.1227   0.0042778
    3        3    0.142942  0.000545298     19.4574   0.0130405   13.6922  0.00423053
    3        3    0.205181  0.000584368      28.407   0.0182092   11.2936  0.00402717
    3        3    0.266597  0.000592662     37.4793   0.0261291   9.56082    0.004242
    3        3    0.330016  0.000593897     46.7283   0.0482405   8.26627  0.00582382
    3        3    0.391663  0.000583552     56.0711    0.069069   7.27895  0.00639447
    3        3    0.454901  0.000600337     65.5459   0.0639855    6.5015  0.00465842
    3        3    0.517329  0.00057916     75.0134    0.140833   5.88312  0.00826897
    3        3     0.58003  0.000596025     84.8246    0.131522   5.36327  0.00630538
    4        0   0.0311863  0.000475965     5.18243   0.0157126   20.6451   0.0106149
    4        0   0.0817766  0.000457697     12.0694    0.010546   16.7482  0.00496128
    4        0    0.130662  0.000465532     19.2622   0.0142775   13.9177  0.00470417
    4        0    0.179861  0.000462599     26.7214   0.0165933   11.8234  0.00396687
    4        0    0.229006  0.000465382     34.3437   0.0273053   10.2264  0.00498119
    4        0    0.278478  0.000465576     42.1257   0.0293633   8.97836  0.00413384
    4        0    0.327223  0.000456815     49.8466   0.0512003   8.01184  0.00570301
    4        0    0.376173  0.000466355     57.8118   0.0697705    7.2171  0.00624379
    4        0    0.425594  0.000465519     65.7779   0.0736298   6.57237  0.00539822
    4        1   0.0128304  0.000481454     2.76021   0.0140665   22.3905   0.0105051
    4        1   0.0615537  0.000461284     9.33654   0.0145327   18.1287  0.00787061
    4        1    0.110013  0.00044753     16.0714   0.0101726   15.0502  0.00389209
    4        1    0.157654  0.000450802     23.1103   0.0263661    12.753  0.00732461
    4        1    0.205077  0.000441252     30.3889   0.0332547   11.0042  0.00703068
    4        1    0.251802  0.000445554     37.7058   0.0302499   9.64708  0.00492519
    4        1    0.299526  0.000451965     45.1258   0.0381228   8.57559   0.0048871
    4        1     0.34734  0.000449994     52.4674   0.0723815   7.73079  0.00748623
    4        1    0.394989   0.0004497     60.1807   0.0676641   7.01169  0.00569458
    4        1    0.442729  0.000450967     67.9013   0.0851202   6.42069  0.00593658
    4        2    0.043059  0.000554723      6.2249   0.0122518   19.9603  0.00783391
    4        2    0.101512  0.000540204     13.5176  0.00904551   16.0925  0.00394319
    4        2    0.158391  0.000525343     21.1726   0.0305673   13.3145  0.00924892
    4        2    0.214447  0.000541666     29.1181   0.0238672   11.2773  0.00521439
    4        2    0.272015  0.000539996     37.1402   0.0380642   9.74001  0.00631681
    4        2     0.32934  0.000538916     45.3909   0.0746429   8.54177  0.00949613
    4        2    0.385606  0.000529826     53.8057    0.107236   7.59506   0.0106915
    4        2    0.442782  0.000544836     62.1742    0.082222    6.8482  0.00658211
    4        2    0.499961  0.000529037     70.8091    0.154842   6.22477   0.0101077
    4        3   0.0476161  0.000507014     7.13361   0.0107387   19.3938  0.00653544
    4        3    0.103265  0.000510667     14.2773   0.0139486    15.768  0.00584627
    4        3    0.157914  0.000518225     21.7925   0.0126418   13.1296   0.0037176
    4        3    0.212079  0.000500183     29.5897   0.0212568   11.1749  0.00458857
    4        3    0.265433  0.000512936     37.4928   0.0505793   9.68187  0.00829611
    4        3    0.320222  0.000515791     45.3817   0.0523615   8.54294  0.00665953
    4        3    0.373952  0.000501283     53.6317   0.0571816   7.61243  0.00572488
    4        3    0.428007  0.000517164     61.8447   0.0985047   6.87466  0.00795281
    4        3    0.482629  0.000514527     70.4264    0.231401   6.24982   0.0152495
    5        0   0.0549754  0.000491535     8.27098   0.0111276   18.6762  0.00636793
    5        0    0.108382  0.000495133     15.2283     0.01274   15.3372  0.00506965
    5        0     0.16102  0.000490564     22.5263   0.0136643   12.8795  0.00388515
    5        0    0.212757  0.000489675     30.0961   0.0160083   11.0327  0.00340151
    5        0    0.265038  0.000496614     37.6969   0.0222982   9.61841  0.00362066
    5        0    0.317824  0.000497219     45.4038    0.028737   8.51295  0.00364261
    5        0    0.369826  0.000485405     53.3459   0.0400287   7.61648  0.00402743
    5        0    0.421947  0.000498574     61.3565    0.126782   6.89174   0.0103355
    5        0    0.474716  0.000496467      69.398    0.102516   6.29748  0.00688557
    5        1   0.0538279  0.000486519      7.0381   0.0121031   19.4053  0.00740161
    5        1    0.105632  0.000476285     12.7385   0.0221128   16.3955   0.0100348
    5        1    0.155985  0.000479437     18.7966   0.0207527   14.0328  0.00697704
    5        1    0.206712  0.000471908     25.0688   0.0174795   12.1953  0.00445827
    5        1    0.256704  0.000477337       31.44   0.0268337    10.753   0.0054565
    5        1    0.307628  0.000480098     37.8392   0.0383694   9.59535  0.00620287
    5        1      0.3586  0.000482464     44.3692   0.0513698    8.6461  0.00672155
    5        1    0.409194  0.000469941     50.8953   0.0815233   7.87148  0.00879016
    5        1    0.459361  0.000481055     57.6855    0.110958   7.20496   0.0099386
    5        2   0.0120107  0.000518637     2.44573   0.0148174   22.5863   0.0113511
    5        2   0.0673094  0.000499437      8.1487    0.011802   18.7464  0.00680417
    5        2    0.122797  0.000512642     13.9935    0.011581   15.8448  0.00491397
    5        2    0.176084  0.00049603     20.1008    0.013895   13.6074   0.0044028
    5        2    0.229468  0.000511758     26.3513   0.0177687   11.8769  0.00430099
    5        2    0.283685  0.000506857     32.7325    0.022347   10.4967  0.00431818
    5        2    0.336735  0.000502078     39.2302   0.0359422   9.37582  0.00554379
    5        2     0.39093  0.000512176     45.7226   0.0356503   8.47277  0.00447256
    5        2    0.444843  0.000512454     52.3449   0.0926631   7.71853  0.00959128
    5        2    0.499035  0.00050036     59.0213     0.14891   7.08754    0.012888
    5        3    0.045574  0.000472241      4.5107   0.0155378   21.0592   0.0108776
    5        3   0.0947165  0.000454361     8.24827    0.013041   18.6892  0.00747445
    5        3    0.142916  0.000453972     12.0485   0.0211379   16.7141  0.00994298
    5        3    0.191141  0.000456869     15.9323   0.0509099   15.0618   0.0195944
    5        3    0.239593  0.000452991     19.8443   0.0287067   13.6891  0.00920309
    5        3       0.287  0.00044823     23.9167   0.0250524   12.4961  0.00670675
    5        3    0.335427  0.000460817     28.0626   0.0242097    11.477   0.0054643
    5        3    0.383893  0.00045512     32.2396   0.0325133   10.5929  0.00641128
    5        3    0.432276  0.000457984     36.4316   0.0322035   9.82831  0.00545946
    6        0   0.0175024  0.000534605     3.44288   0.0157269   21.6316   0.0110034
    6        0   0.0706816  0.000491092     10.6137   0.0109936   17.2315  0.00554168
    6        0    0.123556  0.000491334      18.059   0.0157601   14.1195  0.00543869
    6        0    0.174912  0.000477288     25.8305   0.0288057   11.8578  0.00705602
    6        0    0.226178  0.000490808     33.7213   0.0351821   10.1792  0.00648115
    6        0    0.278133  0.000489711     41.8706   0.0510807   8.86983  0.00715082
    6        0    0.330336  0.000491323     50.1476   0.0553512    7.8484  0.00602362
    6        0     0.38155  0.000480678     58.3769   0.0724868   7.04875  0.00629685
    6        0    0.433351  0.000492807     66.6615    0.128535   6.40009  0.00909216
    6        0     0.48532  0.000490641      75.112    0.163081   5.85771  0.00952706
    6        1   0.0178239  0.000540628     3.27435    0.030946   21.7562   0.0236029
    6        1   0.0718324  0.000495399     10.1141  0.00911446   17.4866  0.00471582
    6        1      0.1252  0.000495429     17.2206   0.0172732   14.4143  0.00619819
    6        1    0.177493  0.000489794     24.6253   0.0225023   12.1602  0.00579528
    6        1     0.22981  0.000498464     32.2543   0.0241484   10.4571  0.00471144
    6        1    0.282836  0.000497328     39.9252    0.050166   9.15071  0.00748194
    6        1    0.334707  0.000488272     47.5841   0.0593351   8.13789  0.00696163
    6        1    0.387396  0.000500737     55.5415   0.0675431   7.30424  0.00632647
    6        1    0.440204  0.000499123     63.4241   0.0897755   6.63785  0.00686321
    6        1    0.493083  0.000492038     71.4466    0.125833    6.0803  0.00796838
    6        2  0.00969581  0.000509473     2.21091   0.0139935   22.5707    0.011124
    6        2    0.060996  0.000483003      9.0891  0.00917958   18.0313   0.0050165
    6        2    0.111722  0.000468285     16.0511   0.0106309   14.8458  0.00403616
    6        2    0.161419  0.000470828     23.3414    0.014992   12.4998  0.00407588
    6        2    0.210964  0.000461519     30.9362   0.0505811   10.7209   0.0103803
    6        2    0.260103  0.000469982     38.5039   0.0357288   9.36761  0.00558743
    6        2    0.310162  0.000471654     46.2417   0.0487748   8.29849  0.00595953
    6        2    0.360263  0.000474133     53.7987    0.149768   7.47123   0.0147244
    6        2    0.409933  0.000461107     61.8578   0.0838091   6.75981  0.00666059
    6        2    0.459129  0.000471482     69.9343    0.115243   6.17759  0.00755151
    6        3   0.0542008  0.00047999     8.46028   0.0162686   18.3803  0.00918868
    6        3    0.106465  0.000482718     15.7738   0.0121129   14.9518  0.00466511
    6        3     0.15786  0.000486977     23.4438   0.0313274    12.472  0.00848934
    6        3    0.208914  0.000472516     31.4575   0.0375795    10.615  0.00756521
    6        3    0.259209  0.000483328     39.3256   0.0487775   9.24095  0.00742043
    6        3    0.310771  0.000485091     47.5826   0.0570917   8.13806  0.00669895
    6        3    0.362206  0.000485973     55.7695   0.0815674   7.28298  0.00759293
    6        3    0.413129  0.000474107     64.1898    0.116267   6.57992  0.00872659
    6        3    0.463882  0.000486046      72.423     0.15739   6.01923  0.00975422
    7        0    0.045598  0.000488813     6.86675   0.0175908   19.0356   0.0107629
    7        0   0.0981851  0.000477391     13.9239   0.0356755     15.44   0.0150169
    7        0    0.149886  0.000492109     21.3785    0.021635    12.826  0.00633973
    7        0    0.201559  0.000480224     29.0666   0.0225092   10.9097  0.00479554
    7        0     0.25244  0.00048699     36.8529   0.0408725   9.44979  0.00665664
    7        0    0.304555  0.000491136     44.6795   0.0560855   8.32905  0.00706809
    7        0    0.356633  0.000493264     52.6277   0.0629046   7.43876  0.00626925
    7        0    0.408352  0.000479426     60.7703   0.0770796    6.7113  0.00618195
    7        0    0.459482  0.000490498     68.7922    0.130442   6.12817  0.00861434
    7        1   0.0551259  0.000473213     7.53364  0.00911183   18.6351  0.00537191
    7        1    0.107233  0.000481792     14.1711   0.0239406   15.3367  0.00993919
    7        1     0.15826  0.000482496     21.1422   0.0183068   12.8956  0.00542259
    7        1    0.208969  0.000471245     28.3353    0.033397   11.0672  0.00728671
    7        1     0.25918  0.000481912     35.6796   0.0320966   9.64458  0.00543685
    7        1    0.310483  0.000481849     43.1717   0.0448231   8.52346  0.00592151
    7        1    0.361683  0.000485348     50.6514    0.101057   7.64118   0.0106605
    7        1    0.412463  0.00047113     58.4204   0.0746232   6.90537  0.00635942
    7        1    0.462945  0.000484973     66.1775     0.15875   6.30597   0.0111536
    7        2   0.0368971  0.000453414      5.5495   0.0250192   19.8708   0.0164523
    7        2   0.0877974  0.000470795     12.1431   0.0118755   16.2254   0.0054878
    7        2    0.138202  0.000473349      19.077   0.0253181   13.5366  0.00823565
    7        2    0.188618  0.000478235     26.2348   0.0233405   11.5451  0.00554224
    7        2    0.239328  0.000474777     33.6965   0.0368459   9.99203  0.00668929
    7        2    0.289114  0.000470543     41.0688   0.0713182    8.8106   0.0100814
    7        2    0.339717  0.000480427     48.5599   0.0810206    7.8683  0.00908188
    7        2    0.390462  0.000478056     56.2108   0.0864964   7.09905  0.00781657
    7        2    0.441182  0.000478528     63.9932    0.134075   6.46325   0.0099283
    7        3  0.00872581  0.000480102     1.90239   0.0251152   22.5179   0.0201493
    7        3   0.0621166  0.000509528     8.82668   0.0113536   17.8986  0.00624841
    7        3    0.116753  0.000508853     15.8814   0.0198875   14.6582  0.00754865
    7        3    0.169777  0.000492944     23.4433   0.0183049   12.2481  0.00489271
    7        3    0.222731  0.000507861     31.0815   0.0219485   10.4919  0.00441343
    7        3     0.27632  0.000503188     38.9052   0.0513419   9.12727  0.00779563
    7        3    0.330073  0.000506969     46.8669   0.0602968   8.06269  0.00710806
    7        3    0.382863  0.000495408     54.9485   0.0748988   7.21495  0.00700236
    7        3    0.436357  0.000510869     63.3624    0.117702   6.51025  0.00885129
    7        3    0.490199  0.000500638     71.5681    0.130792   5.95084  0.00810588
    8        0   0.0482953  0.000411503     6.13979    0.011563    20.196  0.00744766
    8        0   0.0919146  0.000411503     12.9966   0.0140891   16.4896  0.00633873
    8        0    0.135534  0.000411503     19.8044   0.0152695   13.8924  0.00494538
    8        0    0.179153  0.000411503     26.1478   0.0281185   12.0992  0.00693296
    8        0     0.22361  0.000430442     32.8427   0.0291548   10.6319  0.00567649
    8        0    0.269257  0.000428634     39.8262   0.0869627   9.42666   0.0133287
    8        0    0.314733  0.000429825     46.7793   0.0772977    8.4718  0.00952631
    8        0    0.360064  0.00042457      53.768   0.0842844   7.69324  0.00850229
    8        0    0.405067  0.000426318     60.7952    0.180605   7.04767   0.0151574
    8        1   0.0194377  0.000435943     2.97699    0.011545   22.4121  0.00903998
    8        1   0.0656477  0.000435943     9.53217   0.0145009   18.1976  0.00780581
    8        1    0.111858  0.000435943      16.243   0.0307771   15.1447   0.0117563
    8        1    0.158068  0.000435943      22.518   0.0344127   13.0646  0.00988721
    8        1    0.204277  0.000435919     29.1206   0.0468951   11.4079    0.010345
    8        1    0.250488  0.000435962     35.6067   0.0512203   10.1204  0.00903903
    8        1    0.296697  0.000435903     42.5708   0.0559794   9.02469  0.00785324
    8        1    0.342907  0.000436059     49.5522   0.0988144   8.14404   0.0112288
    8        1    0.389186  0.000437516       56.64    0.105953   7.41485  0.00989375
    8        2   0.0405176  0.000452944     5.25431   0.0147276   20.7794   0.0099315
    8        2   0.0885296  0.000452944      12.283   0.0132812   16.8167  0.00620585
    8        2    0.136542  0.000452944     19.7166   0.0194535   13.9209   0.0063302
    8        2    0.185892  0.000457968     26.5626   0.0288207   11.9978  0.00699278
    8        2    0.234144  0.00047613     33.5341   0.0352894   10.4991  0.00669425
    8        2    0.283967  0.000461232     40.7384   0.0563771   9.28911  0.00838558
    8        2    0.332287  0.000455526     48.3689   0.0764424   8.28065  0.00898734
    8        2    0.381315  0.00046672     55.6296    0.217264   7.51034   0.0208733
    8        2    0.430603  0.000465103     63.0743    0.213856   6.86217    0.016962
    8        3   0.0402676  0.00049554     5.32098   0.0299586   20.7345   0.0201515
    8        3   0.0927948  0.00049554     13.3135   0.0147148   16.3482  0.00651377
    8        3    0.145322  0.00049554     21.5747   0.0246732   13.3411  0.00738709
    8        3    0.198616  0.000512719     29.3189   0.0250721   11.3643  0.00549979
    8        3    0.251397  0.000501177     37.2308   0.0433908   9.84165  0.00725205
    8        3    0.305249  0.000507384     45.3434    0.078382   8.65247   0.0100901
    8        3    0.359076  0.000510527      53.904    0.161549   7.67956   0.0162523
    8        3    0.412526  0.00049543     62.2191    0.166977   6.93055   0.0135198
    8        3    0.465505  0.000507993     70.8093    0.346507   6.30352    0.022933
    9        0   0.0212454  0.000474924     4.71734   0.0280607   21.1376   0.0194818
    9        0   0.0715874  0.000474924     11.6696   0.0108985   17.0993  0.00525663
    9        0    0.121929  0.000474924     19.1043   0.0157589   14.1151  0.00526589
    9        0    0.171579  0.00043096     25.9176   0.0205013   12.1493  0.00509982
    9        0    0.216037  0.000437809     32.8198   0.0433965   10.6301  0.00846085
    9        0    0.263028  0.000436953     40.0439   0.0485787   9.38781   0.0073828
    9        0    0.309017  0.000434658     47.3069   0.0679577   8.40222  0.00824117
    9        0    0.355365  0.000439423     54.7894    0.108487   7.58705   0.0106415
    9        0    0.401582  0.000429538     62.3137    0.121135   6.91859  0.00977324
    9        1   0.0481017  0.000433526      7.0014   0.0117205   19.6451  0.00720853
    9        1   0.0940555  0.000433526     14.3799   0.0223663    15.881  0.00936395
    9        1    0.140009  0.000433526     21.8766   0.0290547    13.244  0.00858056
    9        1    0.187154  0.000417606      28.902   0.0322466   11.4496  0.00714907
    9        1    0.232426  0.00045569     36.3351   0.0584851   9.98756   0.0100726
    9        1    0.279831  0.000436517     43.8611   0.0872649    8.8421   0.0117562
    9        1    0.325775  0.000433423     51.7378   0.0911678   7.89879  0.00972628
    9        1    0.372168  0.000441535     59.4011    0.142547   7.16204   0.0123838
    9        1    0.418986  0.000441237      67.489    0.137767   6.52683  0.00981335
    9        2   0.0228895  0.000449236     3.83161   0.0108093    21.767  0.00786013
    9        2   0.0705085  0.000449236     10.4967   0.0144191   17.6823  0.00739085
    9        2    0.118128  0.000449236     17.5696   0.0249392   14.6462   0.0089448
    9        2     0.16569  0.000437898     24.3993   0.0469134   12.5388   0.0124319
    9        2    0.210593  0.00043151     30.9258    0.068469    11.013   0.0143548
    9        2    0.257063  0.000436047     37.7403   0.0524107   9.75146  0.00860764
    9        2     0.30303  0.000434336     44.8744   0.0763983    8.7079  0.00997353
    9        2    0.349179  0.000435256     51.7763    0.176292   7.89469   0.0188098
    9        2    0.395307  0.000435821      59.025    0.136824   7.19481   0.0120011
    9        3     0.03744  0.000486736     4.88625   0.0104817   21.0209  0.00720478
    9        3   0.0890341  0.000486736      12.127   0.0135567   16.8814  0.00638177
    9        3    0.140628  0.000486736     19.5884    0.028188   13.9551  0.00922729
    9        3     0.19286  0.000451184     26.3712   0.0339039   12.0375  0.00828454
    9        3     0.24442  0.000497321     33.7228   0.0438365   10.4573   0.0082507
    9        3    0.295423  0.000480699     41.0348   0.0546829    9.2397  0.00805039
    9        3    0.347366  0.000492706     48.6165   0.0685524   8.24662  0.00799738
    9        3    0.399524  0.00049342     55.7472    0.219584   7.49445   0.0210196
    9        3    0.451392  0.000480667     63.8228    0.211963   6.79924   0.0164974
   10        0   0.0409202  0.000402382     4.79784  0.00945396   20.4785  0.00648513
   10        0   0.0835727  0.000402382     10.8398   0.0131027   16.9449  0.00650037
   10        0    0.126225  0.000402382     17.3843   0.0174409   14.1973  0.00616201
   10        0    0.169771  0.000402668     23.6022   0.0176025   12.2856  0.00469341
   10        0    0.211916  0.000406449     29.6298   0.0549808   10.8633   0.0116109
   10        0    0.255635  0.000409764     35.7839   0.0479236   9.69335  0.00813739
   10        0    0.298768  0.000407316     42.1392     0.07321   8.72283   0.0100589
   10        0    0.342132  0.000409786     48.4801     0.10701   7.93326   0.0121023
   10        0    0.385505  0.000408543     55.0195   0.0938066   7.26009  0.00881229
   10        1   0.0390388  0.000446517     4.48266   0.0180622   20.6965   0.0126027
   10        1   0.0863696  0.000446517     10.9888   0.0157317   16.8713  0.00774329
   10        1      0.1337  0.000446517     17.6131   0.0333235   14.1169   0.0116568
   10        1    0.182173  0.000434082       23.97    0.045479   12.1883   0.0119439
   10        1    0.229818  0.000460852     30.4643   0.0585894   10.6891   0.0120977
   10        1    0.278656  0.000456798     37.1446    0.065918   9.46769   0.0106926
   10        1    0.326328  0.000446591     44.0363   0.0669213   8.47015  0.00865707
   10        1    0.374448  0.000460724      50.862    0.107329   7.67345   0.0113247
   10        1    0.423223  0.000458329     58.0356    0.262967   6.98831   0.0228391
   10        2  0.00787498  0.000496919     2.48775   0.0121308    22.164  0.00957476
   10        2   0.0605484  0.000496919     8.48299   0.0167275   18.1888  0.00939332
   10        2    0.113222  0.000496919     14.9305   0.0173539   15.1192   0.0069433
   10        2    0.164456  0.000438884     20.9295    0.020185   13.0421  0.00606464
   10        2    0.210094  0.000435735      26.736   0.0341331   11.5033  0.00798923
   10        2    0.256755  0.000438397     32.7694    0.061897   10.2327   0.0117271
   10        2    0.303097  0.000438494     39.2067   0.0632919   9.14503  0.00956862
   10        2    0.349648  0.000438266     45.4195   0.0628765   8.29516  0.00779285
   10        2    0.396112  0.000440079     51.9563    0.074625   7.55993  0.00762956
   10        3   0.0496597  0.000454959     5.78386  0.00998846   19.8202   0.0064941
   10        3   0.0978854  0.000454959     12.8523    0.015801   15.9975  0.00705643
   10        3    0.146111  0.000454959     20.3592   0.0180633   13.2156  0.00556634
   10        3    0.195227  0.000478133      27.358   0.0325006   11.3597  0.00741402
   10        3    0.245151  0.000462596      34.511   0.0437125   9.91402  0.00775134
   10        3    0.293867  0.000463229     41.6728   0.0620692   8.78732  0.00865607
   10        3    0.343679  0.000471897     49.2477    0.109009   7.84755   0.0120537
   10        3     0.39353  0.000470369     56.5159    0.137024   7.12251    0.012369
   10        3    0.443279  0.000465345     64.4819    0.281564   6.47398    0.020778
   11        0   0.0245879  0.000435329     2.60927   0.0724875   22.2608   0.0559251
   11        0   0.0707328  0.000435329     9.41542   0.0227162   17.8547   0.0122005
   11        0    0.116878  0.000435329     16.6494   0.0325169    14.622   0.0119981
   11        0    0.163023  0.000438629     24.1319   0.0520891   12.2885   0.0136997
   11        0    0.209161  0.000443098     31.0735   0.0446905   10.6928  0.00912521
   11        0     0.25726  0.000452351     37.9937    0.048473   9.44804  0.00771653
   11        0    0.304893  0.00044949     45.0308    0.120076   8.44907     0.01524
   11        0    0.352676  0.000451496     52.7618    0.126648   7.57444   0.0128116
   11        0    0.400218  0.000443377     60.1559    0.149413   6.89787    0.012407
   11        1   0.0435797  0.000478316      5.2607   0.0247097   20.3501   0.0165735
   11        1   0.0942813  0.000478316     12.7138   0.0217003   16.2286  0.00980813
   11        1    0.144983  0.000478316     20.6657   0.0438367   13.2722   0.0134394
   11        1    0.196203  0.000499431     28.2482   0.0451206   11.2942   0.0100224
   11        1    0.247967  0.000483677     35.6198   0.0767694   9.84119   0.0132465
   11        1    0.299526  0.000490071     43.3798    0.152142   8.66367   0.0203371
   11        1    0.351701  0.00049263     51.2919    0.135791   7.72597   0.0143197
   11        1    0.403814  0.000490378      59.387    0.179004   6.96223   0.0151667
   11        1     0.45553  0.00048518     66.8225    0.838051   6.38874   0.0595519
   11        2   0.0178105  0.000398618      2.1084   0.0307219   22.6515   0.0243767
   11        2    0.060064  0.000398618     8.28373   0.0256989   18.4804   0.0146417
   11        2    0.102318  0.000398618     14.5636   0.0476341   15.4324   0.0195394
   11        2    0.144571  0.000398618     20.6347   0.0417907   13.2817   0.0128299
   11        2     0.18704  0.000404298     26.4951   0.0603127   11.6973   0.0143872
   11        2    0.229959  0.000403601     32.6966   0.0994018   10.3716   0.0190852
   11        2    0.272815  0.000404182     38.9136   0.0931144   9.30401   0.0143745
   11        2    0.315284  0.000397337     45.2914    0.105776   8.41619   0.0133131
   11        2    0.357639  0.000403964     51.4903    0.137255   7.70515   0.0143918
   11        3   0.0417939  0.00044528     5.36212    0.034225   20.2823   0.0228333
   11        3   0.0889936  0.00044528     12.0789   0.0212295   16.5203  0.00992317
   11        3    0.136193  0.00044528      19.099   0.0256846   13.7694  0.00844857
   11        3    0.184899  0.000453545      25.698   0.0354158   11.8903  0.00871862
   11        3     0.23175  0.000470418     32.3514    0.102882   10.4382   0.0200268
   11        3    0.280807  0.000451757     39.2083    0.134474   9.25882   0.0205684
   11        3    0.328209  0.000446914     46.4469    0.113818   8.27352    0.013832
   11        3    0.376283  0.000458831     53.2004    0.121276   7.53042   0.0121175
   11        3    0.424837  0.000456622     60.4368    0.249246   6.87467   0.0205778
