*tel  numcsi  CsI (ch) err CsI (ch)   CsI (V) err CsI (V)  Si (MeV) err Si (MeV)
    0        0       260.5         0.5     0.21935  0.000582793     7.99248  0.00425812
    0        0       320.5         0.5    0.287897  0.000568606     6.55148  0.00311896
    0        0       380.5         0.5     0.35779  0.000585676     5.55738   0.0028555
    0        0       440.5         0.5    0.426753  0.000568852     4.82626  0.00268054
    0        1       200.5         0.5    0.171649  0.000611964     9.37572  0.00292726
    0        1       260.5         0.5    0.243449  0.000590774     7.42782  0.00233076
    0        1       320.5         0.5     0.31632  0.000610261     6.13624  0.00311076
    0        1       380.5         0.5    0.388115  0.000598728     5.22347  0.00400905
    0        1       440.5         0.5     0.46084  0.000594697     4.55704  0.00236351
    0        2       260.5         0.5    0.231533  0.000607763     7.92004  0.00191055
    0        2       320.5         0.5    0.303404  0.000609438     6.49384  0.00249113
    0        2       380.5         0.5    0.376072  0.000594886     5.50158   0.0022011
    0        2       440.5         0.5    0.449179  0.000617687     4.78278  0.00250599
    0        3       200.5         0.5    0.222047  0.00063355     8.09522  0.00288695
    0        3       260.5         0.5    0.296371  0.000619394     6.55736  0.00290972
    0        3       320.5         0.5    0.372403  0.000633654     5.51503  0.00294439
    0        3       380.5         0.5    0.446768  0.000629978     4.75868  0.00273603
    0        3       440.5         0.5    0.522119  0.000613472     4.19326  0.00335927
    1        0       260.5         0.5    0.209432  0.000587113      8.4178  0.00287611
    1        0       320.5         0.5    0.279867  0.000579879     6.87262  0.00283987
    1        0       380.5         0.5    0.350084  0.00059154     5.79482  0.00305194
    1        0       440.5         0.5    0.420143  0.000573962     5.01513  0.00343503
    1        1       260.5         0.5    0.225106  0.00058653     7.95288  0.00267113
    1        1       320.5         0.5    0.294153  0.000576722     6.55493  0.00243014
    1        1       380.5         0.5    0.364774  0.00059032     5.56435  0.00235307
    1        1       440.5         0.5    0.433988  0.000574742     4.83715   0.0023082
    1        2       200.5         0.5    0.177694  0.000622003      9.3819  0.00288754
    1        2       260.5         0.5    0.250003  0.000601977      7.4642   0.0035787
    1        2       320.5         0.5    0.323726  0.000612416     6.18066  0.00252843
    1        2       380.5         0.5    0.395946  0.000608979     5.27592  0.00635055
    1        2       440.5         0.5    0.469101  0.000597624     4.60607  0.00813384
    1        3       260.5         0.5    0.218435  0.000612541     7.97056   0.0026134
    1        3       320.5         0.5    0.290602  0.000598248     6.47823  0.00310374
    1        3       380.5         0.5    0.364045  0.000611966      5.4453   0.0028542
    1        3       440.5         0.5    0.436108  0.000602246      4.7008   0.0028505
    2        0       200.5         0.5    0.179185  0.000588761      9.0829  0.00377203
    2        0       260.5         0.5    0.248271  0.000578339     7.26927  0.00385925
    2        0       320.5         0.5    0.318929  0.000588844     6.03855  0.00242942
    2        0       380.5         0.5    0.388333  0.000577126     5.16876  0.00273914
    2        0       440.5         0.5    0.459057  0.000594007     4.51056  0.00247499
    2        1       200.5         0.5    0.146059  0.000613838     9.91186  0.00222141
    2        1       260.5         0.5    0.218624  0.000618512      7.6049  0.00204408
    2        1       320.5         0.5    0.291633  0.000605478     6.13887  0.00322811
    2        1       380.5         0.5    0.365954  0.000621495     5.14442  0.00193054
    2        1       440.5         0.5    0.438726  0.000608868     4.43982  0.00276592
    2        2       200.5         0.5    0.181268  0.000596933      9.1971  0.00419018
    2        2       260.5         0.5    0.251878  0.000596649     7.33069  0.00359055
    2        2       320.5         0.5    0.324389  0.00059991     6.08748  0.00317063
    2        2       380.5         0.5    0.395318  0.000599768     5.19522  0.00379604
    2        2       440.5         0.5    0.467308  0.000585646     4.54221  0.00364938
    2        3       260.5         0.5    0.222414  0.000612536     7.82347  0.00215533
    2        3       320.5         0.5    0.294557  0.000600945     6.35437  0.00215796
    2        3       380.5         0.5    0.368053  0.000614493     5.34949  0.00360642
    2        3       440.5         0.5    0.440215  0.000604593     4.61961   0.0028874
    3        0       200.5         0.5    0.172796  0.00059498     9.36633  0.00252045
    3        0       260.5         0.5    0.242401  0.000573304     7.49183  0.00232019
    3        0       320.5         0.5    0.313218  0.000591725     6.20859  0.00492708
    3        0       380.5         0.5    0.382878  0.000576991     5.31489  0.00357159
    3        0       440.5         0.5    0.453743  0.000596413     4.65485  0.00518946
    3        1       260.5         0.5    0.223517  0.000613122     8.07476  0.00378425
    3        1       320.5         0.5    0.295758  0.000606195     6.59676  0.00667875
    3        1       380.5         0.5    0.369558  0.00061083      5.5609  0.00533949
    3        1       440.5         0.5    0.442386  0.000614247     4.82865  0.00641928
    3        2       200.5         0.5    0.152655  0.000591053     8.18161  0.00361959
    3        2       260.5         0.5    0.225052  0.000604016     6.18642  0.00364869
    3        2       320.5         0.5    0.296119  0.000593816     4.96437  0.00364956
    3        2       380.5         0.5     0.36873  0.000606482     4.16266  0.00408429
    3        3       200.5         0.5    0.170505  0.000598084     9.45922   0.0022687
    3        3       260.5         0.5    0.240875  0.000576127     7.53935  0.00368069
    3        3       320.5         0.5    0.312096  0.000599755     6.25083  0.00521001
    3        3       380.5         0.5    0.382371  0.00057875     5.32967  0.00397046
    3        3       440.5         0.5      0.4537  0.000600527     4.65807  0.00380206
    4        0       260.5         0.5     0.15949  0.000463596     9.55216  0.00308191
    4        0       320.5         0.5    0.215063  0.000464275     7.87946  0.00454179
    4        0       380.5         0.5    0.271018  0.000466708     6.68027  0.00388653
    4        0       440.5         0.5    0.326309  0.000456749     5.80379  0.00520952
    4        1       260.5         0.5    0.185527  0.000447172     8.74886  0.00331501
    4        1       320.5         0.5    0.238506  0.000441239     7.36674  0.00337927
    4        1       380.5         0.5    0.292293  0.00045212     6.34428  0.00357381
    4        1       440.5         0.5     0.34644  0.000450038     5.57476  0.00391924
    4        2       260.5         0.5    0.190896  0.00052818     9.05608  0.00404731
    4        2       320.5         0.5    0.255793  0.000541817     7.46461  0.00486929
    4        2       380.5         0.5    0.320699  0.000540845     6.31877   0.0041553
    4        2       440.5         0.5    0.384546  0.000529497     5.48035  0.00483324
    4        3       260.5         0.5    0.189867  0.000510198     8.94926  0.00241954
    4        3       320.5         0.5    0.250136  0.000506688     7.42054  0.00252905
    4        3       380.5         0.5    0.311956  0.000517327     6.31277  0.00271453
    4        3       440.5         0.5    0.372949  0.00050118     5.48417  0.00347129
    5        0       260.5         0.5    0.191275  0.000487073     8.81051  0.00256923
    5        0       320.5         0.5    0.250166  0.000494867     7.35172  0.00268745
    5        0       380.5         0.5    0.309859  0.00049819       6.292   0.0027694
    5        0       440.5         0.5    0.368855  0.000485382     5.48847  0.00278609
    5        1       260.5         0.5    0.185777  0.000479256     9.80657  0.00287486
    5        1       320.5         0.5    0.242458  0.000472433     8.29289  0.00293113
    5        1       380.5         0.5    0.299942  0.000480579     7.15998    0.002995
    5        1       440.5         0.5    0.357635  0.000482484     6.29301  0.00280472
    5        2       260.5         0.5    0.207068  0.000505758      9.4936  0.00320554
    5        2       320.5         0.5    0.268413  0.000510819      8.0693  0.00299383
    5        2       380.5         0.5    0.328727  0.000499339     6.98254  0.00303999
    5        2       440.5         0.5    0.389905  0.000512491      6.1461  0.00389605
    5        3       380.5         0.5    0.279847  0.000446175     9.58706  0.00446839
    5        3       440.5         0.5    0.334506  0.000460887     8.58809   0.0048902
    6        0       200.5         0.5    0.147059  0.000485706     9.91293   0.0029935
    6        0       260.5         0.5     0.20468  0.000485533     8.04339  0.00382885
    6        0       320.5         0.5    0.263453  0.000489182     6.73728  0.00465924
    6        0       380.5         0.5    0.322458  0.000493098     5.78281  0.00392698
    6        0       440.5         0.5    0.380589  0.000480463        5.09  0.00412647
    6        1       260.5         0.5    0.207965  0.000494426     8.29646  0.00320395
    6        1       320.5         0.5    0.267855   0.0005008     6.97182   0.0038091
    6        1       380.5         0.5    0.326912  0.000486487     6.00424  0.00490912
    6        1       440.5         0.5    0.386395  0.000500846     5.27057  0.00637376
    6        2       260.5         0.5    0.190543  0.000467146     8.54331  0.00478884
    6        2       320.5         0.5    0.246069  0.000465469     7.13827  0.00576843
    6        2       380.5         0.5    0.302612  0.000472034     6.14438   0.0073442
    6        2       440.5         0.5    0.359315  0.000474171     5.38194   0.0052517
    6        3       260.5         0.5    0.187936  0.000481256     8.46123  0.00596747
    6        3       320.5         0.5    0.244805  0.00047671     7.04203  0.00517108
    6        3       380.5         0.5    0.303004  0.000485865     6.02258  0.00785106
    6        3       440.5         0.5    0.361234  0.000486035     5.23762  0.00808801
    7        0       260.5         0.5    0.180269  0.000487004     8.74607  0.00389047
    7        0       320.5         0.5     0.23793  0.000480813     7.24539  0.00388616
    7        0       380.5         0.5    0.296689  0.000492143     6.16727  0.00448103
    7        0       440.5         0.5    0.355646  0.000493253       5.371  0.00496066
    7        1       260.5         0.5    0.188089  0.000478106      8.8449  0.00410428
    7        1       320.5         0.5    0.244809  0.000475959     7.39085  0.00440706
    7        1       380.5         0.5    0.302766  0.000482718     6.32598  0.00418108
    7        1       440.5         0.5    0.360713  0.000485376     5.52202  0.00496344
    7        2       260.5         0.5    0.167623  0.00047611     9.31308  0.00466335
    7        2       320.5         0.5    0.225028  0.000478129     7.70739  0.00458299
    7        2       380.5         0.5    0.281602  0.000468741     6.55113  0.00763681
    7        2       440.5         0.5    0.338756  0.000480475     5.70062   0.0078523
    7        3       260.5         0.5    0.200503  0.000501332     8.33394  0.00553971
    7        3       320.5         0.5    0.261228  0.00050339     6.95147  0.00356637
    7        3       380.5         0.5    0.321945  0.000508728     5.94212  0.00425597
    7        3       440.5         0.5    0.381872  0.000495161     5.19867  0.00652703
    8        0       260.5         0.5    0.161047  0.000411503     9.70801   0.0034126
    8        0       320.5         0.5    0.210758  0.000426019     8.18613  0.00435143
    8        0       380.5         0.5    0.262395  0.000429114     7.03623  0.00371811
    8        0       440.5         0.5    0.313873  0.000429838     6.16304  0.00487136
    8        1       320.5         0.5    0.191199  0.000435943     8.89709  0.00321618
    8        1       380.5         0.5    0.243512  0.000435962     7.57772  0.00381578
    8        1       440.5         0.5    0.295826  0.000435905     6.58182  0.00478666
    8        2       260.5         0.5    0.164598  0.000448028     9.64749  0.00421944
    8        2       320.5         0.5    0.219956  0.000468355     8.09073  0.00349453
    8        2       380.5         0.5    0.276565  0.000463802     6.89959  0.00577399
    8        2       440.5         0.5    0.331376  0.000455325     6.02746  0.00589951
    8        3       260.5         0.5    0.176187  0.000494575     9.11938  0.00380647
    8        3       320.5         0.5    0.236496  0.000493494     7.54008  0.00725501
    8        3       380.5         0.5     0.29712  0.000508768     6.40457  0.00875412
    8        3       440.5         0.5    0.358055  0.000510517      5.5492   0.0104657
    9        0       260.5         0.5    0.151352  0.000476172     9.78119  0.00357311
    9        0       320.5         0.5     0.20315  0.00042045      8.2069  0.00504865
    9        0       380.5         0.5    0.256015  0.000439673     6.99548   0.0053957
    9        0       440.5         0.5    0.308148  0.00043456     6.09227   0.0124462
    9        1       260.5         0.5    0.166852  0.000437303     9.14659  0.00896106
    9        1       320.5         0.5    0.218881  0.000445541     7.64666  0.00565248
    9        1       380.5         0.5    0.272827  0.000438932     6.53235  0.00721514
    9        1       440.5         0.5    0.324909  0.000433325     5.71813  0.00739387
    9        2       320.5         0.5    0.197833  0.000418735     8.52819    0.006558
    9        2       380.5         0.5     0.25007  0.000438032     7.29774  0.00523466
    9        2       440.5         0.5    0.302161  0.00043425     6.33527  0.00702699
    9        3       260.5         0.5    0.170484  0.00051183     9.67605   0.0062669
    9        3       320.5         0.5    0.229368  0.000503002     8.06319  0.00818268
    9        3       380.5         0.5    0.287766  0.000477046     6.86997  0.00671226
    9        3       440.5         0.5     0.34638  0.000492818     5.97534  0.00696765
   10        0       260.5         0.5    0.151083  0.000402703     9.87618   0.0106351
   10        0       320.5         0.5    0.199889  0.000394939     8.40112  0.00572135
   10        0       380.5         0.5    0.249062  0.000411859     7.24288  0.00514691
   10        0       440.5         0.5    0.297954  0.000407206     6.36621  0.00535482
   10        1       260.5         0.5    0.161182  0.000497198     9.83267  0.00505462
   10        1       320.5         0.5    0.216054  0.000456382     8.24289  0.00488227
   10        1       380.5         0.5    0.271331  0.00045868     7.07009  0.00671468
   10        1       440.5         0.5    0.325435  0.000446475     6.16485  0.00470686
   10        2       320.5         0.5    0.197145  0.000427236     8.95868  0.00522585
   10        2       380.5         0.5    0.249729  0.000439798     7.68649   0.0100234
   10        2       440.5         0.5     0.30222  0.000438405     6.69686  0.00829298
   10        3       260.5         0.5    0.174635  0.000458475     9.07363  0.00433985
   10        3       320.5         0.5    0.231196  0.000467512      7.6123  0.00385247
   10        3       380.5         0.5     0.28648  0.000460578     6.50457  0.00619791
   10        3       440.5         0.5    0.342735  0.000472001     5.67948  0.00617398
   11        0       320.5         0.5    0.196122  0.000425992     8.28482  0.00577232
   11        0       380.5         0.5    0.250004  0.000454546      7.0524  0.00617684
   11        0       440.5         0.5    0.303994  0.000449423     6.14126   0.0191087
   11        1       260.5         0.5    0.174728  0.000473123     9.04034  0.00494238
   11        1       320.5         0.5    0.233459  0.000484051     7.53705  0.00683259
   11        1       380.5         0.5    0.291696  0.00048879      6.4275  0.00688267
   11        1       440.5         0.5    0.350716  0.000492662     5.60497   0.0112429
   11        2       320.5         0.5    0.175035  0.000398549     9.16954  0.00766726
   11        2       380.5         0.5      0.2235  0.000403727     7.85829    0.011025
   11        2       440.5         0.5    0.272007  0.000404255     6.83841  0.00894386
   11        3       260.5         0.5    0.163781  0.000435329     9.56169   0.0103393
   11        3       320.5         0.5    0.217786  0.000458736     8.03446   0.0127313
   11        3       380.5         0.5    0.273556  0.000454524     6.90354   0.0190258
   11        3       440.5         0.5    0.327315  0.000446755      6.0103  0.00967126
