*tel  numcsi  CsI (ch) err CsI (ch)   CsI (V) err CsI (V)  Si (MeV) err Si (MeV)
    0        0       416.5         0.5    0.399487  0.000570256     25.7153   0.0279816
    0        0       532.5         0.5    0.534092  0.000577192     21.8124   0.0176291
    0        0       648.5         0.5    0.667541  0.000565379     18.8894   0.0183419
    0        0       764.5         0.5    0.802169  0.00056621     16.6607   0.0133745
    0        0       880.5         0.5    0.937518  0.000577786     14.9394   0.0242382
    0        1       300.5         0.5    0.291832  0.000612845     29.9909   0.0222692
    0        1       416.5         0.5    0.431947  0.000609972     24.6656   0.0116211
    0        1       532.5         0.5    0.572217  0.000608647     20.9186   0.0126947
    0        1       648.5         0.5    0.712335  0.000612725     18.1158  0.00702145
    0        1       764.5         0.5    0.852005  0.00059559     16.0157   0.0127406
    0        1       880.5         0.5    0.993629  0.000603597     14.3436   0.0289308
    0        2       416.5         0.5    0.419568  0.000614275     25.6145   0.0163982
    0        2       532.5         0.5     0.56063  0.000617515     21.6803   0.0152321
    0        2       648.5         0.5    0.701624  0.000618576     18.7538   0.0139946
    0        2       764.5         0.5    0.842272  0.000603794     16.5665   0.0166328
    0        2       880.5         0.5    0.984566  0.000610009     14.7935   0.0181982
    0        3       300.5         0.5    0.346916  0.000638656     28.0711   0.0182052
    0        3       416.5         0.5    0.492501  0.000625999     23.3105   0.0178908
    0        3       532.5         0.5    0.637013  0.000620648     19.8917   0.0209335
    0        3       648.5         0.5     0.78239  0.000621114     17.3281   0.0124988
    0        3       764.5         0.5     0.92848  0.000645391     15.3448   0.0170971
    1        0       416.5         0.5    0.392489  0.000581479     26.3541   0.0101165
    1        0       532.5         0.5    0.528723  0.000587811     22.3335   0.0123484
    1        0       648.5         0.5    0.664647  0.000587169     19.3155   0.0147764
    1        0       764.5         0.5    0.800379  0.000576296      17.057   0.0158261
    1        0       880.5         0.5    0.937573  0.000584966     15.2449   0.0174752
    1        1       416.5         0.5    0.406607  0.000570293     25.7124   0.0140257
    1        1       532.5         0.5       0.541  0.000578041     21.8262   0.0108512
    1        1       648.5         0.5    0.676389  0.000572066     18.9367   0.0160906
    1        1       764.5         0.5    0.811938  0.00057268     16.7149   0.0177073
    1        1       880.5         0.5    0.947942  0.000584545     14.9807   0.0146855
    1        2       416.5         0.5    0.440197  0.000610042     24.8087   0.0103998
    1        2       532.5         0.5    0.581839  0.000611496     21.1095   0.0178104
    1        2       648.5         0.5    0.722239  0.000596889     18.3143   0.0173396
    1        2       764.5         0.5    0.863957  0.000603586     16.1734   0.0194726
    1        2       880.5         0.5      1.0065  0.000627762     14.5093   0.0152559
    1        3       416.5         0.5    0.407483  0.000594597      25.373   0.0133471
    1        3       532.5         0.5    0.547519  0.000605846     21.3469   0.0130822
    1        3       648.5         0.5    0.688485  0.000606393     18.4516   0.0314394
    1        3       764.5         0.5      0.8293  0.000619137     16.1551   0.0224382
    1        3       880.5         0.5    0.971621  0.000620623     14.4315   0.0143953
    2        0       300.5         0.5    0.295289  0.000592203     29.6117   0.0118918
    2        0       416.5         0.5    0.430528  0.00059295     24.5006   0.0152565
    2        0       532.5         0.5     0.56633  0.000595422     20.8517   0.0146476
    2        0       648.5         0.5    0.702026  0.000593687     18.1362   0.0197842
    2        0       764.5         0.5    0.837744  0.000596713     15.9995   0.0175331
    2        0       880.5         0.5    0.974513  0.000595943     14.3842   0.0107951
    2        1       416.5         0.5    0.409882  0.000598412     24.3133   0.0119136
    2        1       532.5         0.5    0.551513  0.000614325     20.3173     0.02219
    2        1       648.5         0.5    0.693907  0.000617806     17.4293   0.0186846
    2        1       764.5         0.5    0.836509  0.000629088     15.3184   0.0190675
    2        2       300.5         0.5    0.300247  0.000606273     29.8949   0.0209144
    2        2       416.5         0.5    0.438925  0.000600618     24.7147   0.0243725
    2        2       532.5         0.5     0.57805  0.000600818     21.0328   0.0169928
    2        2       648.5         0.5    0.716058  0.000585839     18.2452    0.019766
    2        2       764.5         0.5    0.855253  0.000589665     16.1137   0.0160804
    2        2       880.5         0.5    0.995914  0.000596189     14.5839   0.0272551
    2        3       416.5         0.5    0.411557  0.000594274     25.0124   0.0152706
    2        3       532.5         0.5    0.551662  0.000609338     21.0747   0.0147467
    2        3       648.5         0.5    0.692866  0.000610401     18.1624   0.0189411
    2        3       764.5         0.5    0.834006  0.000621074     15.9343   0.0196203
    2        3       880.5         0.5    0.976441  0.000619603     14.2535   0.0279839
    3        0       416.5         0.5    0.425116  0.000594771     24.8981    0.020813
    3        0       532.5         0.5    0.561247  0.000596278     21.1914   0.0280782
    3        0       648.5         0.5    0.697284  0.00059522     18.4603   0.0267919
    3        0       764.5         0.5    0.833326  0.000597926     16.3335   0.0397313
    3        0       880.5         0.5    0.970628  0.000601548     14.6059   0.0230212
    3        1       416.5         0.5    0.413209  0.000604027     25.5347   0.0418622
    3        1       532.5         0.5    0.554457  0.000616082     21.6028   0.0578522
    3        1       648.5         0.5     0.69648  0.000617515     18.5951    0.168372
    3        1       764.5         0.5    0.838622  0.000624904     16.3467    0.177257
    3        1       880.5         0.5       0.982  0.000618994     14.6663   0.0927708
    3        2       300.5         0.5    0.272562  0.000586489     26.3702   0.0195324
    3        2       416.5         0.5    0.411738  0.000588766     20.7841   0.0434813
    3        2       532.5         0.5    0.550215  0.00060148     17.1685   0.0235369
    3        2       648.5         0.5    0.689683  0.000601877     14.6221   0.0195567
    3        3       416.5         0.5    0.424854  0.000599517     24.9934   0.0201785
    3        3       532.5         0.5    0.562078  0.000598994     21.2032    0.015483
    3        3       648.5         0.5    0.699053  0.000600993     18.4863   0.0466396
    3        3       764.5         0.5    0.836203  0.000601679     16.3547   0.0232054
    3        3       880.5         0.5    0.974409  0.00060455     14.6215   0.0350087
    4        0       416.5         0.5    0.304367  0.000458556     28.7907   0.0274399
    4        0       532.5         0.5    0.411623  0.000465875     24.7338   0.0452065
    4        0       648.5         0.5    0.519708  0.000465186     21.6092   0.0351507
    4        0       764.5         0.5    0.626578  0.000466872     19.1629   0.0249663
    4        0       880.5         0.5    0.734571  0.000466879     17.2258   0.0285759
    4        0       996.5         0.5    0.841368  0.000463195     15.6465    0.049238
    4        1       416.5         0.5    0.324812  0.000451062     28.0965   0.0282891
    4        1       532.5         0.5    0.429205  0.000450671     24.3047   0.0186812
    4        1       648.5         0.5    0.532664  0.000442267     21.3794   0.0263119
    4        1       764.5         0.5    0.636758  0.000448275     19.1095   0.0411928
    4        1       880.5         0.5       0.741  0.000443827     17.2292   0.0307504
    4        1       996.5         0.5     0.84446  0.000450366     15.7393   0.0207774
    4        2       416.5         0.5    0.359213  0.000528191     27.9337   0.0236619
    4        2       532.5         0.5    0.483982  0.000536275     23.8922   0.0362317
    4        2       648.5         0.5    0.608175  0.000543282     20.8285   0.0361918
    4        2       764.5         0.5    0.732311  0.000545186      18.394    0.114106
    4        2       880.5         0.5    0.856441  0.000543703     16.5402   0.0401548
    4        2       996.5         0.5    0.981892  0.000538852     14.9615   0.0360365
    4        3       416.5         0.5    0.348846  0.000505078     27.8276   0.0449415
    4        3       532.5         0.5    0.467202  0.000514132     23.9198   0.0250725
    4        3       648.5         0.5    0.585449  0.000504884     20.8629   0.0449173
    4        3       764.5         0.5    0.704087  0.000501013     18.5113   0.0389499
    4        3       880.5         0.5    0.822598  0.000511078     16.5975   0.0312349
    4        3       996.5         0.5    0.941073  0.000512927     15.0785    0.024195
    5        0       416.5         0.5     0.34549  0.000489633      27.763   0.0206082
    5        0       532.5         0.5    0.459818  0.000496882     23.8572   0.0307163
    5        0       648.5         0.5    0.574114  0.000485255     20.9691   0.0374303
    5        0       764.5         0.5    0.688896  0.000497964     18.6051    0.034383
    5        0       880.5         0.5    0.802914  0.000494284     16.7872   0.0288559
    5        0       996.5         0.5    0.918447  0.00049704      15.217   0.0577231
    5        1       532.5         0.5    0.444998  0.000476193     26.2921   0.0568416
    5        1       648.5         0.5     0.55657  0.000480792     23.3068   0.0306947
    5        1       764.5         0.5    0.667244  0.000474484     20.9198   0.0211237
    5        1       880.5         0.5    0.778607  0.000479998     19.0012   0.0383621
    5        1       996.5         0.5    0.889072  0.000479557      17.283    0.080911
    5        2       416.5         0.5    0.365223  0.000513934     29.6526   0.0248295
    5        2       532.5         0.5    0.483884  0.000509392     26.0112   0.0197614
    5        2       648.5         0.5    0.600929  0.000509914     23.0061   0.0269773
    5        2       764.5         0.5    0.718162  0.000505435      20.609   0.0362674
    5        2       880.5         0.5    0.836006  0.000502693     18.8057   0.0263293
    5        2       996.5         0.5    0.953816  0.000512787     17.1349   0.0369754
    5        3       648.5         0.5    0.524097  0.000448511     29.1532   0.0423436
    5        3       764.5         0.5    0.629357  0.000454568     26.6636    0.109136
    5        3       880.5         0.5    0.735174  0.000456443     24.6846   0.0925185
    5        3       996.5         0.5    0.839881  0.000452779     23.1386    0.795227
    6        0       416.5         0.5    0.357559  0.000480882     26.1003   0.0326892
    6        0       532.5         0.5    0.470627  0.000489228     22.5371   0.0150366
    6        0       648.5         0.5    0.583447  0.000480577     19.7167   0.0179088
    6        0       764.5         0.5     0.69707  0.000493557     17.5784   0.0342882
    6        0       880.5         0.5    0.809814  0.000488628     15.7832    0.048654
    6        0       996.5         0.5    0.924005  0.000490388     14.4051   0.0284365
    6        1       416.5         0.5    0.362363  0.000499096     26.7834   0.0269259
    6        1       532.5         0.5    0.478222  0.00049802      23.154   0.0214427
    6        1       648.5         0.5    0.592591  0.000498131     20.3488   0.0374788
    6        1       764.5         0.5     0.70785  0.000486482     18.0793   0.0863888
    6        1       880.5         0.5    0.822619  0.000498311     16.3082   0.0407037
    6        1       996.5         0.5    0.937671  0.000498119      14.888   0.0216416
    6        2       416.5         0.5    0.336582  0.000472499     27.2939   0.0290842
    6        2       532.5         0.5    0.445052  0.000466801     23.5142   0.0333367
    6        2       648.5         0.5     0.55456  0.000470818     20.6674   0.0850018
    6        2       764.5         0.5    0.663301  0.000460668     18.2996   0.0235175
    6        2       880.5         0.5    0.772396  0.000472489     16.4862   0.0468536
    6        2       996.5         0.5    0.880635  0.000466661     15.0134   0.0409946
    6        3       416.5         0.5    0.337915  0.000485002     26.9286   0.0356743
    6        3       532.5         0.5     0.44935  0.000482372     23.0878   0.0310833
    6        3       648.5         0.5    0.561789  0.000485847     20.1287   0.0283455
    6        3       764.5         0.5    0.673035  0.00048617     17.8273   0.0307015
    6        3       880.5         0.5    0.785522  0.000477806     16.0597   0.0355611
    6        3       996.5         0.5    0.896994  0.000488026     14.6098   0.0598262
    7        0       416.5         0.5    0.332026  0.000490781     27.1392   0.0224903
    7        0       532.5         0.5    0.444842  0.000485238     23.1951   0.0313801
    7        0       648.5         0.5     0.55874  0.000489489     20.2875   0.0625742
    7        0       764.5         0.5    0.671282  0.000491694     18.0112   0.0373801
    7        0       880.5         0.5    0.785227  0.000483211     16.1666    0.033637
    7        0       996.5         0.5    0.898112  0.000492501     14.6841   0.0527865
    7        1       416.5         0.5    0.337461  0.000482688     27.6663   0.0285895
    7        1       532.5         0.5     0.44846  0.00048031     23.8479   0.0203013
    7        1       648.5         0.5     0.56065  0.000484019     20.8509    0.024875
    7        1       764.5         0.5    0.671498  0.000485359     18.6474   0.0690215
    7        1       880.5         0.5    0.783605  0.000479253     16.8566     0.12891
    7        1       996.5         0.5    0.894543  0.000484297     15.1735   0.0366276
    7        2       416.5         0.5    0.315713  0.000478798     28.1582    0.040498
    7        2       532.5         0.5    0.426824  0.00047864     24.2469   0.0506843
    7        2       648.5         0.5     0.53702  0.000473475     21.1445    0.151388
    7        2       996.5         0.5    0.869112  0.000479193     15.4117    0.027514
    7        3       416.5         0.5    0.358145  0.000495473     26.6294    0.046228
    7        3       532.5         0.5    0.475089  0.000506127     22.9226    0.032676
    7        3       648.5         0.5    0.591319  0.000507404      20.025    0.021753
    7        3       764.5         0.5    0.708472  0.000495095     17.8576   0.0928565
    7        3       880.5         0.5    0.825377  0.000505496     15.9438   0.0322077
    7        3       996.5         0.5    0.942292  0.000507101     14.6256   0.0288656
    8        0       416.5         0.5    0.293254  0.000428931     29.8953   0.0650341
    8        0       532.5         0.5      0.3923  0.000424852     25.8954   0.0266424
    8        0       648.5         0.5    0.491828  0.000430469     22.9583   0.0476294
    8        0       764.5         0.5    0.591549  0.00043016     20.4164   0.0250099
    8        0       880.5         0.5    0.691326    0.000426     18.4088    0.145889
    8        0       996.5         0.5    0.790301  0.000430109     16.8598   0.0820474
    8        1       532.5         0.5    0.376071  0.000436877     27.0308   0.0252126
    8        1       648.5         0.5    0.476622  0.000427697     23.7938   0.0877303
    8        1       764.5         0.5    0.577799  0.00043588     21.2819   0.0538909
    8        1       880.5         0.5    0.679016  0.000436403     19.0627   0.0310572
    8        2       416.5         0.5    0.309576  0.000454259     29.4713   0.0778527
    8        2       532.5         0.5     0.41667  0.000464088     25.3657   0.0557302
    8        2       648.5         0.5     0.52408  0.000454845     22.3709   0.0562528
    8        2       764.5         0.5     0.63195  0.000463717     19.7753   0.0758544
    8        2       880.5         0.5    0.740042  0.000460245     17.9251   0.0507174
    8        2       996.5         0.5    0.847365  0.000468349     16.4371   0.0352431
    8        3       416.5         0.5    0.333622  0.000507132     28.1902    0.045628
    8        3       532.5         0.5    0.450328  0.000503518     24.1866    0.043661
    8        3       648.5         0.5    0.568417  0.000507716     21.0402    0.113771
    8        3       764.5         0.5     0.68493  0.000511642     18.8157   0.0205256
    8        3       880.5         0.5    0.801517  0.00050639     16.6204    0.141575
    8        3       996.5         0.5    0.919806  0.000509391     15.1572   0.0708479
    9        0       416.5         0.5    0.287343  0.000432714     29.7171   0.0208058
    9        0       532.5         0.5    0.388629  0.000433992     25.6794   0.0320008
    9        0       648.5         0.5    0.489187  0.000439711     22.5131   0.0589543
    9        0       764.5         0.5      0.5907  0.000437227     20.1369   0.0253002
    9        0       880.5         0.5    0.692142  0.000430757     18.0565   0.0501984
    9        0       996.5         0.5    0.793115  0.000438467     16.2845    0.231473
    9        1       416.5         0.5    0.304139  0.000432634     28.7611   0.0739285
    9        1       532.5         0.5    0.405747  0.000441408     24.7727   0.0587192
    9        1       648.5         0.5    0.508252  0.000441585     21.7902    0.126022
    9        1       764.5         0.5    0.610567  0.000431914     19.3335    0.114006
    9        1       880.5         0.5    0.712653  0.000440766     17.5098   0.0406487
    9        1       996.5         0.5    0.815183  0.000440997     15.8297   0.0802472
    9        2       532.5         0.5    0.382243  0.000435217     26.3124   0.0836296
    9        2       648.5         0.5    0.482455  0.000428837     23.1621   0.0435641
    9        2       764.5         0.5    0.583473   0.0004352     20.8036   0.0352405
    9        2       880.5         0.5    0.684586  0.00043768     18.5936    0.051408
    9        2       996.5         0.5    0.784879  0.00043096     16.9138   0.0504621
    9        3       416.5         0.5    0.322709  0.000492109     29.4823   0.0368441
    9        3       532.5         0.5    0.436882  0.000486761     25.4161   0.0390851
    9        3       648.5         0.5    0.549771  0.000492166     22.3588   0.0381474
    9        3       764.5         0.5    0.663368  0.000479441     19.9917     0.26763
    9        3       880.5         0.5    0.776844  0.000491956     17.8817   0.0398033
    9        3       996.5         0.5    0.889969  0.000490617     16.2212   0.0858251
   10        0       532.5         0.5    0.373243  0.000408903     26.4366   0.0343937
   10        0       648.5         0.5    0.468083  0.000410499     23.4085    0.153745
   10        0       764.5         0.5    0.562888  0.000402657     20.8897    0.123998
   10        0       880.5         0.5    0.657445  0.00040963     18.8665    0.116545
   10        0       996.5         0.5    0.752618  0.00041095     17.2405   0.0887378
   10        1       416.5         0.5    0.303999  0.000448049     29.6719   0.0426803
   10        1       532.5         0.5    0.409458  0.00045934     25.7926   0.0212653
   10        1       648.5         0.5    0.515859  0.000460047     22.4786    0.306062
   10        1       764.5         0.5     0.62119  0.00046163     20.2102   0.0665028
   10        1       880.5         0.5    0.727603  0.000460108      18.299   0.0677209
   10        1       996.5         0.5    0.833272  0.000454395     16.7189   0.0344988
   10        2       532.5         0.5    0.382934  0.000438567     27.2364   0.0287285
   10        2       648.5         0.5    0.484029  0.000432073     23.9164   0.0617951
   10        2       764.5         0.5    0.585956  0.000439539     21.5537   0.0360067
   10        2       880.5         0.5    0.687912  0.000440233     19.3661   0.0392385
   10        2       996.5         0.5    0.788867  0.000434902     17.7917   0.0537637
   10        3       416.5         0.5     0.32007  0.000471405     28.3636   0.0678259
   10        3       532.5         0.5    0.429266  0.000468539      24.548     0.32756
   10        3       648.5         0.5    0.537419  0.000471189     21.4874   0.0364905
   10        3       764.5         0.5    0.646463  0.000472819     19.1356   0.0454817
   10        3       880.5         0.5     0.75458  0.000470116      17.339    0.344744
   10        3       996.5         0.5    0.863829  0.00047233     15.6441   0.0383018
   11        0       416.5         0.5    0.282456  0.000448445     29.4918    0.117743
   11        0       532.5         0.5    0.386864  0.000446872     25.3886   0.0707218
   11        0       648.5         0.5    0.490552  0.000452586     22.1054    0.124414
   11        0       764.5         0.5    0.595231  0.000450881     19.7239   0.0356933
   11        0       880.5         0.5    0.699285  0.000443754     17.5946   0.0378805
   11        1       416.5         0.5    0.327058  0.000492752      27.764    0.112827
   11        1       532.5         0.5    0.440957  0.000486581     23.7298    0.112222
   11        1       648.5         0.5    0.554635  0.000493681     20.9602    0.304076
   11        1       764.5         0.5    0.668181  0.000486834      18.472   0.0330698
   11        1       880.5         0.5    0.782276  0.000490158     16.7023   0.0904149
   11        2       532.5         0.5    0.345561  0.000401154     27.2398   0.0464978
   11        2       648.5         0.5    0.439588  0.00040605      24.141    0.109333
   11        2       764.5         0.5     0.53387  0.000405156     21.5995    0.175549
   11        3       416.5         0.5    0.305915  0.000445901      29.097   0.0381166
   11        3       532.5         0.5    0.411128  0.000457329     25.3109   0.0979418
   11        3       648.5         0.5    0.517279  0.000458906      21.988    0.422143
   11        3       764.5         0.5    0.622285  0.000458936     19.9442   0.0636831
