      *tel    numcsi         Z         A               AZ2/E               Leff
         0         0         1         3            0.427515          0.00803475
         0         0         1         3             0.22169           0.0071626
         0         0         1         3            0.149644          0.00665212
         0         0         1         3            0.112941           0.0064983
         0         0         1         3           0.0906954          0.00648563
         0         0         1         3           0.0757712          0.00621303
         0         0         1         3           0.0650647          0.00631518
         0         0         1         3           0.0570092          0.00634319
         0         0         1         3           0.0507286          0.00616827
         0         0         1         3           0.0456946          0.00606678
         0         0         1         3           0.0415694          0.00622573
         0         0         1         3           0.0381274          0.00616811
         0         0         1         3           0.0352118          0.00596719
         0         0         1         3           0.0327105          0.00600311
         0         0         1         3           0.0305409          0.00603287
         0         0         1         3           0.0286413          0.00581638
         0         0         1         3           0.0269641          0.00595827
         0         0         1         3           0.0254725          0.00600219
         0         0         1         3           0.0241372          0.00582951
         0         0         1         3            0.022935          0.00570202
         0         1         1         3            0.536557           0.0073196
         0         1         1         3            0.238837          0.00714161
         0         1         1         3            0.153605          0.00606281
         0         1         1         3            0.113206          0.00653099
         0         1         1         3           0.0896327          0.00623727
         0         1         1         3           0.0741847          0.00643243
         0         1         1         3           0.0632787          0.00643529
         0         1         1         3           0.0551684          0.00620958
         0         1         1         3           0.0489008          0.00633977
         0         1         1         3           0.0439121          0.00624472
         0         1         1         3            0.039847          0.00616805
         0         1         1         3           0.0364707          0.00629281
         0         1         1         3            0.033622          0.00620881
         0         1         1         3            0.031186          0.00602824
         0         1         1         3           0.0290791            0.006148
         0         1         1         3           0.0272389          0.00619258
         0         1         1         3           0.0256178          0.00596158
         0         1         1         3           0.0241788          0.00601325
         0         1         1         3           0.0228928          0.00600704
         0         1         1         3           0.0217367          0.00588677
         0         2         1         3            0.482347           0.0073903
         0         2         1         3              0.2348          0.00699356
         0         2         1         3            0.155166          0.00665356
         0         2         1         3            0.115869          0.00672116
         0         2         1         3           0.0924539          0.00676473
         0         2         1         3           0.0769115          0.00653135
         0         2         1         3           0.0658428          0.00672258
         0         2         1         3           0.0575591          0.00652168
         0         2         1         3           0.0511268          0.00657745
         0         2         1         3           0.0459877          0.00668434
         0         2         1         3           0.0417873          0.00651297
         0         2         1         3             0.03829          0.00641457
         0         2         1         3           0.0353329          0.00658333
         0         2         1         3           0.0327998          0.00629489
         0         2         1         3           0.0306057          0.00645132
         0         2         1         3           0.0286866          0.00651505
         0         2         1         3            0.026994          0.00626812
         0         2         1         3           0.0254901          0.00624023
         0         2         1         3           0.0241448          0.00635853
         0         2         1         3           0.0229345          0.00617088
         0         3         1         3            0.453683          0.00802902
         0         3         1         3            0.213108          0.00728089
         0         3         1         3            0.139261          0.00670512
         0         3         1         3            0.103423           0.0065749
         0         3         1         3           0.0822551           0.0064926
         0         3         1         3             0.06828          0.00647007
         0         3         1         3           0.0583639          0.00657801
         0         3         1         3           0.0509628          0.00630703
         0         3         1         3           0.0452275          0.00637196
         0         3         1         3           0.0406525          0.00630561
         0         3         1         3           0.0369181          0.00621927
         0         3         1         3            0.033812          0.00626676
         0         3         1         3           0.0311881          0.00612002
         0         3         1         3            0.028942          0.00622834
         0         3         1         3           0.0269978          0.00616735
         0         3         1         3           0.0252983          0.00595195
         0         3         1         3           0.0238001          0.00614503
         0         3         1         3           0.0224694          0.00591631
         0         3         1         3           0.0212797          0.00607089
         0         3         1         3           0.0202096          0.00610957
         1         0         1         3             0.44276          0.00801456
         1         0         1         3            0.230364          0.00735965
         1         0         1         3            0.155682          0.00699636
         1         0         1         3            0.117567          0.00650288
         1         0         1         3           0.0944452          0.00674641
         1         0         1         3           0.0789232          0.00652623
         1         0         1         3            0.067783          0.00649182
         1         0         1         3           0.0593988          0.00653473
         1         0         1         3           0.0528604          0.00642613
         1         0         1         3           0.0476187          0.00629834
         1         0         1         3           0.0433228          0.00648478
         1         0         1         3           0.0397378          0.00646991
         1         0         1         3           0.0367008          0.00624877
         1         0         1         3           0.0340951           0.0062646
         1         0         1         3           0.0318348          0.00641056
         1         0         1         3           0.0298556            0.006286
         1         0         1         3           0.0281081          0.00617497
         1         0         1         3           0.0265538          0.00630149
         1         0         1         3           0.0251625          0.00621695
         1         0         1         3           0.0239096          0.00609161
         1         1         1         3            0.519436          0.00708355
         1         1         1         3            0.246499          0.00659735
         1         1         1         3            0.161591          0.00650886
         1         1         1         3            0.120191          0.00654136
         1         1         1         3           0.0956776          0.00664416
         1         1         1         3           0.0794697          0.00641048
         1         1         1         3           0.0679576          0.00645931
         1         1         1         3           0.0593588          0.00659815
         1         1         1         3           0.0526916          0.00648724
         1         1         1         3           0.0473709          0.00631039
         1         1         1         3           0.0430262          0.00653361
         1         1         1         3           0.0394115          0.00633539
         1         1         1         3           0.0363571          0.00636088
         1         1         1         3           0.0337421          0.00647903
         1         1         1         3            0.031478          0.00637242
         1         1         1         3           0.0294986          0.00617962
         1         1         1         3           0.0277534          0.00635405
         1         1         1         3           0.0262032          0.00636272
         1         1         1         3           0.0248171          0.00617443
         1         1         1         3           0.0235702          0.00615275
         1         2         1         3            0.491234          0.00749637
         1         2         1         3            0.233445          0.00831052
         1         2         1         3            0.153101          0.00644029
         1         2         1         3              0.1139          0.00678364
         1         2         1         3           0.0906814          0.00650585
         1         2         1         3           0.0753262          0.00673199
         1         2         1         3           0.0644181          0.00664988
         1         2         1         3           0.0562697          0.00643212
         1         2         1         3           0.0499512          0.00661379
         1         2         1         3           0.0449084          0.00641326
         1         2         1         3           0.0407905          0.00644641
         1         2         1         3           0.0373643          0.00655759
         1         2         1         3           0.0344691           0.0063916
         1         2         1         3           0.0319903          0.00627449
         1         2         1         3           0.0298441          0.00639215
         1         2         1         3           0.0279678           0.0061397
         1         2         1         3           0.0263134          0.00631626
         1         2         1         3           0.0248439          0.00630083
         1         2         1         3           0.0235298          0.00611889
         1         2         1         3           0.0223477          0.00615872
         1         3         1         3            0.441675          0.00718079
         1         3         1         3            0.221592          0.00684316
         1         3         1         3            0.147896           0.0067139
         1         3         1         3            0.110985          0.00632645
         1         3         1         3           0.0888187          0.00656319
         1         3         1         3           0.0740325          0.00630613
         1         3         1         3           0.0634668          0.00645536
         1         3         1         3           0.0555402          0.00643043
         1         3         1         3           0.0493738           0.0062074
         1         3         1         3           0.0444398          0.00625941
         1         3         1         3           0.0404023           0.0062854
         1         3         1         3           0.0370374          0.00605983
         1         3         1         3           0.0341898          0.00621833
         1         3         1         3           0.0317489           0.0061887
         1         3         1         3           0.0296333          0.00596537
         1         3         1         3            0.027782          0.00602293
         1         3         1         3           0.0261484          0.00601469
         1         3         1         3           0.0246963           0.0058172
         1         3         1         3           0.0233969           0.0059599
         1         3         1         3           0.0222275          0.00598742
         2         0         1         3            0.412523          0.00831847
         2         0         1         3            0.215053          0.00698286
         2         0         1         3            0.145435          0.00665767
         2         0         1         3            0.109868          0.00634175
         2         0         1         3           0.0882788          0.00622598
         2         0         1         3           0.0737808          0.00640661
         2         0         1         3           0.0633731          0.00637327
         2         0         1         3           0.0555387          0.00618676
         2         0         1         3           0.0494282          0.00626235
         2         0         1         3            0.044529          0.00636673
         2         0         1         3           0.0405134          0.00623373
         2         0         1         3           0.0371621          0.00611048
         2         0         1         3            0.034323          0.00631574
         2         0         1         3           0.0318868           0.0060585
         2         0         1         3           0.0297736          0.00615399
         2         0         1         3            0.027923          0.00623994
         2         0         1         3            0.026289           0.0061135
         2         0         1         3           0.0248357          0.00600263
         2         0         1         3           0.0235347          0.00615616
         2         0         1         3           0.0223632          0.00617397
         2         1         1         3             0.41425          0.00756214
         2         1         1         3            0.205146          0.00664697
         2         1         1         3             0.13633          0.00635227
         2         1         1         3            0.102085          0.00602944
         2         1         1         3           0.0815905           0.0060834
         2         1         1         3           0.0679491           0.0058459
         2         1         1         3           0.0582157          0.00595816
         2         1         1         3           0.0509215          0.00587487
         2         1         1         3           0.0452516          0.00560348
         2         1         1         3           0.0407179          0.00576929
         2         1         1         3           0.0370099          0.00561775
         2         1         1         3           0.0339208          0.00552072
         2         1         1         3           0.0313077          0.00562873
         2         1         1         3           0.0290685          0.00553608
         2         1         1         3           0.0271281          0.00533003
         2         1         1         3           0.0254306          0.00546946
         2         1         1         3            0.023933          0.00533975
         2         1         1         3            0.022602          0.00522965
         2         1         1         3           0.0214112          0.00537111
         2         1         1         3           0.0203397          0.00536053
         2         2         1         3            0.511054          0.00748927
         2         2         1         3            0.236514          0.00695391
         2         2         1         3             0.15386          0.00684294
         2         2         1         3            0.114015          0.00652915
         2         2         1         3           0.0905623            0.006453
         2         2         1         3           0.0751119           0.0066349
         2         2         1         3            0.064165          0.00653593
         2         2         1         3           0.0560031          0.00632529
         2         2         1         3           0.0496832           0.0065116
         2         2         1         3           0.0446451          0.00630639
         2         2         1         3           0.0405347           0.0063144
         2         2         1         3           0.0371174          0.00643988
         2         2         1         3           0.0342315          0.00628194
         2         2         1         3           0.0317619          0.00612953
         2         2         1         3           0.0296247          0.00628842
         2         2         1         3            0.027757          0.00604659
         2         2         1         3           0.0261108            0.006152
         2         2         1         3            0.024649          0.00620447
         2         2         1         3           0.0233421          0.00605113
         2         2         1         3           0.0221669          0.00597497
         2         3         1         3            0.427146          0.00842805
         2         3         1         3            0.215924          0.00693352
         2         3         1         3             0.14448          0.00644016
         2         3         1         3             0.10856          0.00631142
         2         3         1         3           0.0869441           0.0062904
         2         3         1         3            0.072507          0.00610277
         2         3         1         3           0.0621817           0.0062241
         2         3         1         3           0.0544306           0.0062332
         2         3         1         3           0.0483976          0.00600099
         2         3         1         3           0.0435686          0.00610003
         2         3         1         3           0.0396158          0.00608504
         2         3         1         3           0.0363206          0.00591326
         2         3         1         3           0.0335315          0.00610002
         2         3         1         3           0.0311402           0.0060671
         2         3         1         3           0.0290673           0.0058364
         2         3         1         3           0.0272531          0.00595327
         2         3         1         3           0.0256521          0.00592805
         2         3         1         3           0.0242287          0.00577432
         2         3         1         3            0.022955          0.00591636
         2         3         1         3           0.0218085          0.00596167
         3         0         1         3            0.455597          0.00806034
         3         0         1         3             0.22872          0.00831815
         3         0         1         3            0.152686          0.00640771
         3         0         1         3            0.114592          0.00671038
         3         0         1         3           0.0917106          0.00640684
         3         0         1         3           0.0764462          0.00662756
         3         0         1         3            0.065538          0.00656922
         3         0         1         3            0.057354          0.00635941
         3         0         1         3           0.0509871          0.00643945
         3         0         1         3           0.0458925          0.00654309
         3         0         1         3           0.0417236          0.00639508
         3         0         1         3            0.038249          0.00625653
         3         0         1         3           0.0353086          0.00646385
         3         0         1         3            0.032788          0.00622397
         3         0         1         3           0.0306033          0.00628616
         3         0         1         3           0.0286916          0.00637806
         3         0         1         3           0.0270046          0.00624724
         3         0         1         3           0.0255051          0.00613527
         3         0         1         3           0.0241633          0.00628066
         3         0         1         3           0.0229556          0.00630613
         3         1         1         3            0.465817          0.00744432
         3         1         1         3            0.233962           0.0072998
         3         1         1         3             0.15621          0.00696252
         3         1         1         3            0.117246          0.00711676
         3         1         1         3           0.0938395          0.00708232
         3         1         1         3           0.0782233          0.00681227
         3         1         1         3            0.067063          0.00695771
         3         1         1         3           0.0586896           0.0068266
         3         1         1         3           0.0521752          0.00665725
         3         1         1         3           0.0469624          0.00673508
         3         1         1         3           0.0426966          0.00658665
         3         1         1         3           0.0391412          0.00644488
         3         1         1         3           0.0361325          0.00662957
         3         1         1         3           0.0335533          0.00650873
         3         1         1         3           0.0313177          0.00628553
         3         1         1         3           0.0293615          0.00643521
         3         1         1         3           0.0276353          0.00634997
         3         1         1         3           0.0261007           0.0062063
         3         1         1         3           0.0247277           0.0063476
         3         1         1         3           0.0234919          0.00636866
         3         2         1         3            0.345842          0.00509906
         3         2         1         3            0.163028          0.00485763
         3         2         1         3            0.106652          0.00457282
         3         2         1         3           0.0792472          0.00475681
         3         2         1         3           0.0630471          0.00464424
         3         2         1         3           0.0523462          0.00447693
         3         2         1         3           0.0447507          0.00455276
         3         2         1         3           0.0390802          0.00450907
         3         2         1         3           0.0346851          0.00432141
         3         2         1         3           0.0311786          0.00439259
         3         2         1         3            0.028316          0.00427856
         3         2         1         3           0.0259349          0.00418747
         3         2         1         3           0.0239231          0.00426807
         3         2         1         3            0.022201          0.00418646
         3         2         1         3           0.0207102          0.00402514
         3         2         1         3            0.019407          0.00410219
         3         2         1         3           0.0182581           0.0040134
         3         2         1         3           0.0172376          0.00389862
         3         2         1         3           0.0163252          0.00398468
         3         2         1         3           0.0155045          0.00397546
         3         3         1         3            0.467877          0.00798575
         3         3         1         3            0.232905          0.00855038
         3         3         1         3            0.155042          0.00639173
         3         3         1         3            0.116196          0.00687116
         3         3         1         3            0.092916             0.00657
         3         3         1         3           0.0774073          0.00675575
         3         3         1         3           0.0663352          0.00677063
         3         3         1         3           0.0580341          0.00649982
         3         3         1         3           0.0515796           0.0065818
         3         3         1         3           0.0464171          0.00668942
         3         3         1         3            0.042194          0.00652407
         3         3         1         3           0.0386752          0.00640124
         3         3         1         3           0.0356982          0.00655863
         3         3         1         3           0.0331467          0.00631828
         3         3         1         3           0.0309357           0.0063875
         3         3         1         3           0.0290011          0.00647012
         3         3         1         3           0.0272943          0.00631702
         3         3         1         3           0.0257772          0.00620147
         3         3         1         3           0.0244199          0.00635265
         3         3         1         3           0.0231983          0.00631767
         4         0         1         3            0.610078          0.00768554
         4         0         1         3            0.298979          0.00701317
         4         0         1         3            0.198008          0.00658053
         4         0         1         3            0.148019          0.00642215
         4         0         1         3            0.118183          0.00622678
         4         0         1         3            0.098357          0.00627899
         4         0         1         3           0.0842273          0.00626449
         4         0         1         3           0.0736474           0.0062721
         4         0         1         3           0.0654288          0.00617044
         4         0         1         3           0.0588603           0.0061006
         4         0         1         3           0.0534903          0.00618097
         4         0         1         3           0.0490183          0.00620251
         4         0         1         3           0.0452363          0.00617485
         4         0         1         3           0.0419961          0.00615713
         4         0         1         3           0.0391891          0.00615268
         4         0         1         3           0.0367338          0.00612879
         4         0         1         3            0.034568          0.00601002
         4         0         1         3           0.0326434          0.00598173
         4         0         1         3           0.0309218          0.00606902
         4         0         1         3           0.0293727          0.00608789
         4         1         1         3             0.55079           0.0075212
         4         1         1         3            0.282477          0.00790604
         4         1         1         3            0.189946           0.0068132
         4         1         1         3            0.143078          0.00654953
         4         1         1         3            0.114762           0.0063146
         4         1         1         3           0.0958015          0.00621377
         4         1         1         3            0.082218          0.00614225
         4         1         1         3           0.0720082          0.00622087
         4         1         1         3           0.0640539          0.00620233
         4         1         1         3           0.0576821          0.00615756
         4         1         1         3           0.0524634          0.00612232
         4         1         1         3           0.0481106           0.0061105
         4         1         1         3           0.0444247          0.00610857
         4         1         1         3           0.0412634          0.00608365
         4         1         1         3           0.0385222          0.00597812
         4         1         1         3           0.0361225          0.00594132
         4         1         1         3           0.0340042          0.00604388
         4         1         1         3           0.0321206          0.00605665
         4         1         1         3           0.0304347          0.00601653
         4         1         1         3            0.028917          0.00601632
         4         2         1         3             0.54587          0.00808479
         4         2         1         3            0.272802          0.00790002
         4         2         1         3            0.181838          0.00751535
         4         2         1         3            0.136367          0.00699535
         4         2         1         3            0.109089          0.00691864
         4         2         1         3           0.0909042          0.00705901
         4         2         1         3           0.0779161          0.00691548
         4         2         1         3           0.0681754          0.00687279
         4         2         1         3           0.0605995          0.00667003
         4         2         1         3            0.054539          0.00665225
         4         2         1         3           0.0495805          0.00676093
         4         2         1         3           0.0454484          0.00670929
         4         2         1         3           0.0419521          0.00650314
         4         2         1         3           0.0389553          0.00648397
         4         2         1         3           0.0363581          0.00660212
         4         2         1         3           0.0340856          0.00658265
         4         2         1         3           0.0320805          0.00639031
         4         2         1         3           0.0302981          0.00634814
         4         2         1         3           0.0287034          0.00648812
         4         2         1         3           0.0272682          0.00647748
         4         3         1         3            0.514263          0.00841684
         4         3         1         3            0.266542          0.00773158
         4         3         1         3            0.179889          0.00718161
         4         3         1         3            0.135755          0.00695112
         4         3         1         3            0.109011          0.00660569
         4         3         1         3           0.0910694          0.00654307
         4         3         1         3           0.0781992          0.00666983
         4         3         1         3           0.0685163          0.00667443
         4         3         1         3           0.0609671          0.00651926
         4         3         1         3           0.0549163          0.00638645
         4         3         1         3           0.0499582          0.00651461
         4         3         1         3           0.0458212          0.00650543
         4         3         1         3            0.042317          0.00645785
         4         3         1         3           0.0393107          0.00643791
         4         3         1         3           0.0367031          0.00626761
         4         3         1         3             0.03442          0.00625132
         4         3         1         3           0.0324043          0.00636428
         4         3         1         3           0.0306117          0.00633993
         4         3         1         3           0.0290069          0.00619616
         4         3         1         3           0.0275621          0.00613487
         5         0         1         3            0.525539          0.00793097
         5         0         1         3            0.271816          0.00708156
         5         0         1         3            0.183315          0.00698044
         5         0         1         3            0.138289          0.00671713
         5         0         1         3             0.11102          0.00648388
         5         0         1         3           0.0927339          0.00660814
         5         0         1         3           0.0796198          0.00662719
         5         0         1         3           0.0697553          0.00663684
         5         0         1         3           0.0620656          0.00657258
         5         0         1         3            0.055903           0.0064262
         5         0         1         3           0.0508536          0.00649631
         5         0         1         3           0.0466409          0.00656887
         5         0         1         3           0.0430727          0.00651869
         5         0         1         3           0.0400117          0.00650824
         5         0         1         3           0.0373568          0.00640774
         5         0         1         3           0.0350324          0.00630636
         5         0         1         3           0.0329803          0.00642253
         5         0         1         3           0.0311553           0.0064309
         5         0         1         3           0.0295216          0.00638745
         5         0         1         3           0.0280508          0.00642439
         5         1         1         3            0.827653          0.00845988
         5         1         1         3            0.370446          0.00920875
         5         1         1         3            0.238625          0.00807431
         5         1         1         3            0.175998          0.00786952
         5         1         1         3             0.13941          0.00788901
         5         1         1         3            0.115416          0.00763051
         5         1         1         3           0.0984684          0.00774566
         5         1         1         3           0.0858608          0.00783158
         5         1         1         3           0.0761153          0.00779047
         5         1         1         3           0.0683565          0.00779052
         5         1         1         3           0.0620332          0.00769433
         5         1         1         3           0.0567807          0.00750404
         5         1         1         3           0.0523482          0.00760545
         5         1         1         3           0.0485577          0.00764159
         5         1         1         3            0.045279          0.00754374
         5         1         1         3           0.0424151          0.00751197
         5         1         1         3            0.039892           0.0074505
         5         1         1         3           0.0376521           0.0073527
         5         1         1         3           0.0356504           0.0072698
         5         1         1         3           0.0338508          0.00727842
         5         2         1         3            0.597035           0.0101808
         5         2         1         3             0.31692           0.0101359
         5         2         1         3            0.215712          0.00873214
         5         2         1         3            0.163499          0.00822312
         5         2         1         3            0.131637          0.00811916
         5         2         1         3            0.110168           0.0082113
         5         2         1         3           0.0947193          0.00834613
         5         2         1         3           0.0830707          0.00810819
         5         2         1         3           0.0739734          0.00816107
         5         2         1         3            0.066672          0.00832819
         5         2         1         3           0.0606824          0.00817784
         5         2         1         3           0.0556803           0.0082673
         5         2         1         3           0.0514401          0.00814294
         5         2         1         3              0.0478          0.00791274
         5         2         1         3            0.044641          0.00809186
         5         2         1         3           0.0418736          0.00808985
         5         2         1         3           0.0394294          0.00798248
         5         2         1         3           0.0372547          0.00790388
         5         2         1         3           0.0353074           0.0078676
         5         2         1         3           0.0335536          0.00787543
         5         3         1         3             0.83931           0.0135366
         5         3         1         3            0.475087           0.0124751
         5         3         1         3            0.331312           0.0124944
         5         3         1         3            0.254341            0.012148
         5         3         1         3            0.206392           0.0118728
         5         3         1         3            0.173654           0.0117413
         5         3         1         3             0.14988           0.0115312
         5         3         1         3            0.131832            0.011172
         5         3         1         3            0.117663           0.0112579
         5         3         1         3            0.106244           0.0113906
         5         3         1         3           0.0968459           0.0115227
         5         3         1         3            0.088975           0.0114029
         5         3         1         3           0.0822874           0.0114586
         5         3         1         3           0.0765348           0.0114798
         5         3         1         3            0.071534           0.0113583
         5         3         1         3           0.0671466           0.0111872
         5         3         1         3           0.0632662           0.0112662
         5         3         1         3           0.0598099           0.0113304
         5         3         1         3           0.0567116           0.0112751
         5         3         1         3           0.0539186           0.0112763
         6         0         1         3            0.523842          0.00792422
         6         0         1         3            0.263616          0.00751545
         6         0         1         3            0.176124          0.00668245
         6         0         1         3            0.132236          0.00635133
         6         0         1         3            0.105857          0.00614838
         6         0         1         3           0.0882526          0.00634004
         6         0         1         3           0.0756685          0.00629625
         6         0         1         3           0.0662253          0.00630156
         6         0         1         3           0.0588776          0.00626098
         6         0         1         3           0.0529975          0.00608652
         6         0         1         3           0.0481852          0.00616489
         6         0         1         3           0.0441741          0.00620811
         6         0         1         3           0.0407795          0.00614252
         6         0         1         3           0.0378694          0.00617507
         6         0         1         3            0.035347          0.00604931
         6         0         1         3           0.0331396          0.00594424
         6         0         1         3           0.0311917           0.0060751
         6         0         1         3           0.0294601          0.00606514
         6         0         1         3           0.0279106          0.00604142
         6         0         1         3            0.026516           0.0060706
         6         1         1         3            0.490834          0.00828911
         6         1         1         3            0.263573          0.00803926
         6         1         1         3            0.180158           0.0071102
         6         1         1         3            0.136849          0.00690383
         6         1         1         3            0.110326          0.00676486
         6         1         1         3           0.0924156          0.00694854
         6         1         1         3            0.079508          0.00693919
         6         1         1         3           0.0697641          0.00673891
         6         1         1         3           0.0621478          0.00671134
         6         1         1         3           0.0560308          0.00683876
         6         1         1         3             0.05101          0.00675759
         6         1         1         3            0.046815          0.00676075
         6         1         1         3           0.0432576          0.00669102
         6         1         1         3           0.0402026          0.00650906
         6         1         1         3           0.0375507          0.00658356
         6         1         1         3            0.035227          0.00661154
         6         1         1         3           0.0331741          0.00656076
         6         1         1         3           0.0313473          0.00657438
         6         1         1         3           0.0297112          0.00643651
         6         1         1         3           0.0282374          0.00632051
         6         2         1         3            0.562434          0.00740319
         6         2         1         3             0.28092          0.00723925
         6         2         1         3            0.187214          0.00672849
         6         2         1         3            0.140386          0.00663688
         6         2         1         3            0.112297          0.00652398
         6         2         1         3           0.0935742          0.00647855
         6         2         1         3           0.0802024          0.00648868
         6         2         1         3           0.0701745          0.00651373
         6         2         1         3           0.0623755          0.00642914
         6         2         1         3           0.0561366          0.00640293
         6         2         1         3           0.0510323          0.00626341
         6         2         1         3           0.0467789          0.00609837
         6         2         1         3           0.0431799          0.00616348
         6         2         1         3           0.0400952          0.00616425
         6         2         1         3           0.0374218          0.00607707
         6         2         1         3           0.0350826          0.00601021
         6         2         1         3           0.0330187          0.00597185
         6         2         1         3           0.0311841          0.00590996
         6         2         1         3           0.0295426          0.00575376
         6         2         1         3           0.0280653          0.00571675
         6         3         1         3            0.539542          0.00725548
         6         3         1         3            0.269804          0.00734666
         6         3         1         3            0.179877          0.00658612
         6         3         1         3             0.13491          0.00639788
         6         3         1         3             0.10793          0.00619186
         6         3         1         3            0.089942          0.00608125
         6         3         1         3           0.0770936            0.006162
         6         3         1         3           0.0674572          0.00624005
         6         3         1         3           0.0599622          0.00617736
         6         3         1         3           0.0539661          0.00617697
         6         3         1         3           0.0490602          0.00608993
         6         3         1         3           0.0449719          0.00598791
         6         3         1         3           0.0415126          0.00609591
         6         3         1         3           0.0385475          0.00610014
         6         3         1         3           0.0359777          0.00604044
         6         3         1         3           0.0337291          0.00606825
         6         3         1         3           0.0317451          0.00595579
         6         3         1         3           0.0299815          0.00587342
         6         3         1         3           0.0284035          0.00598437
         6         3         1         3           0.0269834          0.00597861
         7         0         1         3            0.646565          0.00716655
         7         0         1         3            0.301605          0.00684483
         7         0         1         3            0.196674          0.00679015
         7         0         1         3            0.145911          0.00675627
         7         0         1         3            0.115976          0.00654822
         7         0         1         3           0.0962331           0.0064983
         7         0         1         3           0.0822342          0.00652717
         7         0         1         3           0.0717909          0.00659906
         7         0         1         3           0.0637011          0.00652603
         7         0         1         3           0.0572499           0.0065275
         7         0         1         3           0.0519853          0.00641891
         7         0         1         3           0.0476073          0.00626563
         7         0         1         3           0.0439094          0.00636592
         7         0         1         3           0.0407446          0.00639113
         7         0         1         3           0.0380054          0.00632056
         7         0         1         3           0.0356112          0.00627729
         7         0         1         3           0.0335009          0.00616493
         7         0         1         3           0.0316266          0.00608948
         7         0         1         3            0.029951          0.00616168
         7         0         1         3            0.028444          0.00616076
         7         1         1         3            0.547319          0.00813915
         7         1         1         3            0.285287          0.00777021
         7         1         1         3            0.192924          0.00746027
         7         1         1         3             0.14574          0.00715653
         7         1         1         3              0.1171          0.00686135
         7         1         1         3           0.0978681          0.00675799
         7         1         1         3            0.084062          0.00680908
         7         1         1         3           0.0736695          0.00680732
         7         1         1         3            0.065564          0.00671349
         7         1         1         3           0.0590652          0.00672569
         7         1         1         3           0.0537386          0.00658056
         7         1         1         3           0.0492933          0.00645828
         7         1         1         3           0.0455272          0.00659029
         7         1         1         3           0.0422958          0.00658012
         7         1         1         3           0.0394926           0.0065022
         7         1         1         3            0.037038          0.00651011
         7         1         1         3           0.0348706          0.00638338
         7         1         1         3           0.0329428          0.00628418
         7         1         1         3           0.0312171          0.00639616
         7         1         1         3           0.0296631          0.00640704
         7         2         1         3            0.564827           0.0077063
         7         2         1         3            0.293024          0.00732105
         7         2         1         3            0.197827          0.00716728
         7         2         1         3            0.149317          0.00688222
         7         2         1         3            0.119913          0.00675778
         7         2         1         3            0.100184           0.0067966
         7         2         1         3             0.08603          0.00666759
         7         2         1         3           0.0753802          0.00657082
         7         2         1         3           0.0670766          0.00667203
         7         2         1         3           0.0604209          0.00667995
         7         2         1         3           0.0549668          0.00662212
         7         2         1         3           0.0504159          0.00660378
         7         2         1         3           0.0465609          0.00657923
         7         2         1         3           0.0432536          0.00652663
         7         2         1         3           0.0403849          0.00643885
         7         2         1         3           0.0378731          0.00643973
         7         2         1         3           0.0356555          0.00649018
         7         2         1         3           0.0336832          0.00646631
         7         2         1         3           0.0319176          0.00646221
         7         2         1         3            0.030328          0.00644723
         7         3         1         3            0.573731          0.00811411
         7         3         1         3             0.28039          0.00866249
         7         3         1         3             0.18553          0.00730706
         7         3         1         3             0.13863          0.00683995
         7         3         1         3            0.110657          0.00668908
         7         3         1         3           0.0920775          0.00684775
         7         3         1         3           0.0788401          0.00669451
         7         3         1         3           0.0689304          0.00670845
         7         3         1         3           0.0612337          0.00656984
         7         3         1         3           0.0550831          0.00641561
         7         3         1         3           0.0500554          0.00653481
         7         3         1         3           0.0458687          0.00654404
         7         3         1         3           0.0423283          0.00640838
         7         3         1         3           0.0392953          0.00625677
         7         3         1         3           0.0366679          0.00634104
         7         3         1         3           0.0343698          0.00636348
         7         3         1         3           0.0323428          0.00632734
         7         3         1         3           0.0305416          0.00631056
         7         3         1         3           0.0289304          0.00616669
         7         3         1         3           0.0274806          0.00612319
         8         0         1         3            0.591996          0.00671515
         8         0         1         3            0.308489          0.00669919
         8         0         1         3            0.208594          0.00655902
         8         0         1         3             0.15757          0.00643328
         8         0         1         3            0.126601          0.00631465
         8         0         1         3            0.105807          0.00625007
         8         0         1         3           0.0908793          0.00656565
         8         0         1         3           0.0796431          0.00652874
         8         0         1         3           0.0708797          0.00645507
         8         0         1         3           0.0638536          0.00643433
         8         0         1         3           0.0580949          0.00635633
         8         0         1         3           0.0532889          0.00627018
         8         0         1         3           0.0492174          0.00626489
         8         0         1         3           0.0457239          0.00627294
         8         0         1         3           0.0426934          0.00626901
         8         0         1         3           0.0400397          0.00624023
         8         0         1         3           0.0376965          0.00619879
         8         0         1         3           0.0356125          0.00617271
         8         0         1         3           0.0337468          0.00615495
         8         0         1         3           0.0320669          0.00614044
         8         1         1         3            0.681374          0.00626894
         8         1         1         3            0.339147          0.00673144
         8         1         1         3            0.225758          0.00697564
         8         1         1         3            0.169191          0.00700976
         8         1         1         3            0.135292            0.006974
         8         1         1         3            0.112709          0.00688851
         8         1         1         3           0.0965872          0.00696845
         8         1         1         3           0.0845002          0.00687972
         8         1         1         3           0.0751019           0.0068266
         8         1         1         3           0.0675849          0.00677264
         8         1         1         3           0.0614358          0.00671996
         8         1         1         3           0.0563123          0.00667829
         8         1         1         3           0.0519776          0.00664931
         8         1         1         3           0.0482625          0.00658047
         8         1         1         3           0.0450431          0.00642097
         8         1         1         3           0.0422263          0.00637953
         8         1         1         3           0.0397411          0.00646927
         8         1         1         3           0.0375322          0.00646181
         8         1         1         3           0.0355558          0.00638595
         8         1         1         3           0.0337773          0.00633843
         8         2         1         3            0.641374          0.00681701
         8         2         1         3            0.314253          0.00678781
         8         2         1         3             0.20811          0.00671045
         8         2         1         3            0.155566          0.00664288
         8         2         1         3            0.124206          0.00659102
         8         2         1         3            0.103369          0.00631978
         8         2         1         3           0.0885182          0.00692787
         8         2         1         3           0.0773987          0.00679966
         8         2         1         3           0.0687611          0.00660792
         8         2         1         3           0.0618578          0.00655291
         8         2         1         3           0.0562142          0.00665701
         8         2         1         3           0.0515143          0.00662641
         8         2         1         3           0.0475396          0.00657322
         8         2         1         3           0.0441344          0.00659165
         8         2         1         3           0.0411844          0.00643967
         8         2         1         3            0.038604          0.00631138
         8         2         1         3           0.0363279          0.00643265
         8         2         1         3           0.0343053          0.00643509
         8         2         1         3            0.032496          0.00632918
         8         2         1         3            0.030868          0.00629178
         8         3         1         3            0.544971          0.00673753
         8         3         1         3            0.272166          0.00661591
         8         3         1         3            0.181373          0.00645159
         8         3         1         3            0.136003          0.00636441
         8         3         1         3             0.10879          0.00643933
         8         3         1         3           0.0906512          0.00635248
         8         3         1         3           0.0776967          0.00643285
         8         3         1         3           0.0679818          0.00649365
         8         3         1         3           0.0604263          0.00641402
         8         3         1         3           0.0543822          0.00643138
         8         3         1         3           0.0494373          0.00626898
         8         3         1         3           0.0453167          0.00617888
         8         3         1         3           0.0418302          0.00628982
         8         3         1         3           0.0388418          0.00626718
         8         3         1         3            0.036252          0.00623515
         8         3         1         3           0.0339859           0.0061776
         8         3         1         3           0.0319865           0.0059888
         8         3         1         3           0.0302092          0.00599682
         8         3         1         3            0.028619          0.00611699
         8         3         1         3           0.0271879          0.00605801
         9         0         1         3             0.66217          0.00682494
         9         0         1         3            0.320105          0.00703406
         9         0         1         3             0.21107          0.00700027
         9         0         1         3            0.157442          0.00692853
         9         0         1         3            0.125544          0.00695906
         9         0         1         3            0.104394          0.00586895
         9         0         1         3           0.0893423          0.00633073
         9         0         1         3           0.0780842          0.00645378
         9         0         1         3           0.0693458          0.00627401
         9         0         1         3           0.0623664          0.00626551
         9         0         1         3           0.0566635          0.00629177
         9         0         1         3           0.0519161           0.0062805
         9         0         1         3           0.0479027          0.00613671
         9         0         1         3           0.0444654          0.00607365
         9         0         1         3           0.0414883          0.00617499
         9         0         1         3           0.0388848          0.00617526
         9         0         1         3           0.0365888          0.00610603
         9         0         1         3           0.0345488          0.00607284
         9         0         1         3           0.0327243          0.00604245
         9         0         1         3           0.0310828          0.00599847
         9         1         1         3            0.587114          0.00631881
         9         1         1         3            0.293368          0.00628973
         9         1         1         3            0.195537          0.00619125
         9         1         1         3            0.146637          0.00612543
         9         1         1         3            0.117302          0.00595017
         9         1         1         3           0.0977474          0.00560173
         9         1         1         3           0.0837809          0.00634895
         9         1         1         3           0.0733066          0.00622641
         9         1         1         3           0.0651603          0.00603452
         9         1         1         3           0.0586434          0.00598319
         9         1         1         3           0.0533116          0.00602269
         9         1         1         3           0.0488685          0.00603845
         9         1         1         3            0.045109          0.00599129
         9         1         1         3           0.0418866          0.00596683
         9         1         1         3           0.0390939          0.00593807
         9         1         1         3           0.0366504          0.00589553
         9         1         1         3           0.0344943          0.00588618
         9         1         1         3           0.0325778          0.00587047
         9         1         1         3           0.0308631          0.00572394
         9         1         1         3           0.0293198           0.0056624
         9         2         1         3            0.607648          0.00688412
         9         2         1         3            0.313498          0.00686639
         9         2         1         3            0.211241          0.00681503
         9         2         1         3            0.159285          0.00675666
         9         2         1         3            0.127842          0.00672519
         9         2         1         3            0.106766          0.00613331
         9         2         1         3           0.0916555          0.00655003
         9         2         1         3            0.080292          0.00658469
         9         2         1         3           0.0714354          0.00646942
         9         2         1         3           0.0643385          0.00647014
         9         2         1         3           0.0585243          0.00645733
         9         2         1         3           0.0536739           0.0064128
         9         2         1         3           0.0495659          0.00639235
         9         2         1         3           0.0460421          0.00633554
         9         2         1         3            0.042986          0.00620827
         9         2         1         3           0.0403104          0.00619496
         9         2         1         3           0.0379483          0.00626464
         9         2         1         3           0.0358477          0.00624456
         9         2         1         3           0.0339675           0.0061866
         9         2         1         3           0.0322747          0.00614448
         9         3         1         3            0.602767          0.00684045
         9         3         1         3            0.302155          0.00702942
         9         3         1         3            0.201608           0.0069866
         9         3         1         3            0.151271          0.00693608
         9         3         1         3            0.121048          0.00778306
         9         3         1         3             0.10089          0.00683498
         9         3         1         3            0.086488          0.00708833
         9         3         1         3            0.075684          0.00676607
         9         3         1         3           0.0672794          0.00693467
         9         3         1         3           0.0605549          0.00696043
         9         3         1         3           0.0550525          0.00691216
         9         3         1         3           0.0504668          0.00689286
         9         3         1         3           0.0465862          0.00670152
         9         3         1         3           0.0432599          0.00665245
         9         3         1         3           0.0403769          0.00679167
         9         3         1         3           0.0378541          0.00674262
         9         3         1         3           0.0356281          0.00670253
         9         3         1         3           0.0336493          0.00668019
         9         3         1         3           0.0318788          0.00649644
         9         3         1         3           0.0302852           0.0064524
        10         0         1         3            0.822102          0.00704628
        10         0         1         3             0.37967          0.00679081
        10         0         1         3            0.246832           0.0066863
        10         0         1         3            0.182855          0.00656794
        10         0         1         3            0.145216           0.0064008
        10         0         1         3            0.120427          0.00655906
        10         0         1         3            0.102868          0.00645369
        10         0         1         3            0.089777          0.00682406
        10         0         1         3            0.079642          0.00674728
        10         0         1         3           0.0715632          0.00671015
        10         0         1         3           0.0649725          0.00676108
        10         0         1         3           0.0594933          0.00676514
        10         0         1         3           0.0548664          0.00674098
        10         0         1         3           0.0509073           0.0067153
        10         0         1         3           0.0474811          0.00670698
        10         0         1         3            0.044487          0.00671294
        10         0         1         3           0.0418481          0.00671074
        10         0         1         3           0.0395047          0.00667024
        10         0         1         3           0.0374099          0.00655721
        10         0         1         3            0.035526          0.00650585
        10         1         1         3            0.707217          0.00744751
        10         1         1         3            0.345007          0.00734599
        10         1         1         3            0.228155          0.00725337
        10         1         1         3            0.170431          0.00710192
        10         1         1         3            0.136018          0.00814317
        10         1         1         3            0.113167          0.00693122
        10         1         1         3           0.0968902          0.00729722
        10         1         1         3           0.0847066          0.00724467
        10         1         1         3           0.0752448           0.0070938
        10         1         1         3           0.0676844          0.00698889
        10         1         1         3           0.0615046          0.00712034
        10         1         1         3           0.0563589          0.00716552
        10         1         1         3           0.0520077          0.00709804
        10         1         1         3           0.0482802          0.00704663
        10         1         1         3           0.0450513          0.00703995
        10         1         1         3           0.0422272          0.00703452
        10         1         1         3           0.0397363          0.00687088
        10         1         1         3           0.0375229          0.00680233
        10         1         1         3           0.0355431           0.0069327
        10         1         1         3           0.0337617          0.00693237
        10         2         1         3            0.859826          0.00839288
        10         2         1         3             0.40079          0.00868904
        10         2         1         3            0.261293          0.00880414
        10         2         1         3             0.19383           0.0087427
        10         2         1         3            0.154055          0.00830888
        10         2         1         3            0.127824          0.00735276
        10         2         1         3            0.109226          0.00751658
        10         2         1         3           0.0953531           0.0077349
        10         2         1         3           0.0846068          0.00758558
        10         2         1         3           0.0760374          0.00759678
        10         2         1         3           0.0690442          0.00758093
        10         2         1         3            0.063229          0.00751783
        10         2         1         3           0.0583173          0.00752227
        10         2         1         3           0.0541137            0.007471
        10         2         1         3           0.0504753          0.00729739
        10         2         1         3           0.0472954           0.0072799
        10         2         1         3           0.0444924          0.00738569
        10         2         1         3           0.0420031          0.00736687
        10         2         1         3           0.0397775          0.00730767
        10         2         1         3           0.0377759          0.00728463
        10         3         1         3            0.603323          0.00695877
        10         3         1         3            0.303356          0.00681561
        10         3         1         3            0.202617          0.00664481
        10         3         1         3            0.152105          0.00652916
        10         3         1         3            0.121753          0.00651584
        10         3         1         3            0.101499           0.0067673
        10         3         1         3           0.0870225          0.00665091
        10         3         1         3             0.07616          0.00656627
        10         3         1         3           0.0677084          0.00669465
        10         3         1         3           0.0609452           0.0067486
        10         3         1         3           0.0554104          0.00669283
        10         3         1         3           0.0507972          0.00668537
        10         3         1         3           0.0468931          0.00660703
        10         3         1         3           0.0435463          0.00650901
        10         3         1         3           0.0406454          0.00655636
        10         3         1         3           0.0381069          0.00657754
        10         3         1         3           0.0358668            0.006536
        10         3         1         3           0.0338754          0.00648022
        10         3         1         3           0.0320936           0.0064718
        10         3         1         3           0.0304898          0.00646996
        11         0         1         3            0.620558          0.00636223
        11         0         1         3            0.316837          0.00639026
        11         0         1         3            0.212724          0.00637638
        11         0         1         3            0.160111          0.00632513
        11         0         1         3            0.128363          0.00630512
        11         0         1         3            0.107122          0.00610469
        11         0         1         3           0.0919126          0.00662962
        11         0         1         3           0.0804852          0.00668329
        11         0         1         3           0.0715851          0.00658493
        11         0         1         3           0.0644574          0.00659274
        11         0         1         3           0.0586206          0.00659875
        11         0         1         3            0.053753          0.00655723
        11         0         1         3           0.0496319          0.00643616
        11         0         1         3           0.0460976          0.00641451
        11         0         1         3           0.0430333          0.00650466
        11         0         1         3           0.0403509          0.00649846
        11         0         1         3           0.0379834          0.00644506
        11         0         1         3           0.0358782          0.00642286
        11         0         1         3           0.0339942          0.00639514
        11         0         1         3           0.0322981          0.00635608
        11         1         1         3            0.585655          0.00706834
        11         1         1         3            0.290447          0.00678767
        11         1         1         3            0.193108          0.00655021
        11         1         1         3            0.144636          0.00642299
        11         1         1         3            0.115615          0.00635608
        11         1         1         3           0.0962938          0.00657479
        11         1         1         3           0.0825058           0.0064584
        11         1         1         3           0.0721717          0.00649515
        11         1         1         3           0.0641382          0.00653977
        11         1         1         3           0.0577141          0.00653039
        11         1         1         3           0.0524596          0.00649532
        11         1         1         3           0.0480821          0.00644413
        11         1         1         3           0.0443789          0.00637571
        11         1         1         3           0.0412053          0.00638457
        11         1         1         3           0.0384553          0.00644383
        11         1         1         3           0.0360494          0.00642438
        11         1         1         3           0.0339269          0.00637595
        11         1         1         3           0.0320404          0.00632025
        11         1         1         3           0.0303526          0.00626539
        11         1         1         3           0.0288337          0.00629779
        11         2         1         3             0.74387          0.00651379
        11         2         1         3            0.371022          0.00670344
        11         2         1         3            0.247146          0.00673977
        11         2         1         3            0.185284           0.0066519
        11         2         1         3            0.148191          0.00661191
        11         2         1         3            0.123472          0.00668742
        11         2         1         3            0.105821          0.00664736
        11         2         1         3           0.0925852          0.00674329
        11         2         1         3           0.0822924           0.0067435
        11         2         1         3           0.0740591           0.0067302
        11         2         1         3           0.0673235           0.0066418
        11         2         1         3           0.0617109          0.00662396
        11         2         1         3           0.0569621           0.0067157
        11         2         1         3            0.052892          0.00674703
        11         2         1         3           0.0493647          0.00671801
        11         2         1         3           0.0462784           0.0067206
        11         2         1         3           0.0435554          0.00672207
        11         2         1         3            0.041135          0.00669905
        11         2         1         3           0.0389694          0.00666713
        11         2         1         3           0.0370205           0.0066432
        11         3         1         3            0.706316          0.00643347
        11         3         1         3            0.335016          0.00690866
        11         3         1         3            0.219584           0.0069976
        11         3         1         3            0.163313          0.00688931
        11         3         1         3                0.13          0.00659718
        11         3         1         3            0.107974          0.00615375
        11         3         1         3            0.092331          0.00708807
        11         3         1         3           0.0806469          0.00694313
        11         3         1         3           0.0715878          0.00670992
        11         3         1         3           0.0643584          0.00664181
        11         3         1         3           0.0584552          0.00673878
        11         3         1         3           0.0535439          0.00677483
        11         3         1         3           0.0493939          0.00671903
        11         3         1         3            0.045841          0.00668789
        11         3         1         3           0.0427649            0.006691
        11         3         1         3           0.0400757          0.00669592
        11         3         1         3           0.0377046          0.00655816
        11         3         1         3           0.0355985          0.00649087
        11         3         1         3           0.0337152          0.00660223
        11         3         1         3           0.0320212          0.00663322
